18,1.0800
18,1.0800
18,1.0800
18,1.0800
18,1.0800
18,1.0800
18,1.0800
19,1.0800
30,1.0800
30,1.0800
30,1.0800
30,1.0800
30,1.0800
30,1.0800
30,1.0800
40,1.0800
40,1.0800
40,1.0800
41,1.0800
41,1.0800
41,1.0800
41,1.0800
51,1.0800
51,1.0800
51,1.0800
51,1.0800
51,1.0800
51,1.0800
62,1.0800
62,1.0800
62,1.0800
62,1.0800
62,1.0800
62,1.0800
62,1.0800
73,1.0800
73,1.0800
73,1.0800
73,1.0800
73,1.0800
73,1.0800
83,1.0800
83,1.0800
83,1.0800
83,1.0800
83,1.0800
84,1.0800
84,1.0800
94,1.0800
94,1.0800
94,1.0800
94,1.0800
94,1.0800
94,1.0800
94,1.0800
105,1.0800
105,1.0800
105,1.0800
105,1.0800
105,1.0800
105,1.0800
115,1.0800
115,1.0800
116,1.0800
116,1.0800
116,1.0800
116,1.0800
126,1.0800
126,1.0800
126,1.0800
126,1.0800
126,1.0800
126,1.0800
137,1.0800
137,1.0800
137,1.0800
137,1.0800
137,1.0800
137,1.0800
147,1.0800
148,1.0800
148,1.0800
148,1.0800
148,1.0800
148,1.0800
158,1.0800
158,1.0800
158,1.0800
158,1.0800
158,1.0800
158,1.0800
169,1.0800
169,1.0800
169,1.0800
169,1.0800
169,1.0800
169,1.0800
179,1.0800
180,1.0800
180,1.0800
180,1.0800
180,1.0800
180,1.0800
190,1.0800
190,1.0800
190,1.0800
190,1.0800
190,1.0800
190,1.0800
201,1.0800
201,1.0800
201,1.0800
201,1.0800
201,1.0800
201,1.0800
212,1.0800
212,1.0800
212,1.0800
212,1.0800
212,1.0800
212,1.0800
222,1.0800
222,1.0800
222,1.0800
222,1.0800
222,1.0800
223,1.0800
233,1.0800
233,1.0800
233,1.0800
233,1.0800
233,1.0800
233,1.0800
244,1.0800
244,1.0800
244,1.0800
244,1.0800
244,1.0800
244,1.0800
254,1.0800
254,1.0800
254,1.0800
254,1.0800
254,1.0800
255,1.0800
265,1.0800
265,1.0800
265,1.0800
265,1.0800
265,1.0800
265,1.0800
276,1.0800
276,1.0800
276,1.0800
276,1.0800
276,1.0800
276,1.0800
286,1.0800
286,1.0800
286,1.0800
286,1.0800
287,1.0800
287,1.0800
297,1.0800
297,1.0800
297,1.0800
297,1.0800
297,1.0800
297,1.0800
308,1.0800
308,1.0800
308,1.0800
308,1.0800
308,1.0800
308,1.0800
318,1.0800
318,1.0800
318,1.0800
318,1.0800
319,1.0800
319,1.0800
329,1.0800
329,1.0800
329,1.0800
329,1.0800
329,1.0800
329,1.0800
340,1.0800
340,1.0800
340,1.0800
340,1.0800
340,1.0800
340,1.0800
350,1.0800
350,1.0800
350,1.0800
351,1.0800
351,1.0800
351,1.0800
361,1.0800
361,1.0800
361,1.0800
362,1.0800
362,1.0800
372,1.0800
372,1.0800
372,1.0800
372,1.0800
372,1.0800
372,1.0800
383,1.0800
383,1.0800
383,1.0800
383,1.0800
383,1.0800
383,1.0800
393,1.0800
393,1.0800
393,1.0800
393,1.0800
394,1.0800
394,1.0800
404,1.0800
404,1.0800
404,1.0800
404,1.0800
404,1.0800
404,1.0800
415,1.0800
415,1.0800
415,1.0800
415,1.0800
415,1.0800
415,1.0800
425,1.0800
425,1.0800
425,1.0800
426,1.0800
426,1.0800
426,1.0800
436,1.0800
436,1.0800
436,1.0800
437,1.0800
437,1.0800
447,1.0800
447,1.0800
447,1.0800
447,1.0800
447,1.0800
447,1.0800
458,1.0800
458,1.0800
458,1.0800
458,1.0800
458,1.0800
458,1.0800
468,1.0800
468,1.0800
468,1.0800
468,1.0800
469,1.0800
469,1.0800
479,1.0800
479,1.0800
479,1.0800
479,1.0800
479,1.0800
490,1.0800
490,1.0800
490,1.0800
490,1.0800
490,1.0800
490,1.0800
500,1.0800
500,1.0800
500,1.0800
500,1.0800
500,1.0800
501,1.0800
511,1.0800
511,1.0800
511,1.0800
511,1.0800
511,1.0800
511,1.0800
522,1.0800
522,1.0800
522,1.0800
522,1.0800
522,1.0800
522,1.0800
532,1.0800
532,1.0800
532,1.0800
532,1.0800
533,1.0800
533,1.0800
543,1.0800
543,1.0800
543,1.0800
543,1.0800
543,1.0800
543,1.0800
554,1.0800
554,1.0800
554,1.0800
554,1.0800
554,1.0800
554,1.0800
564,1.0800
564,1.0800
564,1.0800
564,1.0800
565,1.0800
565,1.0800
575,1.0800
575,1.0800
575,1.0800
575,1.0800
575,1.0800
575,1.0800
586,1.0800
586,1.0800
586,1.0800
586,1.0800
586,1.0800
586,1.0800
596,1.0800
596,1.0800
596,1.0800
597,1.0800
597,1.0800
597,1.0800
607,1.0800
607,1.0800
607,1.0800
607,1.0800
607,1.0800
607,1.0800
618,1.0800
618,1.0800
618,1.0800
618,1.0800
618,1.0800
618,1.0800
628,1.0800
628,1.0800
628,1.0800
629,1.0800
629,1.0800
629,1.0800
639,1.0800
639,1.0800
639,1.0800
639,1.0800
639,1.0800
639,1.0800
650,1.0800
650,1.0800
650,1.0800
650,1.0800
650,1.0800
660,1.0800
660,1.0800
660,1.0800
660,1.0800
661,1.0800
661,1.0800
671,1.0800
671,1.0800
671,1.0800
671,1.0800
671,1.0800
671,1.0800
682,1.0800
682,1.0800
682,1.0800
682,1.0800
682,1.0800
682,1.0800
692,1.0800
692,1.0800
692,1.0800
693,1.0800
693,1.0800
693,1.0800
703,1.0800
703,1.0800
703,1.0800
703,1.0800
703,1.0800
703,1.0800
714,1.0800
714,1.0800
714,1.0800
714,1.0800
714,1.0800
714,1.0800
724,1.0800
724,1.0800
724,1.0800
725,1.0800
725,1.0800
725,1.0800
735,1.0800
735,1.0800
735,1.0800
735,1.0800
735,1.0800
735,1.0800
746,1.0800
746,1.0800
746,1.0800
746,1.0800
746,1.0800
746,1.0800
756,1.0800
756,1.0800
757,1.0800
757,1.0800
757,1.0800
767,1.0800
767,1.0800
767,1.0800
767,1.0800
767,1.0800
767,1.0800
778,1.0800
778,1.0800
778,1.0800
778,1.0800
778,1.0800
778,1.0800
788,1.0800
788,1.0800
788,1.0800
789,1.0800
789,1.0800
789,1.0800
799,1.0800
799,1.0800
799,1.0800
799,1.0800
799,1.0800
799,1.0800
810,1.0800
810,1.0800
810,1.0800
810,1.0800
810,1.0800
810,1.0800
820,1.0800
820,1.0800
820,1.0800
821,1.0800
821,1.0800
821,1.0800
831,1.0800
831,1.0800
831,1.0800
831,1.0800
831,1.0800
831,1.0800
842,1.0800
842,1.0800
842,1.0800
842,1.0800
842,1.0800
842,1.0800
852,1.0800
852,1.0800
853,1.0800
853,1.0800
853,1.0800
853,1.0800
863,1.0800
863,1.0800
863,1.0800
863,1.0800
863,1.0800
863,1.0800
874,1.0800
874,1.0800
874,1.0800
874,1.0800
874,1.0800
874,1.0800
884,1.0800
884,1.0800
885,1.0800
885,1.0800
885,1.0800
885,1.0800
895,1.0800
895,1.0800
895,1.0800
895,1.0800
895,1.0800
906,1.0800
906,1.0800
906,1.0800
906,1.0800
906,1.0800
906,1.0800
916,1.0800
916,1.0800
916,1.0800
917,1.0800
917,1.0800
917,1.0800
927,1.0800
927,1.0800
927,1.0800
927,1.0800
927,1.0800
927,1.0800
938,1.0800
938,1.0800
938,1.0800
938,1.0800
938,1.0800
938,1.0800
948,1.0800
948,1.0800
949,1.0800
949,1.0800
949,1.0800
949,1.0800
959,1.0800
959,1.0800
959,1.0800
959,1.0800
959,1.0800
959,1.0800
970,1.0800
970,1.0800
970,1.0800
970,1.0800
970,1.0800
970,1.0800
980,1.0800
980,1.0800
981,1.0800
981,1.0800
981,1.0800
981,1.0800
991,1.0800
991,1.0800
991,1.0800
991,1.0800
991,1.0800
991,1.0800
1002,1.0800
1002,1.0800
1002,1.0800
1002,1.0800
1002,1.0800
1012,1.0800
1012,1.0800
1013,1.0800
1013,1.0800
1013,1.0800
1013,1.0800
1023,1.0800
1023,1.0800
1023,1.0800
1023,1.0800
1023,1.0800
1034,1.0800
1034,1.0800
1034,1.0800
1034,1.0800
1034,1.0800
1034,1.0800
1044,1.0800
1044,1.0800
1044,1.0800
1045,1.0800
1045,1.0800
1055,1.0800
1055,1.0800
1055,1.0800
1055,1.0800
1055,1.0800
1065,1.0800
1066,1.0800
1066,1.0800
1066,1.0800
1066,1.0800
1066,1.0800
1076,1.0800
1076,1.0800
1076,1.0800
1076,1.0800
1076,1.0800
1087,1.0800
1087,1.0800
1087,1.0800
1087,1.0800
1087,1.0800
1087,1.0800
1097,1.0800
1098,1.0800
1098,1.0800
1098,1.0800
1098,1.0800
1108,1.0800
1108,1.0800
1108,1.0800
1108,1.0800
1108,1.0800
1108,1.0800
1119,1.0800
1119,1.0800
1119,1.0800
1119,1.0800
1119,1.0800
1129,1.0800
1129,1.0800
1129,1.0800
1129,1.0800
1130,1.0800
1140,1.0800
1140,1.0800
1140,1.0800
1140,1.0800
1140,1.0800
1140,1.0800
1151,1.0800
1151,1.0800
1151,1.0800
1151,1.0800
1151,1.0800
1161,1.0800
1161,1.0800
1161,1.0800
1161,1.0800
1161,1.0800
1161,1.0800
1172,1.0800
1172,1.0800
1172,1.0800
1172,1.0800
1172,1.0800
1182,1.0800
1182,1.0800
1183,1.0800
1183,1.0800
1183,1.0800
1183,1.0800
1193,1.0800
1193,1.0800
1193,1.0800
1193,1.0800
1193,1.0800
1204,1.0800
1204,1.0800
1204,1.0800
1204,1.0800
1204,1.0800
1214,1.0800
1214,1.0800
1214,1.0800
1214,1.0800
1215,1.0800
1215,1.0800
1225,1.0800
1225,1.0800
1225,1.0800
1225,1.0800
1225,1.0800
1236,1.0800
1236,1.0800
1236,1.0800
1236,1.0800
1236,1.0800
1236,1.0800
1246,1.0800
1246,1.0800
1246,1.0800
1246,1.0800
1246,1.0800
1257,1.0800
1257,1.0800
1257,1.0800
1257,1.0800
1257,1.0800
1257,1.0800
1267,1.0800
1268,1.0800
1268,1.0800
1268,1.0800
1268,1.0800
1278,1.0800
1278,1.0800
1278,1.0800
1278,1.0800
1278,1.0800
1289,1.0800
1289,1.0800
1289,1.0800
1289,1.0800
1289,1.0800
1289,1.0800
1299,1.0800
1299,1.0800
1299,1.0800
1300,1.0800
1300,1.0800
1310,1.0800
1310,1.0800
1310,1.0800
1310,1.0800
1310,1.0800
1310,1.0800
1321,1.0800
1321,1.0800
1321,1.0800
1321,1.0800
1321,1.0800
1331,1.0800
1331,1.0800
1331,1.0800
1331,1.0800
1331,1.0800
1332,1.0800
1342,1.0800
1342,1.0800
1342,1.0800
1342,1.0800
1342,1.0800
1352,1.0800
1353,1.0800
1353,1.0800
1353,1.0800
1353,1.0800
1363,1.0800
1363,1.0800
1363,1.0800
1363,1.0800
1363,1.0800
1363,1.0800
1374,1.0800
1374,1.0800
1374,1.0800
1374,1.0800
1374,1.0800
1384,1.0800
1384,1.0800
1384,1.0800
1385,1.0800
1385,1.0800
1385,1.0800
1395,1.0800
1395,1.0800
1395,1.0800
1395,1.0800
1395,1.0800
1406,1.0800
1406,1.0800
1406,1.0800
1406,1.0800
1406,1.0800
1406,1.0800
1416,1.0800
1416,1.0800
1416,1.0800
1416,1.0800
1417,1.0800
1427,1.0800
1427,1.0800
1427,1.0800
1427,1.0800
1427,1.0800
1427,1.0800
1438,1.0800
1438,1.0800
1438,1.0800
1438,1.0800
1438,1.0800
1448,1.0800
1448,1.0800
1448,1.0800
1448,1.0800
1448,1.0800
1448,1.0800
1459,1.0800
1459,1.0800
1459,1.0800
1459,1.0800
1459,1.0800
1469,1.0800
1469,1.0800
1470,1.0800
1470,1.0800
1470,1.0800
1480,1.0800
1480,1.0800
1480,1.0800
1481,1.0800
1481,1.0800
1491,1.0800
1491,1.0800
1491,1.0800
1491,1.0800
1491,1.0800
1502,1.0800
1502,1.0800
1502,1.0800
1502,1.0800
1502,1.0800
1502,1.0800
1512,1.0800
1512,1.0800
1512,1.0800
1512,1.0800
1512,1.0800
1523,1.0800
1523,1.0800
1523,1.0800
1523,1.0800
1523,1.0800
1523,1.0800
1533,1.0800
1534,1.0800
1534,1.0800
1534,1.0800
1534,1.0800
1544,1.0800
1544,1.0800
1544,1.0800
1544,1.0800
1544,1.0800
1544,1.0800
1555,1.0800
1555,1.0800
1555,1.0800
1555,1.0800
1555,1.0800
1565,1.0800
1565,1.0800
1565,1.0800
1566,1.0800
1566,1.0800
1566,1.0800
1576,1.0800
1576,1.0800
1576,1.0800
1576,1.0800
1576,1.0800
1587,1.0800
1587,1.0800
1587,1.0800
1587,1.0800
1587,1.0800
1587,1.0800
1597,1.0800
1597,1.0800
1597,1.0800
1597,1.0800
1598,1.0800
1608,1.0800
1608,1.0800
1608,1.0800
1608,1.0800
1608,1.0800
1618,1.0800
1619,1.0800
1619,1.0800
1619,1.0800
1619,1.0800
1619,1.0800
1629,1.0800
1629,1.0800
1629,1.0800
1629,1.0800
1629,1.0800
1640,1.0800
1640,1.0800
1640,1.0800
1640,1.0800
1640,1.0800
1640,1.0800
1650,1.0800
1650,1.0800
1651,1.0800
1651,1.0800
1651,1.0800
1661,1.0800
1661,1.0800
1661,1.0800
1661,1.0800
1661,1.0800
1661,1.0800
1672,1.0800
1672,1.0800
1672,1.0800
1672,1.0800
1672,1.0800
1682,1.0800
1682,1.0800
1682,1.0800
1682,1.0800
1683,1.0800
1693,1.0800
1693,1.0800
1693,1.0800
1693,1.0800
1693,1.0800
1693,1.0800
1704,1.0800
1704,1.0800
1704,1.0800
1704,1.0800
1704,1.0800
1704,1.0800
1714,1.0800
1714,1.0800
1714,1.0800
1714,1.0800
1714,1.0800
1725,1.0800
1725,1.0800
1725,1.0800
1725,1.0800
1725,1.0800
1735,1.0800
1735,1.0800
1736,1.0800
1736,1.0800
1736,1.0800
1736,1.0800
1746,1.0800
1746,1.0800
1746,1.0800
1746,1.0800
1746,1.0800
1757,1.0800
1757,1.0800
1757,1.0800
1757,1.0800
1757,1.0800
1757,1.0800
1767,1.0800
1767,1.0800
1767,1.0800
1768,1.0800
1768,1.0800
1778,1.0800
1778,1.0800
1778,1.0800
1778,1.0800
1778,1.0800
1778,1.0800
1789,1.0800
1789,1.0800
1789,1.0800
1789,1.0800
1789,1.0800
1799,1.0800
1799,1.0800
1799,1.0800
1799,1.0800
1799,1.0800
1800,1.0800
1810,1.0800
1810,1.0800
1810,1.0800
1810,1.0800
1810,1.0800
1820,1.0800
1821,1.0800
1821,1.0800
1821,1.0800
1821,1.0800
1821,1.0800
1831,1.0800
1831,1.0800
1831,1.0800
1831,1.0800
1831,1.0800
1842,1.0800
1842,1.0800
1842,1.0800
1842,1.0800
1842,1.0800
1842,1.0800
1852,1.0800
1852,1.0800
1853,1.0800
1853,1.0800
1853,1.0800
1863,1.0800
1863,1.0800
1863,1.0800
1863,1.0800
1863,1.0800
1863,1.0800
1874,1.0800
1874,1.0800
1874,1.0800
1874,1.0800
1874,1.0800
1884,1.0800
1884,1.0800
1884,1.0800
1884,1.0800
1885,1.0800
1885,1.0800
1895,1.0800
1895,1.0800
1895,1.0800
1895,1.0800
1895,1.0800
1905,1.0800
1906,1.0800
1906,1.0800
1906,1.0800
1906,1.0800
1906,1.0800
1916,1.0800
1916,1.0800
1916,1.0800
1916,1.0800
1916,1.0800
1927,1.0800
1927,1.0800
1927,1.0800
1927,1.0800
1927,1.0800
1937,1.0800
1937,1.0800
1937,1.0800
1938,1.0800
1938,1.0800
1938,1.0800
1948,1.0800
1948,1.0800
1948,1.0800
1948,1.0800
1948,1.0800
1959,1.0800
1959,1.0800
1959,1.0800
1959,1.0800
1959,1.0800
1959,1.0800
1969,1.0800
1969,1.0800
1969,1.0800
1970,1.0800
1970,1.0800
1980,1.0800
1980,1.0800
1980,1.0800
1980,1.0800
1980,1.0800
1980,1.0800
1991,1.0800
1991,1.0800
1991,1.0800
1991,1.0800
1991,1.0800
2001,1.0800
2001,1.0800
2001,1.0800
2001,1.0800
2001,1.0800
2012,1.0800
2012,1.0800
2012,1.0800
2012,1.0800
2012,1.0800
2012,1.0800
2022,1.0800
2022,1.0800
2023,1.0800
2023,1.0800
2023,1.0800
2023,1.0800
2033,1.0800
2033,1.0800
2033,1.0800
2033,1.0800
2033,1.0800
2044,1.0800
2044,1.0800
2044,1.0800
2044,1.0800
2044,1.0800
2054,1.0800
2054,1.0800
2054,1.0800
2054,1.0800
2055,1.0800
2055,1.0800
2065,1.0800
2065,1.0800
2065,1.0800
2065,1.0800
2065,1.0800
2076,1.0800
2076,1.0800
2076,1.0800
2076,1.0800
2076,1.0800
2076,1.0800
2086,1.0800
2086,1.0800
2086,1.0800
2086,1.0800
2087,1.0800
2097,1.0800
2097,1.0800
2097,1.0800
2097,1.0800
2097,1.0800
2097,1.0800
2107,1.0800
2108,1.0800
2108,1.0800
2108,1.0800
2108,1.0800
2118,1.0800
2118,1.0800
2118,1.0800
2118,1.0800
2118,1.0800
2118,1.0800
2129,1.0800
2129,1.0800
2129,1.0800
2129,1.0800
2129,1.0800
2139,1.0800
2139,1.0800
2139,1.0800
2140,1.0800
2140,1.0800
2150,1.0800
2150,1.0800
2150,1.0800
2150,1.0800
2150,1.0800
2150,1.0800
2161,1.0800
2161,1.0800
2161,1.0800
2161,1.0800
2161,1.0800
2171,1.0800
2171,1.0800
2171,1.0800
2171,1.0800
2171,1.0800
2172,1.0800
2182,1.0800
2182,1.0800
2182,1.0800
2182,1.0800
2182,1.0800
2192,1.0800
2193,1.0800
2193,1.0800
2193,1.0800
2193,1.0800
2193,1.0800
2203,1.0800
2203,1.0800
2203,1.0800
2203,1.0800
2203,1.0800
2214,1.0800
2214,1.0800
2214,1.0800
2214,1.0800
2214,1.0800
2224,1.0800
2224,1.0800
2224,1.0800
2225,1.0800
2225,1.0800
2225,1.0800
2235,1.0800
2235,1.0800
2235,1.0800
2235,1.0800
2235,1.0800
2246,1.0800
2246,1.0800
2246,1.0800
2246,1.0800
2246,1.0800
2246,1.0800
2256,1.0800
2256,1.0800
2256,1.0800
2256,1.0800
2257,1.0800
2267,1.0800
2267,1.0800
2267,1.0800
2267,1.0800
2267,1.0800
2267,1.0800
2278,1.0800
2278,1.0800
2278,1.0800
2278,1.0800
2278,1.0800
2288,1.0800
2288,1.0800
2288,1.0800
2288,1.0800
2288,1.0800
2288,1.0800
2299,1.0800
2299,1.0800
2299,1.0800
2299,1.0800
2299,1.0800
2309,1.0800
2309,1.0800
2310,1.0800
2310,1.0800
2310,1.0800
2320,1.0800
2320,1.0800
2320,1.0800
2320,1.0800
2320,1.0800
2320,1.0800
2331,1.0800
2331,1.0800
2331,1.0800
2331,1.0800
2331,1.0800
2341,1.0800
2341,1.0800
2341,1.0800
2341,1.0800
2342,1.0800
2342,1.0800
2352,1.0800
2352,1.0800
2352,1.0800
2352,1.0800
2352,1.0800
2363,1.0800
2363,1.0800
2363,1.0800
2363,1.0800
2363,1.0800
2363,1.0800
2373,1.0800
2373,1.0800
2373,1.0800
2373,1.0800
2373,1.0800
2384,1.0800
2384,1.0800
2384,1.0800
2384,1.0800
2384,1.0800
2394,1.0800
2394,1.0800
2395,1.0800
2395,1.0800
2395,1.0800
2395,1.0800
2405,1.0800
2405,1.0800
2405,1.0800
2405,1.0800
2405,1.0800
2416,1.0800
2416,1.0800
2416,1.0800
2416,1.0800
2416,1.0800
2416,1.0800
2426,1.0800
2426,1.0800
2426,1.0800
2427,1.0800
2427,1.0800
2437,1.0800
2437,1.0800
2437,1.0800
2437,1.0800
2437,1.0800
2437,1.0800
2448,1.0800
2448,1.0800
2448,1.0800
2448,1.0800
2448,1.0800
2458,1.0800
2458,1.0800
2458,1.0800
2458,1.0800
2458,1.0800
2459,1.0800
2469,1.0800
2469,1.0800
2469,1.0800
2469,1.0800
2469,1.0800
2479,1.0800
2480,1.0800
2480,1.0800
2480,1.0800
2480,1.0800
2480,1.0800
2490,1.0800
2490,1.0800
2490,1.0800
2490,1.0800
2490,1.0800
2501,1.0800
2501,1.0800
2501,1.0800
2501,1.0800
2501,1.0800
2511,1.0800
2511,1.0800
2511,1.0800
2512,1.0800
2512,1.0800
2512,1.0800
2522,1.0800
2522,1.0800
2522,1.0800
2522,1.0800
2522,1.0800
2533,1.0800
2533,1.0800
2533,1.0800
2533,1.0800
2533,1.0800
2533,1.0800
2543,1.0800
2543,1.0800
2543,1.0800
2543,1.0800
2544,1.0800
2554,1.0800
2554,1.0800
2554,1.0800
2554,1.0800
2554,1.0800
2554,1.0800
2565,1.0800
2565,1.0800
2565,1.0800
2565,1.0800
2565,1.0800
2575,1.0800
2575,1.0800
2575,1.0800
2575,1.0800
2575,1.0800
2575,1.0800
2586,1.0800
2586,1.0800
2586,1.0800
2586,1.0800
2586,1.0800
2596,1.0800
2596,1.0800
2597,1.0800
2597,1.0800
2597,1.0800
2607,1.0800
2607,1.0800
2607,1.0800
2607,1.0800
2607,1.0800
2607,1.0800
2618,1.0800
2618,1.0800
2618,1.0800
2618,1.0800
2618,1.0800
2628,1.0800
2628,1.0800
2628,1.0800
2628,1.0800
2629,1.0800
2629,1.0800
2639,1.0800
2639,1.0800
2639,1.0800
2639,1.0800
2639,1.0800
2650,1.0800
2650,1.0800
2650,1.0800
2650,1.0800
2650,1.0800
2650,1.0800
2660,1.0800
2660,1.0800
2660,1.0800
2660,1.0800
2660,1.0800
2671,1.0800
2671,1.0800
2671,1.0800
2671,1.0800
2671,1.0800
2681,1.0800
2681,1.0800
2682,1.0800
2682,1.0800
2682,1.0800
2682,1.0800
2692,1.0800
2692,1.0800
2692,1.0800
2692,1.0800
2692,1.0800
2703,1.0800
2703,1.0800
2703,1.0800
2703,1.0800
2703,1.0800
2703,1.0800
2713,1.0800
2713,1.0800
2713,1.0800
2714,1.0800
2714,1.0800
2724,1.0800
2724,1.0800
2724,1.0800
2724,1.0800
2724,1.0800
2724,1.0800
2735,1.0800
2735,1.0800
2735,1.0800
2735,1.0800
2735,1.0800
2745,1.0800
2745,1.0800
2745,1.0800
2745,1.0800
2745,1.0800
2746,1.0800
2756,1.0800
2756,1.0800
2756,1.0800
2756,1.0800
2756,1.0800
2766,1.0800
2767,1.0800
2767,1.0800
2767,1.0800
2767,1.0800
2767,1.0800
2777,1.0800
2777,1.0800
2777,1.0800
2777,1.0800
2777,1.0800
2788,1.0800
2788,1.0800
2788,1.0800
2788,1.0800
2788,1.0800
2788,1.0800
2798,1.0800
2798,1.0800
2799,1.0800
2799,1.0800
2799,1.0800
2809,1.0800
2809,1.0800
2809,1.0800
2809,1.0800
2809,1.0800
2820,1.0800
2820,1.0800
2820,1.0800
2820,1.0800
2820,1.0800
2820,1.0800
2830,1.0800
2830,1.0800
2830,1.0800
2830,1.0800
2831,1.0800
2841,1.0800
2841,1.0800
2841,1.0800
2841,1.0800
2841,1.0800
2841,1.0800
2851,1.0800
2852,1.0800
2852,1.0800
2852,1.0800
2852,1.0800
2862,1.0800
2862,1.0800
2862,1.0800
2862,1.0800
2862,1.0800
2862,1.0800
2873,1.0800
2873,1.0800
2873,1.0800
2873,1.0800
2873,1.0800
2883,1.0800
2883,1.0800
2883,1.0800
2884,1.0800
2884,1.0800
2884,1.0800
2894,1.0800
2894,1.0800
2894,1.0800
2894,1.0800
2894,1.0800
2905,1.0800
2905,1.0800
2905,1.0800
2905,1.0800
2905,1.0800
2915,1.0800
2915,1.0800
2915,1.0800
2915,1.0800
2915,1.0800
2916,1.0800
2926,1.0800
2926,1.0800
2926,1.0800
2926,1.0800
2926,1.0800
2936,1.0800
2937,1.0800
2937,1.0800
2937,1.0800
2937,1.0800
2937,1.0800
2947,1.0800
2947,1.0800
2947,1.0800
2947,1.0800
2947,1.0800
2958,1.0800
2958,1.0800
2958,1.0800
2958,1.0800
2958,1.0800
2958,1.0800
2968,1.0800
2968,1.0800
2969,1.0800
2969,1.0800
2969,1.0800
2979,1.0800
2979,1.0800
2979,1.0800
2979,1.0800
2979,1.0800
2990,1.0800
2990,1.0800
2990,1.0800
2990,1.0800
2990,1.0800
2990,1.0800
3000,1.0800
3000,1.0800
3000,1.0800
3000,1.0800
3001,1.0800
3011,1.0800
3011,1.0800
3011,1.0800
3011,1.0800
3011,1.0800
3011,1.0800
3022,1.0800
3022,1.0800
3022,1.0800
3022,1.0800
3022,1.0800
3032,1.0800
3032,1.0800
3032,1.0800
3032,1.0800
3032,1.0800
3032,1.0800
3043,1.0800
3043,1.0800
3043,1.0800
3043,1.0800
3043,1.0800
3053,1.0800
3053,1.0800
3054,1.0800
3054,1.0800
3054,1.0800
3054,1.0800
3064,1.0800
3064,1.0800
3064,1.0800
3064,1.0800
3064,1.0800
3075,1.0800
3075,1.0800
3075,1.0800
3075,1.0800
3075,1.0800
3075,1.0800
3085,1.0800
3085,1.0800
3085,1.0800
3086,1.0800
3086,1.0800
3096,1.0800
3096,1.0800
3096,1.0800
3096,1.0800
3096,1.0800
3107,1.0800
3107,1.0800
3107,1.0800
3107,1.0800
3107,1.0800
3107,1.0800
3117,1.0800
3117,1.0800
3117,1.0800
3117,1.0800
3117,1.0800
3128,1.0800
3128,1.0800
3128,1.0800
3128,1.0800
3128,1.0800
3128,1.0800
3138,1.0800
3139,1.0800
3139,1.0800
3139,1.0800
3139,1.0800
3149,1.0800
3149,1.0800
3149,1.0800
3149,1.0800
3149,1.0800
3149,1.0800
3160,1.0800
3160,1.0800
3160,1.0800
3160,1.0800
3160,1.0800
3170,1.0800
3170,1.0800
3170,1.0800
3171,1.0800
3171,1.0800
3181,1.0800
3181,1.0800
3181,1.0800
3181,1.0800
3181,1.0800
3181,1.0800
3192,1.0800
3192,1.0800
3192,1.0800
3192,1.0800
3192,1.0800
3202,1.0800
3202,1.0800
3202,1.0800
3202,1.0800
3202,1.0800
3203,1.0800
3213,1.0800
3213,1.0800
3213,1.0800
3213,1.0800
3213,1.0800
3223,1.0800
3224,1.0800
3224,1.0800
3224,1.0800
3224,1.0800
3224,1.0800
3234,1.0800
3234,1.0800
3234,1.0800
3234,1.0800
3234,1.0800
3245,1.0800
3245,1.0800
3245,1.0800
3245,1.0800
3245,1.0800
3245,1.0800
3255,1.0800
3255,1.0800
3256,1.0800
3256,1.0800
3256,1.0800
3266,1.0800
3266,1.0800
3266,1.0800
3266,1.0800
3266,1.0800
3277,1.0800
3277,1.0800
3277,1.0800
3277,1.0800
3277,1.0800
3277,1.0800
3287,1.0800
3287,1.0800
3287,1.0800
3287,1.0800
3288,1.0800
3298,1.0800
3298,1.0800
3298,1.0800
3298,1.0800
3298,1.0800
3298,1.0800
3309,1.0800
3309,1.0800
3309,1.0800
3309,1.0800
3309,1.0800
3319,1.0800
3319,1.0800
3319,1.0800
3319,1.0800
3319,1.0800
3319,1.0800
3330,1.0800
3330,1.0800
3330,1.0800
3330,1.0800
3330,1.0800
3340,1.0800
3340,1.0800
3341,1.0800
3341,1.0800
3341,1.0800
3341,1.0800
3351,1.0800
3351,1.0800
3351,1.0800
3351,1.0800
3351,1.0800
3362,1.0800
3362,1.0800
3362,1.0800
3362,1.0800
3362,1.0800
3372,1.0800
3372,1.0800
3372,1.0800
3372,1.0800
3373,1.0800
3373,1.0800
3383,1.0800
3383,1.0800
3383,1.0800
3383,1.0800
3383,1.0800
3394,1.0800
3394,1.0800
3394,1.0800
3394,1.0800
3394,1.0800
3394,1.0800
3404,1.0800
3404,1.0800
3404,1.0800
3404,1.0800
3404,1.0800
3415,1.0800
3415,1.0800
3415,1.0800
3415,1.0800
3415,1.0800
3415,1.0800
3425,1.0800
3426,1.0800
3426,1.0800
3426,1.0800
3426,1.0800
3436,1.0800
3436,1.0800
3436,1.0800
3436,1.0800
3436,1.0800
3436,1.0800
3447,1.0800
3447,1.0800
3447,1.0800
3447,1.0800
3447,1.0800
3457,1.0800
3457,1.0800
3457,1.0800
3458,1.0800
3458,1.0800
3458,1.0800
3468,1.0800
3468,1.0800
3468,1.0800
3468,1.0800
3468,1.0800
3479,1.0800
3479,1.0800
3479,1.0800
3479,1.0800
3479,1.0800
3489,1.0800
3489,1.0800
3489,1.0800
3489,1.0800
3489,1.0800
3490,1.0800
3500,1.0800
3500,1.0800
3500,1.0800
3500,1.0800
3500,1.0800
3510,1.0800
3511,1.0800
3511,1.0800
3511,1.0800
3511,1.0800
3511,1.0800
3521,1.0800
3521,1.0800
3521,1.0800
3521,1.0800
3521,1.0800
3532,1.0800
3532,1.0800
3532,1.0800
3532,1.0800
3532,1.0800
3532,1.0800
3542,1.0800
3542,1.0800
3543,1.0800
3543,1.0800
3543,1.0800
3553,1.0800
3553,1.0800
3553,1.0800
3553,1.0800
3553,1.0800
3564,1.0800
3564,1.0800
3564,1.0800
3564,1.0800
3564,1.0800
3564,1.0800
3574,1.0800
3574,1.0800
3574,1.0800
3574,1.0800
3575,1.0800
3585,1.0800
3585,1.0800
3585,1.0800
3585,1.0800
3585,1.0800
3585,1.0800
3596,1.0800
3596,1.0800
3596,1.0800
3596,1.0800
3596,1.0800
3606,1.0800
3606,1.0800
3606,1.0800
3606,1.0800
3606,1.0800
3606,1.0800
3617,1.0800
3617,1.0800
3617,1.0800
3617,1.0800
3617,1.0800
3627,1.0800
3627,1.0800
3627,1.0800
3628,1.0800
3628,1.0800
3628,1.0800
3638,1.0800
3638,1.0800
3638,1.0800
3638,1.0800
3638,1.0800
3649,1.0800
3649,1.0800
3649,1.0800
3649,1.0800
3649,1.0800
3659,1.0800
3659,1.0800
3659,1.0800
3659,1.0800
3659,1.0800
3660,1.0800
3670,1.0800
3670,1.0800
3670,1.0800
3670,1.0800
3670,1.0800
3680,1.0800
3681,1.0800
3681,1.0800
3681,1.0800
3681,1.0800
3681,1.0800
3691,1.0800
3691,1.0800
3691,1.0800
3691,1.0800
3691,1.0800
3702,1.0800
3702,1.0800
3702,1.0800
3702,1.0800
3702,1.0800
3702,1.0800
3712,1.0800
3712,1.0800
3713,1.0800
3713,1.0800
3713,1.0800
3723,1.0800
3723,1.0800
3723,1.0800
3723,1.0800
3723,1.0800
3723,1.0800
3734,1.0800
3734,1.0800
3734,1.0800
3734,1.0800
3734,1.0800
3744,1.0800
3744,1.0800
3744,1.0800
3744,1.0800
3745,1.0800
3755,1.0800
3755,1.0800
3755,1.0800
3755,1.0800
3755,1.0800
3755,1.0800
3766,1.0800
3766,1.0800
3766,1.0800
3766,1.0800
3766,1.0800
3776,1.0800
3776,1.0800
3776,1.0800
3776,1.0800
3776,1.0800
3776,1.0800
3787,1.0800
3787,1.0800
3787,1.0800
3787,1.0800
3787,1.0800
3797,1.0800
3797,1.0800
3798,1.0800
3798,1.0800
3798,1.0800
3798,1.0800
3808,1.0800
3808,1.0800
3808,1.0800
3808,1.0800
3808,1.0800
3819,1.0800
3819,1.0800
3819,1.0800
3819,1.0800
3819,1.0800
3819,1.0800
3829,1.0800
3829,1.0800
3829,1.0800
3830,1.0800
3830,1.0800
3840,1.0800
3840,1.0800
3840,1.0800
3840,1.0800
3840,1.0800
3840,1.0800
3851,1.0800
3851,1.0800
3851,1.0800
3851,1.0800
3851,1.0800
3861,1.0800
3861,1.0800
3861,1.0800
3861,1.0800
3861,1.0800
3872,1.0800
3872,1.0800
3872,1.0800
3872,1.0800
3872,1.0800
3872,1.0800
3882,1.0800
3883,1.0800
3883,1.0800
3883,1.0800
3883,1.0800
3893,1.0800
3893,1.0800
3893,1.0800
3893,1.0800
3893,1.0800
3893,1.0800
3904,1.0800
3904,1.0800
3904,1.0800
3904,1.0800
3904,1.0800
3914,1.0800
3914,1.0800
3914,1.0800
3915,1.0800
3915,1.0800
3915,1.0800
3925,1.0800
3925,1.0800
3925,1.0800
3925,1.0800
3925,1.0800
3936,1.0800
3936,1.0800
3936,1.0800
3936,1.0800
3936,1.0800
3936,1.0800
3946,1.0800
3946,1.0800
3946,1.0800
3946,1.0800
3947,1.0800
3957,1.0800
3957,1.0800
3957,1.0800
3957,1.0800
3957,1.0800
3967,1.0800
3968,1.0800
3968,1.0800
3968,1.0800
3968,1.0800
3968,1.0800
3978,1.0800
3978,1.0800
3978,1.0800
3978,1.0800
3978,1.0800
3989,1.0800
3989,1.0800
3989,1.0800
3989,1.0800
3989,1.0800
3989,1.0800
3999,1.0800
3999,1.0800
4000,1.0800
4000,1.0800
4000,1.0800
4010,1.0800
4010,1.0800
4010,1.0800
4010,1.0800
4010,1.0800
4010,1.0800
4021,1.0800
4021,1.0800
4021,1.0800
4021,1.0800
4021,1.0800
4031,1.0800
4031,1.0800
4031,1.0800
4031,1.0800
4032,1.0800
4032,1.0800
4042,1.0800
4042,1.0800
4042,1.0800
4042,1.0800
4042,1.0800
4053,1.0800
4053,1.0800
4053,1.0800
4053,1.0800
4053,1.0800
4053,1.0800
4063,1.0800
4063,1.0800
4063,1.0800
4063,1.0800
4063,1.0800
4074,1.0800
4074,1.0800
4074,1.0800
4074,1.0800
4074,1.0800
4084,1.0800
4084,1.0800
4085,1.0800
4085,1.0800
4085,1.0800
4085,1.0800
4095,1.0800
4095,1.0800
4095,1.0800
4095,1.0800
4095,1.0800
4106,1.0800
4106,1.0800
4106,1.0800
4106,1.0800
4106,1.0800
4106,1.0800
4116,1.0800
4116,1.0800
4116,1.0800
4117,1.0800
4117,1.0800
4127,1.0800
4127,1.0800
4127,1.0800
4127,1.0800
4127,1.0800
4138,1.0800
4138,1.0800
4138,1.0800
4138,1.0800
4138,1.0800
4138,1.0800
4148,1.0800
4148,1.0800
4148,1.0800
4148,1.0800
4148,1.0800
4159,1.0800
4159,1.0800
4159,1.0800
4159,1.0800
4159,1.0800
4159,1.0800
4169,1.0800
4170,1.0800
4170,1.0800
4170,1.0800
4170,1.0800
4180,1.0800
4180,1.0800
4180,1.0800
4180,1.0800
4180,1.0800
4180,1.0800
4191,1.0800
4191,1.0800
4191,1.0800
4191,1.0800
4191,1.0800
4201,1.0800
4201,1.0800
4201,1.0800
4202,1.0800
4202,1.0800
4202,1.0800
4212,1.0800
4212,1.0800
4212,1.0800
4212,1.0800
4212,1.0800
4223,1.0800
4223,1.0800
4223,1.0800
4223,1.0800
4223,1.0800
4223,1.0800
4233,1.0800
4233,1.0800
4233,1.0800
4233,1.0800
4234,1.0800
4244,1.0800
4244,1.0800
4244,1.0800
4244,1.0800
4244,1.0800
4244,1.0800
4255,1.0800
4255,1.0800
4255,1.0800
4255,1.0800
4255,1.0800
4265,1.0800
4265,1.0800
4265,1.0800
4265,1.0800
4265,1.0800
4265,1.0800
4276,1.0800
4276,1.0800
4276,1.0800
4276,1.0800
4276,1.0800
4286,1.0800
4286,1.0800
4287,1.0800
4287,1.0800
4287,1.0800
4297,1.0800
4297,1.0800
4297,1.0800
4297,1.0800
4297,1.0800
4297,1.0800
4308,1.0800
4308,1.0800
4308,1.0800
4308,1.0800
4308,1.0800
4318,1.0800
4318,1.0800
4318,1.0800
4318,1.0800
4319,1.0800
4319,1.0800
4329,1.0800
4329,1.0800
4329,1.0800
4329,1.0800
4329,1.0800
4340,1.0800
4340,1.0800
4340,1.0800
4340,1.0800
4340,1.0800
4340,1.0800
4350,1.0800
4350,1.0800
4350,1.0800
4350,1.0800
4350,1.0800
4361,1.0800
4361,1.0800
4361,1.0800
4361,1.0800
4361,1.0800
4371,1.0800
4371,1.0800
4372,1.0800
4372,1.0800
4372,1.0800
4372,1.0800
4382,1.0800
4382,1.0800
4382,1.0800
4382,1.0800
4382,1.0800
4393,1.0800
4393,1.0800
4393,1.0800
4393,1.0800
4393,1.0800
4393,1.0800
4403,1.0800
4403,1.0800
4403,1.0800
4404,1.0800
4404,1.0800
4414,1.0800
4414,1.0800
4414,1.0800
4414,1.0800
4414,1.0800
4414,1.0800
4425,1.0800
4425,1.0800
4425,1.0800
4425,1.0800
4425,1.0800
4435,1.0800
4435,1.0800
4435,1.0800
4435,1.0800
4435,1.0800
4436,1.0800
4446,1.0800
4446,1.0800
4446,1.0800
4446,1.0800
4446,1.0800
4456,1.0800
4457,1.0800
4457,1.0800
4457,1.0800
4457,1.0800
4457,1.0800
4467,1.0800
4467,1.0800
4467,1.0800
4467,1.0800
4467,1.0800
4478,1.0800
4478,1.0800
4478,1.0800
4478,1.0800
4478,1.0800
4488,1.0800
4488,1.0800
4488,1.0800
4488,1.0800
4489,1.0800
4489,1.0800
4499,1.0800
4499,1.0800
4499,1.0800
4499,1.0800
4499,1.0800
4510,1.0800
4510,1.0800
4510,1.0800
4510,1.0800
4510,1.0800
4510,1.0800
4520,1.0800
4520,1.0800
4520,1.0800
4520,1.0800
4521,1.0800
4531,1.0800
4531,1.0800
4531,1.0800
4531,1.0800
4531,1.0800
4531,1.0800
4541,1.0800
4542,1.0800
4542,1.0800
4542,1.0800
4542,1.0800
4552,1.0800
4552,1.0800
4552,1.0800
4552,1.0800
4552,1.0800
4563,1.0800
4563,1.0800
4563,1.0800
4563,1.0800
4563,1.0800
4563,1.0800
4573,1.0800
4573,1.0800
4573,1.0800
4574,1.0800
4574,1.0800
4584,1.0800
4584,1.0800
4584,1.0800
4584,1.0800
4584,1.0800
4584,1.0800
4595,1.0800
4595,1.0800
4595,1.0800
4595,1.0800
4595,1.0800
4605,1.0800
4605,1.0800
4605,1.0800
4605,1.0800
4605,1.0800
4606,1.0800
4616,1.0800
4616,1.0800
4616,1.0800
4616,1.0800
4616,1.0800
4626,1.0800
4627,1.0800
4627,1.0800
4627,1.0800
4627,1.0800
4627,1.0800
4637,1.0800
4637,1.0800
4637,1.0800
4637,1.0800
4637,1.0800
4648,1.0800
4648,1.0800
4648,1.0800
4648,1.0800
4648,1.0800
4658,1.0800
4658,1.0800
4658,1.0800
4659,1.0800
4659,1.0800
4659,1.0800
4669,1.0800
4669,1.0800
4669,1.0800
4669,1.0800
4669,1.0800
4680,1.0800
4680,1.0800
4680,1.0800
4680,1.0800
4680,1.0800
4680,1.0800
4690,1.0800
4690,1.0800
4690,1.0800
4690,1.0800
4691,1.0800
4701,1.0800
4701,1.0800
4701,1.0800
4701,1.0800
4701,1.0800
4701,1.0800
4712,1.0800
4712,1.0800
4712,1.0800
4712,1.0800
4712,1.0800
4722,1.0800
4722,1.0800
4722,1.0800
4722,1.0800
4722,1.0800
4722,1.0800
4733,1.0800
4733,1.0800
4733,1.0800
4733,1.0800
4733,1.0800
4743,1.0800
4743,1.0800
4744,1.0800
4744,1.0800
4744,1.0800
4744,1.0800
4754,1.0800
4754,1.0800
4754,1.0800
4754,1.0800
4754,1.0800
4765,1.0800
4765,1.0800
4765,1.0800
4765,1.0800
4765,1.0800
4775,1.0800
4775,1.0800
4775,1.0800
4775,1.0800
4776,1.0800
4776,1.0800
4786,1.0800
4786,1.0800
4786,1.0800
4786,1.0800
4786,1.0800
4797,1.0800
4797,1.0800
4797,1.0800
4797,1.0800
4797,1.0800
4797,1.0800
4807,1.0800
4807,1.0800
4807,1.0800
4807,1.0800
4807,1.0800
4818,1.0800
4818,1.0800
4818,1.0800
4818,1.0800
4818,1.0800
4818,1.0800
4828,1.0800
4829,1.0800
4829,1.0800
4829,1.0800
4829,1.0800
4839,1.0800
4839,1.0800
4839,1.0800
4839,1.0800
4839,1.0800
4839,1.0800
4850,1.0800
4850,1.0800
4850,1.0800
4850,1.0800
4850,1.0800
4860,1.0800
4860,1.0800
4860,1.0800
4861,1.0800
4861,1.0800
4861,1.0800
4871,1.0800
4871,1.0800
4871,1.0800
4871,1.0800
4871,1.0800
4882,1.0800
4882,1.0800
4882,1.0800
4882,1.0800
4882,1.0800
4892,1.0800
4892,1.0800
4892,1.0800
4892,1.0800
4892,1.0800
4893,1.0800
4903,1.0800
4903,1.0800
4903,1.0800
4903,1.0800
4903,1.0800
4913,1.0800
4914,1.0800
4914,1.0800
4914,1.0800
4914,1.0800
4914,1.0800
4924,1.0800
4924,1.0800
4924,1.0800
4924,1.0800
4924,1.0800
4935,1.0800
4935,1.0800
4935,1.0800
4935,1.0800
4935,1.0800
4935,1.0800
4945,1.0800
4945,1.0800
4946,1.0800
4946,1.0800
4946,1.0800
4956,1.0800
4956,1.0800
4956,1.0800
4956,1.0800
4956,1.0800
4956,1.0800
4967,1.0800
4967,1.0800
4967,1.0800
4967,1.0800
4967,1.0800
4977,1.0800
4977,1.0800
4977,1.0800
4977,1.0800
4978,1.0800
4988,1.0800
4988,1.0800
4988,1.0800
4988,1.0800
4988,1.0800
4988,1.0800
4999,1.0800
4999,1.0800
4999,1.0800
4999,1.0800
4999,1.0800
4999,1.0800
5009,1.0800
5009,1.0800
5009,1.0800
5009,1.0800
5009,1.0800
5020,1.8100
5020,1.8100
5020,1.8100
5020,1.8100
5020,1.8100
5030,1.8100
5030,1.8100
5031,1.8100
5031,1.8100
5031,1.8100
5031,1.8100
5041,1.8100
5041,1.8100
5041,1.8100
5041,1.8100
5041,1.8100
5052,1.8100
5052,1.8100
5052,1.8100
5052,1.8100
5052,1.8100
5052,1.8100
5062,1.8100
5062,1.8100
5062,1.8100
5063,1.8100
5063,1.8100
5073,1.8100
5073,1.8100
5073,1.8100
5073,1.8100
5073,1.8100
5073,1.8100
5084,1.8100
5084,1.8100
5084,1.8100
5084,1.8100
5084,1.8100
5094,1.8100
5094,1.8100
5094,1.8100
5094,1.8100
5094,1.8100
5095,1.8100
5105,1.8100
5105,1.8100
5105,1.8100
5105,1.8100
5105,1.8100
5115,1.8100
5116,1.8100
5116,1.8100
5116,1.8100
5116,1.8100
5116,1.8100
5126,1.8100
5126,1.8100
5126,1.8100
5126,1.8100
5126,1.8100
5137,1.8100
5137,1.8100
5137,1.8100
5137,1.8100
5137,1.8100
5137,1.8100
5147,1.8100
5147,1.8100
5148,1.8100
5148,1.8100
5148,1.8100
5158,1.8100
5158,1.8100
5158,1.8100
5158,1.8100
5158,1.8100
5158,1.8100
5169,1.8100
5169,1.8100
5169,1.8100
5169,1.8100
5169,1.8100
5179,1.8100
5179,1.8100
5179,1.8100
5179,1.8100
5180,1.8100
5190,1.8100
5190,1.8100
5190,1.8100
5190,1.8100
5190,1.8100
5190,1.8100
5201,1.8100
5201,1.8100
5201,1.8100
5201,1.8100
5201,1.8100
5211,1.8100
5211,1.8100
5211,1.8100
5211,1.8100
5211,1.8100
5211,1.8100
5222,1.8100
5222,1.8100
5222,1.8100
5222,1.8100
5222,1.8100
5232,1.8100
5232,1.8100
5233,1.8100
5233,1.8100
5233,1.8100
5233,1.8100
5243,1.8100
5243,1.8100
5243,1.8100
5243,1.8100
5243,1.8100
5254,1.8100
5254,1.8100
5254,1.8100
5254,1.8100
5254,1.8100
5254,1.8100
5264,1.8100
5264,1.8100
5264,1.8100
5265,1.8100
5265,1.8100
5275,1.8100
5275,1.8100
5275,1.8100
5275,1.8100
5275,1.8100
5285,1.8100
5286,1.8100
5286,1.8100
5286,1.8100
5286,1.8100
5286,1.8100
5296,1.8100
5296,1.8100
5296,1.8100
5296,1.8100
5296,1.8100
5307,1.8100
5307,1.8100
5307,1.8100
5307,1.8100
5307,1.8100
5307,1.8100
5317,1.8100
5318,1.8100
5318,1.8100
5318,1.8100
5318,1.8100
5328,1.8100
5328,1.8100
5328,1.8100
5328,1.8100
5328,1.8100
5328,1.8100
5339,1.8100
5339,1.8100
5339,1.8100
5339,1.8100
5339,1.8100
5349,1.8100
5349,1.8100
5349,1.8100
5350,1.8100
5350,1.8100
5350,1.8100
5360,1.8100
5360,1.8100
5360,1.8100
5360,1.8100
5360,1.8100
5371,1.8100
5371,1.8100
5371,1.8100
5371,1.8100
5371,1.8100
5371,1.8100
5381,1.8100
5381,1.8100
5381,1.8100
5381,1.8100
5382,1.8100
5392,1.8100
5392,1.8100
5392,1.8100
5392,1.8100
5392,1.8100
5392,1.8100
5403,1.8100
5403,1.8100
5403,1.8100
5403,1.8100
5403,1.8100
5413,1.8100
5413,1.8100
5413,1.8100
5413,1.8100
5413,1.8100
5413,1.8100
5424,1.8100
5424,1.8100
5424,1.8100
5424,1.8100
5424,1.8100
5434,1.8100
5434,1.8100
5435,1.8100
5435,1.8100
5435,1.8100
5435,1.8100
5445,1.8100
5445,1.8100
5445,1.8100
5445,1.8100
5445,1.8100
5456,1.8100
5456,1.8100
5456,1.8100
5456,1.8100
5456,1.8100
5456,1.8100
5466,1.8100
5466,1.8100
5466,1.8100
5467,1.8100
5467,1.8100
5477,1.8100
5477,1.8100
5477,1.8100
5477,1.8100
5477,1.8100
5477,1.8100
5488,1.8100
5488,1.8100
5488,1.8100
5488,1.8100
5488,1.8100
5498,1.8100
5498,1.8100
5498,1.8100
5498,1.8100
5498,1.8100
5499,1.8100
5509,1.8100
5509,1.8100
5509,1.8100
5509,1.8100
5509,1.8100
5519,1.8100
5520,1.8100
5520,1.8100
5520,1.8100
5520,1.8100
5520,1.8100
5530,1.8100
5530,1.8100
5530,1.8100
5530,1.8100
5530,1.8100
5541,1.8100
5541,1.8100
5541,1.8100
5541,1.8100
5541,1.8100
5541,1.8100
5551,1.8100
5551,1.8100
5552,1.8100
5552,1.8100
5552,1.8100
5562,1.8100
5562,1.8100
5562,1.8100
5562,1.8100
5562,1.8100
5562,1.8100
5573,1.8100
5573,1.8100
5573,1.8100
5573,1.8100
5573,1.8100
5583,1.8100
5583,1.8100
5583,1.8100
5583,1.8100
5584,1.8100
5584,1.8100
5594,1.8100
5594,1.8100
5594,1.8100
5594,1.8100
5594,1.8100
5605,1.8100
5605,1.8100
5605,1.8100
5605,1.8100
5605,1.8100
5605,1.8100
5615,1.8100
5615,1.8100
5615,1.8100
5615,1.8100
5615,1.8100
5626,1.8100
5626,1.8100
5626,1.8100
5626,1.8100
5626,1.8100
5626,1.8100
5636,1.8100
5637,1.8100
5637,1.8100
5637,1.8100
5637,1.8100
5647,1.8100
5647,1.8100
5647,1.8100
5647,1.8100
5647,1.8100
5647,1.8100
5658,1.8100
5658,1.8100
5658,1.8100
5658,1.8100
5658,1.8100
5668,1.8100
5668,1.8100
5668,1.8100
5669,1.8100
5669,1.8100
5679,1.8100
5679,1.8100
5679,1.8100
5679,1.8100
5679,1.8100
5679,1.8100
5690,1.8100
5690,1.8100
5690,1.8100
5690,1.8100
5690,1.8100
5700,1.8100
5700,1.8100
5700,1.8100
5700,1.8100
5700,1.8100
5701,1.8100
5711,1.8100
5711,1.8100
5711,1.8100
5711,1.8100
5711,1.8100
5721,1.8100
5722,1.8100
5722,1.8100
5722,1.8100
5722,1.8100
5722,1.8100
5732,1.8100
5732,1.8100
5732,1.8100
5732,1.8100
5732,1.8100
5743,1.8100
5743,1.8100
5743,1.8100
5743,1.8100
5743,1.8100
5743,1.8100
5753,1.8100
5753,1.8100
5754,1.8100
5754,1.8100
5754,1.8100
5764,1.8100
5764,1.8100
5764,1.8100
5764,1.8100
5764,1.8100
5764,1.8100
5775,1.8100
5775,1.8100
5775,1.8100
5775,1.8100
5775,1.8100
5785,1.8100
5785,1.8100
5785,1.8100
5785,1.8100
5786,1.8100
5786,1.8100
5796,1.8100
5796,1.8100
5796,1.8100
5796,1.8100
5796,1.8100
5807,1.8100
5807,1.8100
5807,1.8100
5807,1.8100
5807,1.8100
5807,1.8100
5817,1.8100
5817,1.8100
5817,1.8100
5817,1.8100
5817,1.8100
5828,1.8100
5828,1.8100
5828,1.8100
5828,1.8100
5828,1.8100
5828,1.8100
5838,1.8100
5839,1.8100
5839,1.8100
5839,1.8100
5839,1.8100
5849,1.8100
5849,1.8100
5849,1.8100
5849,1.8100
5849,1.8100
5860,1.8100
5860,1.8100
5860,1.8100
5860,1.8100
5860,1.8100
5860,1.8100
5870,1.8100
5870,1.8100
5870,1.8100
5871,1.8100
5871,1.8100
5881,1.8100
5881,1.8100
5881,1.8100
5881,1.8100
5881,1.8100
5881,1.8100
5892,1.8100
5892,1.8100
5892,1.8100
5892,1.8100
5892,1.8100
5902,1.8100
5902,1.8100
5902,1.8100
5902,1.8100
5902,1.8100
5903,1.8100
5913,1.8100
5913,1.8100
5913,1.8100
5913,1.8100
5913,1.8100
5923,1.8100
5923,1.8100
5924,1.8100
5924,1.8100
5924,1.8100
5924,1.8100
5934,1.8100
5934,1.8100
5934,1.8100
5934,1.8100
5934,1.8100
5945,1.8100
5945,1.8100
5945,1.8100
5945,1.8100
5945,1.8100
5945,1.8100
5955,1.8100
5955,1.8100
5956,1.8100
5956,1.8100
5956,1.8100
5966,1.8100
5966,1.8100
5966,1.8100
5966,1.8100
5966,1.8100
5966,1.8100
5977,1.8100
5977,1.8100
5977,1.8100
5977,1.8100
5977,1.8100
5987,1.8100
5987,1.8100
5987,1.8100
5987,1.8100
5988,1.8100
5998,1.8100
5998,1.8100
5998,1.8100
5998,1.8100
5998,1.8100
5998,1.8100
6008,1.8100
6009,1.8100
6009,1.8100
6009,1.8100
6009,1.8100
6019,1.8100
6019,1.8100
6019,1.8100
6019,1.8100
6019,1.8100
6019,1.8100
6030,1.8100
6030,1.8100
6030,1.8100
6030,1.8100
6030,1.8100
6040,1.8100
6040,1.8100
6040,1.8100
6041,1.8100
6041,1.8100
6041,1.8100
6051,1.8100
6051,1.8100
6051,1.8100
6051,1.8100
6051,1.8100
6062,1.8100
6062,1.8100
6062,1.8100
6062,1.8100
6062,1.8100
6062,1.8100
6072,1.8100
6072,1.8100
6072,1.8100
6073,1.8100
6073,1.8100
6083,1.8100
6083,1.8100
6083,1.8100
6083,1.8100
6083,1.8100
6083,1.8100
6094,1.8100
6094,1.8100
6094,1.8100
6094,1.8100
6094,1.8100
6104,1.8100
6104,1.8100
6104,1.8100
6104,1.8100
6104,1.8100
6115,1.8100
6115,1.8100
6115,1.8100
6115,1.8100
6115,1.8100
6115,1.8100
6125,1.8100
6125,1.8100
6126,1.8100
6126,1.8100
6126,1.8100
6136,1.8100
6136,1.8100
6136,1.8100
6136,1.8100
6136,1.8100
6136,1.8100
6147,1.8100
6147,1.8100
6147,1.8100
6147,1.8100
6147,1.8100
6157,1.8100
6157,1.8100
6157,1.8100
6157,1.8100
6158,1.8100
6158,1.8100
6168,1.8100
6168,1.8100
6168,1.8100
6168,1.8100
6168,1.8100
6179,1.8100
6179,1.8100
6179,1.8100
6179,1.8100
6179,1.8100
6179,1.8100
6189,1.8100
6189,1.8100
6189,1.8100
6189,1.8100
6189,1.8100
6200,1.8100
6200,1.8100
6200,1.8100
6200,1.8100
6200,1.8100
6210,1.8100
6210,1.8100
6211,1.8100
6211,1.8100
6211,1.8100
6211,1.8100
6221,1.8100
6221,1.8100
6221,1.8100
6221,1.8100
6221,1.8100
6232,1.8100
6232,1.8100
6232,1.8100
6232,1.8100
6232,1.8100
6232,1.8100
6242,1.8100
6242,1.8100
6242,1.8100
6243,1.8100
6243,1.8100
6253,1.8100
6253,1.8100
6253,1.8100
6253,1.8100
6253,1.8100
6253,1.8100
6264,1.8100
6264,1.8100
6264,1.8100
6264,1.8100
6264,1.8100
6274,1.8100
6274,1.8100
6274,1.8100
6274,1.8100
6274,1.8100
6275,1.8100
6285,1.8100
6285,1.8100
6285,1.8100
6285,1.8100
6285,1.8100
6295,1.8100
6296,1.8100
6296,1.8100
6296,1.8100
6296,1.8100
6296,1.8100
6306,1.8100
6306,1.8100
6306,1.8100
6306,1.8100
6306,1.8100
6317,1.8100
6317,1.8100
6317,1.8100
6317,1.8100
6317,1.8100
6317,1.8100
6327,1.8100
6327,1.8100
6328,1.8100
6328,1.8100
6328,1.8100
6338,1.8100
6338,1.8100
6338,1.8100
6338,1.8100
6338,1.8100
6349,1.8100
6349,1.8100
6349,1.8100
6349,1.8100
6349,1.8100
6349,1.8100
6359,1.8100
6359,1.8100
6359,1.8100
6359,1.8100
6360,1.8100
6370,1.8100
6370,1.8100
6370,1.8100
6370,1.8100
6370,1.8100
6370,1.8100
6381,1.8100
6381,1.8100
6381,1.8100
6381,1.8100
6381,1.8100
6391,1.8100
6391,1.8100
6391,1.8100
6391,1.8100
6391,1.8100
6391,1.8100
6402,1.8100
6402,1.8100
6402,1.8100
6402,1.8100
6402,1.8100
6412,1.8100
6412,1.8100
6413,1.8100
6413,1.8100
6413,1.8100
6413,1.8100
6423,1.8100
6423,1.8100
6423,1.8100
6423,1.8100
6423,1.8100
6434,1.8100
6434,1.8100
6434,1.8100
6434,1.8100
6434,1.8100
6434,1.8100
6444,1.8100
6444,1.8100
6444,1.8100
6445,1.8100
6445,1.8100
6455,1.8100
6455,1.8100
6455,1.8100
6455,1.8100
6455,1.8100
6455,1.8100
6466,1.8100
6466,1.8100
6466,1.8100
6466,1.8100
6466,1.8100
6476,1.8100
6476,1.8100
6476,1.8100
6476,1.8100
6476,1.8100
6477,1.8100
6487,1.8100
6487,1.8100
6487,1.8100
6487,1.8100
6487,1.8100
6497,1.8100
6498,1.8100
6498,1.8100
6498,1.8100
6498,1.8100
6498,1.8100
6508,1.8100
6508,1.8100
6508,1.8100
6508,1.8100
6508,1.8100
6519,1.8100
6519,1.8100
6519,1.8100
6519,1.8100
6519,1.8100
6519,1.8100
6529,1.8100
6529,1.8100
6530,1.8100
6530,1.8100
6530,1.8100
6540,1.8100
6540,1.8100
6540,1.8100
6540,1.8100
6540,1.8100
6540,1.8100
6551,1.8100
6551,1.8100
6551,1.8100
6551,1.8100
6551,1.8100
6561,1.8100
6561,1.8100
6561,1.8100
6561,1.8100
6562,1.8100
6572,1.8100
6572,1.8100
6572,1.8100
6572,1.8100
6572,1.8100
6572,1.8100
6583,1.8100
6583,1.8100
6583,1.8100
6583,1.8100
6583,1.8100
6593,1.8100
6593,1.8100
6593,1.8100
6593,1.8100
6593,1.8100
6593,1.8100
6604,1.8100
6604,1.8100
6604,1.8100
6604,1.8100
6604,1.8100
6614,1.8100
6614,1.8100
6615,1.8100
6615,1.8100
6615,1.8100
6615,1.8100
6625,1.8100
6625,1.8100
6625,1.8100
6625,1.8100
6625,1.8100
6636,1.8100
6636,1.8100
6636,1.8100
6636,1.8100
6636,1.8100
6636,1.8100
6646,1.8100
6646,1.8100
6646,1.8100
6647,1.8100
6647,1.8100
6657,1.8100
6657,1.8100
6657,1.8100
6657,1.8100
6657,1.8100
6657,1.8100
6668,1.8100
6668,1.8100
6668,1.8100
6668,1.8100
6668,1.8100
6678,1.8100
6678,1.8100
6678,1.8100
6678,1.8100
6678,1.8100
6689,1.8100
6689,1.8100
6689,1.8100
6689,1.8100
6689,1.8100
6689,1.8100
6699,1.8100
6700,1.8100
6700,1.8100
6700,1.8100
6700,1.8100
6710,1.8100
6710,1.8100
6710,1.8100
6710,1.8100
6710,1.8100
6710,1.8100
6721,1.8100
6721,1.8100
6721,1.8100
6721,1.8100
6721,1.8100
6731,1.8100
6731,1.8100
6731,1.8100
6732,1.8100
6732,1.8100
6732,1.8100
6742,1.8100
6742,1.8100
6742,1.8100
6742,1.8100
6742,1.8100
6753,1.8100
6753,1.8100
6753,1.8100
6753,1.8100
6753,1.8100
6753,1.8100
6763,1.8100
6763,1.8100
6763,1.8100
6763,1.8100
6764,1.8100
6774,1.8100
6774,1.8100
6774,1.8100
6774,1.8100
6774,1.8100
6774,1.8100
6785,1.8100
6785,1.8100
6785,1.8100
6785,1.8100
6785,1.8100
6795,1.8100
6795,1.8100
6795,1.8100
6795,1.8100
6795,1.8100
6795,1.8100
6806,1.8100
6806,1.8100
6806,1.8100
6806,1.8100
6806,1.8100
6816,1.8100
6816,1.8100
6817,1.8100
6817,1.8100
6817,1.8100
6817,1.8100
6827,1.8100
6827,1.8100
6827,1.8100
6827,1.8100
6827,1.8100
6838,1.8100
6838,1.8100
6838,1.8100
6838,1.8100
6838,1.8100
6838,1.8100
6848,1.8100
6848,1.8100
6848,1.8100
6849,1.8100
6849,1.8100
6859,1.8100
6859,1.8100
6859,1.8100
6859,1.8100
6859,1.8100
6859,1.8100
6870,1.8100
6870,1.8100
6870,1.8100
6870,1.8100
6870,1.8100
6880,1.8100
6880,1.8100
6880,1.8100
6880,1.8100
6880,1.8100
6881,1.8100
6891,1.8100
6891,1.8100
6891,1.8100
6891,1.8100
6891,1.8100
6901,1.8100
6902,1.8100
6902,1.8100
6902,1.8100
6902,1.8100
6902,1.8100
6912,1.8100
6912,1.8100
6912,1.8100
6912,1.8100
6912,1.8100
6923,1.8100
6923,1.8100
6923,1.8100
6923,1.8100
6923,1.8100
6923,1.8100
6933,1.8100
6933,1.8100
6934,1.8100
6934,1.8100
6934,1.8100
6944,1.8100
6944,1.8100
6944,1.8100
6944,1.8100
6944,1.8100
6944,1.8100
6955,1.8100
6955,1.8100
6955,1.8100
6955,1.8100
6955,1.8100
6965,1.8100
6965,1.8100
6965,1.8100
6965,1.8100
6966,1.8100
6966,1.8100
6976,1.8100
6976,1.8100
6976,1.8100
6976,1.8100
6976,1.8100
6987,1.8100
6987,1.8100
6987,1.8100
6987,1.8100
6987,1.8100
6987,1.8100
6997,1.8100
6997,1.8100
6997,1.8100
6997,1.8100
6997,1.8100
7008,1.8100
7008,1.8100
7008,1.8100
7008,1.8100
7008,1.8100
7008,1.8100
7018,1.8100
7019,1.8100
7019,1.8100
7019,1.8100
7019,1.8100
7029,1.8100
7029,1.8100
7029,1.8100
7029,1.8100
7029,1.8100
7029,1.8100
7040,1.8100
7040,1.8100
7040,1.8100
7040,1.8100
7040,1.8100
7050,1.8100
7050,1.8100
7050,1.8100
7051,1.8100
7051,1.8100
7051,1.8100
7061,1.8100
7061,1.8100
7061,1.8100
7061,1.8100
7061,1.8100
7072,1.8100
7072,1.8100
7072,1.8100
7072,1.8100
7072,1.8100
7082,1.8100
7082,1.8100
7082,1.8100
7082,1.8100
7082,1.8100
7083,1.8100
7093,1.8100
7093,1.8100
7093,1.8100
7093,1.8100
7093,1.8100
7103,1.8100
7104,1.8100
7104,1.8100
7104,1.8100
7104,1.8100
7104,1.8100
7114,1.8100
7114,1.8100
7114,1.8100
7114,1.8100
7114,1.8100
7125,1.8100
7125,1.8100
7125,1.8100
7125,1.8100
7125,1.8100
7125,1.8100
7135,1.8100
7135,1.8100
7136,1.8100
7136,1.8100
7136,1.8100
7146,1.8100
7146,1.8100
7146,1.8100
7146,1.8100
7146,1.8100
7146,1.8100
7157,1.8100
7157,1.8100
7157,1.8100
7157,1.8100
7157,1.8100
7167,1.8100
7167,1.8100
7167,1.8100
7167,1.8100
7168,1.8100
7168,1.8100
7178,1.8100
7178,1.8100
7178,1.8100
7178,1.8100
7178,1.8100
7189,1.8100
7189,1.8100
7189,1.8100
7189,1.8100
7189,1.8100
7189,1.8100
7199,1.8100
7199,1.8100
7199,1.8100
7199,1.8100
7199,1.8100
7210,1.8100
7210,1.8100
7210,1.8100
7210,1.8100
7210,1.8100
7210,1.8100
7220,1.8100
7221,1.8100
7221,1.8100
7221,1.8100
7221,1.8100
7231,1.8100
7231,1.8100
7231,1.8100
7231,1.8100
7231,1.8100
7231,1.8100
7242,1.8100
7242,1.8100
7242,1.8100
7242,1.8100
7242,1.8100
7252,1.8100
7252,1.8100
7252,1.8100
7253,1.8100
7253,1.8100
7253,1.8100
7263,1.8100
7263,1.8100
7263,1.8100
7263,1.8100
7263,1.8100
7274,1.8100
7274,1.8100
7274,1.8100
7274,1.8100
7274,1.8100
7274,1.8100
7284,1.8100
7284,1.8100
7284,1.8100
7284,1.8100
7285,1.8100
7295,1.8100
7295,1.8100
7295,1.8100
7295,1.8100
7295,1.8100
7295,1.8100
7306,1.8100
7306,1.8100
7306,1.8100
7306,1.8100
7306,1.8100
7316,1.8100
7316,1.8100
7316,1.8100
7316,1.8100
7316,1.8100
7316,1.8100
7327,1.8100
7327,1.8100
7327,1.8100
7327,1.8100
7327,1.8100
7337,1.8100
7337,1.8100
7338,1.8100
7338,1.8100
7338,1.8100
7338,1.8100
7348,1.8100
7348,1.8100
7348,1.8100
7348,1.8100
7348,1.8100
7359,1.8100
7359,1.8100
7359,1.8100
7359,1.8100
7359,1.8100
7359,1.8100
7369,1.8100
7369,1.8100
7369,1.8100
7370,1.8100
7370,1.8100
7380,1.8100
7380,1.8100
7380,1.8100
7380,1.8100
7380,1.8100
7380,1.8100
7391,1.8100
7391,1.8100
7391,1.8100
7391,1.8100
7391,1.8100
7401,1.8100
7401,1.8100
7401,1.8100
7401,1.8100
7401,1.8100
7402,1.8100
7412,1.8100
7412,1.8100
7412,1.8100
7412,1.8100
7412,1.8100
7422,1.8100
7423,1.8100
7423,1.8100
7423,1.8100
7423,1.8100
7423,1.8100
7433,1.8100
7433,1.8100
7433,1.8100
7433,1.8100
7433,1.8100
7444,1.8100
7444,1.8100
7444,1.8100
7444,1.8100
7444,1.8100
7444,1.8100
7454,1.8100
7454,1.8100
7455,1.8100
7455,1.8100
7455,1.8100
7465,1.8100
7465,1.8100
7465,1.8100
7465,1.8100
7465,1.8100
7465,1.8100
7476,1.8100
7476,1.8100
7476,1.8100
7476,1.8100
7476,1.8100
7486,1.8100
7486,1.8100
7486,1.8100
7486,1.8100
7487,1.8100
7487,1.8100
7497,1.8100
7497,1.8100
7497,1.8100
7497,1.8100
7497,1.8100
7508,1.8100
7508,1.8100
7508,1.8100
7508,1.8100
7508,1.8100
7508,1.8100
7518,1.8100
7518,1.8100
7518,1.8100
7518,1.8100
7518,1.8100
7529,1.8100
7529,1.8100
7529,1.8100
7529,1.8100
7529,1.8100
7529,1.8100
7539,1.8100
7540,1.8100
7540,1.8100
7540,1.8100
7540,1.8100
7550,1.8100
7550,1.8100
7550,1.8100
7550,1.8100
7550,1.8100
7550,1.8100
7561,1.8100
7561,1.8100
7561,1.8100
7561,1.8100
7561,1.8100
7571,1.8100
7571,1.8100
7571,1.8100
7572,1.8100
7572,1.8100
7572,1.8100
7582,1.8100
7582,1.8100
7582,1.8100
7582,1.8100
7582,1.8100
7593,1.8100
7593,1.8100
7593,1.8100
7593,1.8100
7593,1.8100
7593,1.8100
7603,1.8100
7603,1.8100
7603,1.8100
7603,1.8100
7604,1.8100
7614,1.8100
7614,1.8100
7614,1.8100
7614,1.8100
7614,1.8100
7614,1.8100
7625,1.8100
7625,1.8100
7625,1.8100
7625,1.8100
7625,1.8100
7635,1.8100
7635,1.8100
7635,1.8100
7635,1.8100
7635,1.8100
7635,1.8100
7646,1.8100
7646,1.8100
7646,1.8100
7646,1.8100
7646,1.8100
7656,1.8100
7656,1.8100
7657,1.8100
7657,1.8100
7657,1.8100
7657,1.8100
7667,1.8100
7667,1.8100
7667,1.8100
7667,1.8100
7667,1.8100
7678,1.8100
7678,1.8100
7678,1.8100
7678,1.8100
7678,1.8100
7678,1.8100
7688,1.8100
7688,1.8100
7688,1.8100
7689,1.8100
7689,1.8100
7699,1.8100
7699,1.8100
7699,1.8100
7699,1.8100
7699,1.8100
7699,1.8100
7710,1.8100
7710,1.8100
7710,1.8100
7710,1.8100
7710,1.8100
7720,1.8100
7720,1.8100
7720,1.8100
7720,1.8100
7720,1.8100
7721,1.8100
7731,1.8100
7731,1.8100
7731,1.8100
7731,1.8100
7731,1.8100
7741,1.8100
7742,1.8100
7742,1.8100
7742,1.8100
7742,1.8100
7742,1.8100
7752,1.8100
7752,1.8100
7752,1.8100
7752,1.8100
7752,1.8100
7763,1.8100
7763,1.8100
7763,1.8100
7763,1.8100
7763,1.8100
7763,1.8100
7773,1.8100
7773,1.8100
7774,1.8100
7774,1.8100
7774,1.8100
7784,1.8100
7784,1.8100
7784,1.8100
7784,1.8100
7784,1.8100
7784,1.8100
7795,1.8100
7795,1.8100
7795,1.8100
7795,1.8100
7795,1.8100
7805,1.8100
7805,1.8100
7805,1.8100
7805,1.8100
7806,1.8100
7806,1.8100
7816,1.8100
7816,1.8100
7816,1.8100
7816,1.8100
7816,1.8100
7827,1.8100
7827,1.8100
7827,1.8100
7827,1.8100
7827,1.8100
7827,1.8100
7837,1.8100
7837,1.8100
7837,1.8100
7837,1.8100
7837,1.8100
7848,1.8100
7848,1.8100
7848,1.8100
7848,1.8100
7848,1.8100
7848,1.8100
7858,1.8100
7859,1.8100
7859,1.8100
7859,1.8100
7859,1.8100
7869,1.8100
7869,1.8100
7869,1.8100
7869,1.8100
7869,1.8100
7880,1.8100
7880,1.8100
7880,1.8100
7880,1.8100
7880,1.8100
7880,1.8100
7890,1.8100
7890,1.8100
7890,1.8100
7891,1.8100
7891,1.8100
7901,1.8100
7901,1.8100
7901,1.8100
7901,1.8100
7901,1.8100
7901,1.8100
7912,1.8100
7912,1.8100
7912,1.8100
7912,1.8100
7912,1.8100
7922,1.8100
7922,1.8100
7922,1.8100
7922,1.8100
7922,1.8100
7923,1.8100
7933,1.8100
7933,1.8100
7933,1.8100
7933,1.8100
7933,1.8100
7943,1.8100
7944,1.8100
7944,1.8100
7944,1.8100
7944,1.8100
7944,1.8100
7954,1.8100
7954,1.8100
7954,1.8100
7954,1.8100
7954,1.8100
7965,1.8100
7965,1.8100
7965,1.8100
7965,1.8100
7965,1.8100
7965,1.8100
7975,1.8100
7975,1.8100
7976,1.8100
7976,1.8100
7976,1.8100
7986,1.8100
7986,1.8100
7986,1.8100
7986,1.8100
7986,1.8100
7986,1.8100
7997,1.8100
7997,1.8100
7997,1.8100
7997,1.8100
7997,1.8100
8007,1.8100
8007,1.8100
8007,1.8100
8007,1.8100
8008,1.8100
8008,1.8100
8018,1.8100
8018,1.8100
8018,1.8100
8018,1.8100
8018,1.8100
8029,1.8100
8029,1.8100
8029,1.8100
8029,1.8100
8029,1.8100
8029,1.8100
8039,1.8100
8039,1.8100
8039,1.8100
8039,1.8100
8039,1.8100
8050,1.8100
8050,1.8100
8050,1.8100
8050,1.8100
8050,1.8100
8050,1.8100
8060,1.8100
8061,1.8100
8061,1.8100
8061,1.8100
8061,1.8100
8071,1.8100
8071,1.8100
8071,1.8100
8071,1.8100
8071,1.8100
8071,1.8100
8082,1.8100
8082,1.8100
8082,1.8100
8082,1.8100
8082,1.8100
8092,1.8100
8092,1.8100
8092,1.8100
8093,1.8100
8093,1.8100
8093,1.8100
8103,1.8100
8103,1.8100
8103,1.8100
8103,1.8100
8103,1.8100
8114,1.8100
8114,1.8100
8114,1.8100
8114,1.8100
8114,1.8100
8114,1.8100
8124,1.8100
8124,1.8100
8124,1.8100
8124,1.8100
8125,1.8100
8135,1.8100
8135,1.8100
8135,1.8100
8135,1.8100
8135,1.8100
8135,1.8100
8146,1.8100
8146,1.8100
8146,1.8100
8146,1.8100
8146,1.8100
8156,1.8100
8156,1.8100
8156,1.8100
8156,1.8100
8156,1.8100
8156,1.8100
8167,1.8100
8167,1.8100
8167,1.8100
8167,1.8100
8167,1.8100
8177,1.8100
8177,1.8100
8178,1.8100
8178,1.8100
8178,1.8100
8178,1.8100
8188,1.8100
8188,1.8100
8188,1.8100
8188,1.8100
8188,1.8100
8199,1.8100
8199,1.8100
8199,1.8100
8199,1.8100
8199,1.8100
8199,1.8100
8209,1.8100
8209,1.8100
8209,1.8100
8210,1.8100
8210,1.8100
8220,1.8100
8220,1.8100
8220,1.8100
8220,1.8100
8220,1.8100
8220,1.8100
8231,1.8100
8231,1.8100
8231,1.8100
8231,1.8100
8231,1.8100
8241,1.8100
8241,1.8100
8241,1.8100
8241,1.8100
8241,1.8100
8242,1.8100
8252,1.8100
8252,1.8100
8252,1.8100
8252,1.8100
8252,1.8100
8262,1.8100
8263,1.8100
8263,1.8100
8263,1.8100
8263,1.8100
8263,1.8100
8273,1.8100
8273,1.8100
8273,1.8100
8273,1.8100
8273,1.8100
8284,1.8100
8284,1.8100
8284,1.8100
8284,1.8100
8284,1.8100
8284,1.8100
8294,1.8100
8294,1.8100
8295,1.8100
8295,1.8100
8295,1.8100
8305,1.8100
8305,1.8100
8305,1.8100
8305,1.8100
8305,1.8100
8305,1.8100
8316,1.8100
8316,1.8100
8316,1.8100
8316,1.8100
8316,1.8100
8326,1.8100
8326,1.8100
8326,1.8100
8326,1.8100
8327,1.8100
8337,1.8100
8337,1.8100
8337,1.8100
8337,1.8100
8337,1.8100
8337,1.8100
8348,1.8100
8348,1.8100
8348,1.8100
8348,1.8100
8348,1.8100
8358,1.8100
8358,1.8100
8358,1.8100
8358,1.8100
8358,1.8100
8358,1.8100
8369,1.8100
8369,1.8100
8369,1.8100
8369,1.8100
8369,1.8100
8379,1.8100
8379,1.8100
8380,1.8100
8380,1.8100
8380,1.8100
8380,1.8100
8390,1.8100
8390,1.8100
8390,1.8100
8390,1.8100
8390,1.8100
8401,1.8100
8401,1.8100
8401,1.8100
8401,1.8100
8401,1.8100
8401,1.8100
8411,1.8100
8411,1.8100
8411,1.8100
8412,1.8100
8412,1.8100
8422,1.8100
8422,1.8100
8422,1.8100
8422,1.8100
8422,1.8100
8422,1.8100
8433,1.8100
8433,1.8100
8433,1.8100
8433,1.8100
8433,1.8100
8443,1.8100
8443,1.8100
8443,1.8100
8443,1.8100
8443,1.8100
8444,1.8100
8454,1.8100
8454,1.8100
8454,1.8100
8454,1.8100
8454,1.8100
8464,1.8100
8465,1.8100
8465,1.8100
8465,1.8100
8465,1.8100
8465,1.8100
8475,1.8100
8475,1.8100
8475,1.8100
8475,1.8100
8475,1.8100
8486,1.8100
8486,1.8100
8486,1.8100
8486,1.8100
8486,1.8100
8496,1.8100
8496,1.8100
8496,1.8100
8497,1.8100
8497,1.8100
8497,1.8100
8507,1.8100
8507,1.8100
8507,1.8100
8507,1.8100
8507,1.8100
8518,1.8100
8518,1.8100
8518,1.8100
8518,1.8100
8518,1.8100
8518,1.8100
8528,1.8100
8528,1.8100
8528,1.8100
8528,1.8100
8529,1.8100
8539,1.8100
8539,1.8100
8539,1.8100
8539,1.8100
8539,1.8100
8539,1.8100
8550,1.8100
8550,1.8100
8550,1.8100
8550,1.8100
8550,1.8100
8560,1.8100
8560,1.8100
8560,1.8100
8560,1.8100
8560,1.8100
8560,1.8100
8571,1.8100
8571,1.8100
8571,1.8100
8571,1.8100
8571,1.8100
8581,1.8100
8581,1.8100
8582,1.8100
8582,1.8100
8582,1.8100
8582,1.8100
8592,1.8100
8592,1.8100
8592,1.8100
8592,1.8100
8592,1.8100
8603,1.8100
8603,1.8100
8603,1.8100
8603,1.8100
8603,1.8100
8603,1.8100
8613,1.8100
8613,1.8100
8613,1.8100
8614,1.8100
8614,1.8100
8624,1.8100
8624,1.8100
8624,1.8100
8624,1.8100
8624,1.8100
8624,1.8100
8635,1.8100
8635,1.8100
8635,1.8100
8635,1.8100
8635,1.8100
8645,1.8100
8645,1.8100
8645,1.8100
8645,1.8100
8645,1.8100
8646,1.8100
8656,1.8100
8656,1.8100
8656,1.8100
8656,1.8100
8656,1.8100
8666,1.8100
8667,1.8100
8667,1.8100
8667,1.8100
8667,1.8100
8667,1.8100
8677,1.8100
8677,1.8100
8677,1.8100
8677,1.8100
8677,1.8100
8688,1.8100
8688,1.8100
8688,1.8100
8688,1.8100
8688,1.8100
8688,1.8100
8698,1.8100
8698,1.8100
8699,1.8100
8699,1.8100
8699,1.8100
8709,1.8100
8709,1.8100
8709,1.8100
8709,1.8100
8709,1.8100
8709,1.8100
8720,1.8100
8720,1.8100
8720,1.8100
8720,1.8100
8720,1.8100
8730,1.8100
8730,1.8100
8730,1.8100
8730,1.8100
8731,1.8100
8731,1.8100
8741,1.8100
8741,1.8100
8741,1.8100
8741,1.8100
8741,1.8100
8752,1.8100
8752,1.8100
8752,1.8100
8752,1.8100
8752,1.8100
8752,1.8100
8762,1.8100
8762,1.8100
8762,1.8100
8762,1.8100
8762,1.8100
8773,1.8100
8773,1.8100
8773,1.8100
8773,1.8100
8773,1.8100
8783,1.8100
8783,1.8100
8784,1.8100
8784,1.8100
8784,1.8100
8784,1.8100
8794,1.8100
8794,1.8100
8794,1.8100
8794,1.8100
8794,1.8100
8805,1.8100
8805,1.8100
8805,1.8100
8805,1.8100
8805,1.8100
8805,1.8100
8815,1.8100
8815,1.8100
8815,1.8100
8816,1.8100
8816,1.8100
8826,1.8100
8826,1.8100
8826,1.8100
8826,1.8100
8826,1.8100
8826,1.8100
8837,1.8100
8837,1.8100
8837,1.8100
8837,1.8100
8837,1.8100
8847,1.8100
8847,1.8100
8847,1.8100
8847,1.8100
8847,1.8100
8848,1.8100
8858,1.8100
8858,1.8100
8858,1.8100
8858,1.8100
8858,1.8100
8868,1.8100
8869,1.8100
8869,1.8100
8869,1.8100
8869,1.8100
8869,1.8100
8879,1.8100
8879,1.8100
8879,1.8100
8879,1.8100
8879,1.8100
8890,1.8100
8890,1.8100
8890,1.8100
8890,1.8100
8890,1.8100
8890,1.8100
8900,1.8100
8900,1.8100
8901,1.8100
8901,1.8100
8901,1.8100
8911,1.8100
8911,1.8100
8911,1.8100
8911,1.8100
8911,1.8100
8911,1.8100
8922,1.8100
8922,1.8100
8922,1.8100
8922,1.8100
8922,1.8100
8932,1.8100
8932,1.8100
8932,1.8100
8932,1.8100
8933,1.8100
8933,1.8100
8943,1.8100
8943,1.8100
8943,1.8100
8943,1.8100
8943,1.8100
8954,1.8100
8954,1.8100
8954,1.8100
8954,1.8100
8954,1.8100
8954,1.8100
8964,1.8100
8964,1.8100
8964,1.8100
8964,1.8100
8964,1.8100
8975,1.8100
8975,1.8100
8975,1.8100
8975,1.8100
8975,1.8100
8975,1.8100
8985,1.8100
8986,1.8100
8986,1.8100
8986,1.8100
8986,1.8100
8996,1.8100
8996,1.8100
8996,1.8100
8996,1.8100
8996,1.8100
8996,1.8100
9007,1.8100
9007,1.8100
9007,1.8100
9007,1.8100
9007,1.8100
9017,1.8100
9017,1.8100
9017,1.8100
9018,1.8100
9018,1.8100
9018,1.8100
9028,1.8100
9028,1.8100
9028,1.8100
9028,1.8100
9028,1.8100
9039,1.8100
9039,1.8100
9039,1.8100
9039,1.8100
9039,1.8100
9039,1.8100
9049,1.8100
9049,1.8100
9049,1.8100
9049,1.8100
9050,1.8100
9060,1.8100
9060,1.8100
9060,1.8100
9060,1.8100
9060,1.8100
9060,1.8100
9071,1.8100
9071,1.8100
9071,1.8100
9071,1.8100
9071,1.8100
9081,1.8100
9081,1.8100
9081,1.8100
9081,1.8100
9081,1.8100
9081,1.8100
9092,1.8100
9092,1.8100
9092,1.8100
9092,1.8100
9092,1.8100
9102,1.8100
9102,1.8100
9103,1.8100
9103,1.8100
9103,1.8100
9103,1.8100
9113,1.8100
9113,1.8100
9113,1.8100
9113,1.8100
9113,1.8100
9124,1.8100
9124,1.8100
9124,1.8100
9124,1.8100
9124,1.8100
9124,1.8100
9134,1.8100
9134,1.8100
9134,1.8100
9135,1.8100
9135,1.8100
9145,1.8100
9145,1.8100
9145,1.8100
9145,1.8100
9145,1.8100
9145,1.8100
9156,1.8100
9156,1.8100
9156,1.8100
9156,1.8100
9156,1.8100
9166,1.8100
9166,1.8100
9166,1.8100
9166,1.8100
9166,1.8100
9167,1.8100
9177,1.8100
9177,1.8100
9177,1.8100
9177,1.8100
9177,1.8100
9187,1.8100
9188,1.8100
9188,1.8100
9188,1.8100
9188,1.8100
9188,1.8100
9198,1.8100
9198,1.8100
9198,1.8100
9198,1.8100
9198,1.8100
9209,1.8100
9209,1.8100
9209,1.8100
9209,1.8100
9209,1.8100
9209,1.8100
9219,1.8100
9219,1.8100
9220,1.8100
9220,1.8100
9220,1.8100
9230,1.8100
9230,1.8100
9230,1.8100
9230,1.8100
9230,1.8100
9230,1.8100
9241,1.8100
9241,1.8100
9241,1.8100
9241,1.8100
9241,1.8100
9251,1.8100
9251,1.8100
9251,1.8100
9251,1.8100
9252,1.8100
9262,1.8100
9262,1.8100
9262,1.8100
9262,1.8100
9262,1.8100
9262,1.8100
9273,1.8100
9273,1.8100
9273,1.8100
9273,1.8100
9273,1.8100
9283,1.8100
9283,1.8100
9283,1.8100
9283,1.8100
9283,1.8100
9283,1.8100
9294,1.8100
9294,1.8100
9294,1.8100
9294,1.8100
9294,1.8100
9304,1.8100
9304,1.8100
9305,1.8100
9305,1.8100
9305,1.8100
9305,1.8100
9315,1.8100
9315,1.8100
9315,1.8100
9315,1.8100
9315,1.8100
9326,1.8100
9326,1.8100
9326,1.8100
9326,1.8100
9326,1.8100
9326,1.8100
9336,1.8100
9336,1.8100
9336,1.8100
9337,1.8100
9337,1.8100
9347,1.8100
9347,1.8100
9347,1.8100
9347,1.8100
9347,1.8100
9347,1.8100
9358,1.8100
9358,1.8100
9358,1.8100
9358,1.8100
9358,1.8100
9368,1.8100
9368,1.8100
9368,1.8100
9368,1.8100
9368,1.8100
9369,1.8100
9379,1.8100
9379,1.8100
9379,1.8100
9379,1.8100
9379,1.8100
9389,1.8100
9390,1.8100
9390,1.8100
9390,1.8100
9390,1.8100
9390,1.8100
9400,1.8100
9400,1.8100
9400,1.8100
9400,1.8100
9400,1.8100
9411,1.8100
9411,1.8100
9411,1.8100
9411,1.8100
9411,1.8100
9411,1.8100
9421,1.8100
9421,1.8100
9422,1.8100
9422,1.8100
9422,1.8100
9432,1.8100
9432,1.8100
9432,1.8100
9432,1.8100
9432,1.8100
9432,1.8100
9443,1.8100
9443,1.8100
9443,1.8100
9443,1.8100
9443,1.8100
9453,1.8100
9453,1.8100
9453,1.8100
9453,1.8100
9454,1.8100
9454,1.8100
9464,1.8100
9464,1.8100
9464,1.8100
9464,1.8100
9464,1.8100
9475,1.8100
9475,1.8100
9475,1.8100
9475,1.8100
9475,1.8100
9475,1.8100
9485,1.8100
9485,1.8100
9485,1.8100
9485,1.8100
9485,1.8100
9496,1.8100
9496,1.8100
9496,1.8100
9496,1.8100
9496,1.8100
9496,1.8100
9506,1.8100
9507,1.8100
9507,1.8100
9507,1.8100
9507,1.8100
9517,1.8100
9517,1.8100
9517,1.8100
9517,1.8100
9517,1.8100
9517,1.8100
9528,1.8100
9528,1.8100
9528,1.8100
9528,1.8100
9528,1.8100
9538,1.8100
9538,1.8100
9538,1.8100
9539,1.8100
9539,1.8100
9539,1.8100
9549,1.8100
9549,1.8100
9549,1.8100
9549,1.8100
9549,1.8100
9560,1.8100
9560,1.8100
9560,1.8100
9560,1.8100
9560,1.8100
9560,1.8100
9570,1.8100
9570,1.8100
9570,1.8100
9570,1.8100
9571,1.8100
9581,1.8100
9581,1.8100
9581,1.8100
9581,1.8100
9581,1.8100
9581,1.8100
9592,1.8100
9592,1.8100
9592,1.8100
9592,1.8100
9592,1.8100
9602,1.8100
9602,1.8100
9602,1.8100
9602,1.8100
9602,1.8100
9602,1.8100
9613,1.8100
9613,1.8100
9613,1.8100
9613,1.8100
9613,1.8100
9623,1.8100
9623,1.8100
9624,1.8100
9624,1.8100
9624,1.8100
9624,1.8100
9634,1.8100
9634,1.8100
9634,1.8100
9634,1.8100
9634,1.8100
9645,1.8100
9645,1.8100
9645,1.8100
9645,1.8100
9645,1.8100
9645,1.8100
9655,1.8100
9655,1.8100
9655,1.8100
9656,1.8100
9656,1.8100
9666,1.8100
9666,1.8100
9666,1.8100
9666,1.8100
9666,1.8100
9666,1.8100
9677,1.8100
9677,1.8100
9677,1.8100
9677,1.8100
9677,1.8100
9687,1.8100
9687,1.8100
9687,1.8100
9687,1.8100
9687,1.8100
9688,1.8100
9698,1.8100
9698,1.8100
9698,1.8100
9698,1.8100
9698,1.8100
9708,1.8100
9709,1.8100
9709,1.8100
9709,1.8100
9709,1.8100
9709,1.8100
9719,1.8100
9719,1.8100
9719,1.8100
9719,1.8100
9719,1.8100
9730,1.8100
9730,1.8100
9730,1.8100
9730,1.8100
9730,1.8100
9730,1.8100
9740,1.8100
9740,1.8100
9741,1.8100
9741,1.8100
9741,1.8100
9751,1.8100
9751,1.8100
9751,1.8100
9751,1.8100
9751,1.8100
9751,1.8100
9762,1.8100
9762,1.8100
9762,1.8100
9762,1.8100
9762,1.8100
9772,1.8100
9772,1.8100
9772,1.8100
9772,1.8100
9773,1.8100
9773,1.8100
9783,1.8100
9783,1.8100
9783,1.8100
9783,1.8100
9783,1.8100
9794,1.8100
9794,1.8100
9794,1.8100
9794,1.8100
9794,1.8100
9794,1.8100
9804,1.8100
9804,1.8100
9804,1.8100
9804,1.8100
9804,1.8100
9815,1.8100
9815,1.8100
9815,1.8100
9815,1.8100
9815,1.8100
9815,1.8100
9825,1.8100
9826,1.8100
9826,1.8100
9826,1.8100
9826,1.8100
9836,1.8100
9836,1.8100
9836,1.8100
9836,1.8100
9836,1.8100
9836,1.8100
9847,1.8100
9847,1.8100
9847,1.8100
9847,1.8100
9847,1.8100
9857,1.8100
9857,1.8100
9857,1.8100
9858,1.8100
9858,1.8100
9858,1.8100
9868,1.8100
9868,1.8100
9868,1.8100
9868,1.8100
9868,1.8100
9879,1.8100
9879,1.8100
9879,1.8100
9879,1.8100
9879,1.8100
9879,1.8100
9889,1.8100
9889,1.8100
9889,1.8100
9889,1.8100
9890,1.8100
9900,1.8100
9900,1.8100
9900,1.8100
9900,1.8100
9900,1.8100
9900,1.8100
9911,1.8100
9911,1.8100
9911,1.8100
9911,1.8100
9911,1.8100
9921,1.8100
9921,1.8100
9921,1.8100
9921,1.8100
9921,1.8100
9921,1.8100
9932,1.8100
9932,1.8100
9932,1.8100
9932,1.8100
9932,1.8100
9942,1.8100
9942,1.8100
9943,1.8100
9943,1.8100
9943,1.8100
9943,1.8100
9953,1.8100
9953,1.8100
9953,1.8100
9953,1.8100
9953,1.8100
9964,1.8100
9964,1.8100
9964,1.8100
9964,1.8100
9964,1.8100
9964,1.8100
9974,1.8100
9974,1.8100
9974,1.8100
9975,1.8100
9975,1.8100
9985,1.8100
9985,1.8100
9985,1.8100
9985,1.8100
9985,1.8100
9985,1.8100
9996,1.8100
9996,1.8100
9996,1.8100
9996,1.8100
9996,1.8100
10006,1.8100
10006,1.8100
10006,1.8100
10006,1.8100
10006,1.8100
10017,1.8100
10017,1.8100
10017,1.8100
10017,1.8100
10017,1.8100
10027,1.0800
10027,1.0800
10028,1.0800
10028,1.0800
10028,1.0800
10038,1.0800
10038,1.0800
10038,1.0800
10038,1.0800
10038,1.0800
10049,1.0800
10049,1.0800
10049,1.0800
10049,1.0800
10049,1.0800
10059,1.0800
10059,1.0800
10059,1.0800
10059,1.0800
10059,1.0800
10070,1.0800
10070,1.0800
10070,1.0800
10070,1.0800
10070,1.0800
10080,1.0800
10080,1.0800
10080,1.0800
10081,1.0800
10081,1.0800
10081,1.0800
10091,1.0800
10091,1.0800
10091,1.0800
10091,1.0800
10091,1.0800
10102,1.0800
10102,1.0800
10102,1.0800
10102,1.0800
10102,1.0800
10112,1.0800
10112,1.0800
10112,1.0800
10112,1.0800
10112,1.0800
10123,1.0800
10123,1.0800
10123,1.0800
10123,1.0800
10133,1.0800
10133,1.0800
10133,1.0800
10133,1.0800
10134,1.0800
10144,1.0800
10144,1.0800
10144,1.0800
10144,1.0800
10144,1.0800
10154,1.0800
10155,1.0800
10155,1.0800
10155,1.0800
10155,1.0800
10165,1.0800
10165,1.0800
10165,1.0800
10165,1.0800
10165,1.0800
10176,1.0800
10176,1.0800
10176,1.0800
10176,1.0800
10176,1.0800
10186,1.0800
10186,1.0800
10186,1.0800
10186,1.0800
10187,1.0800
10197,1.0800
10197,1.0800
10197,1.0800
10197,1.0800
10197,1.0800
10207,1.0800
10207,1.0800
10208,1.0800
10208,1.0800
10208,1.0800
10218,1.0800
10218,1.0800
10218,1.0800
10218,1.0800
10218,1.0800
10218,1.0800
10229,1.0800
10229,1.0800
10229,1.0800
10229,1.0800
10239,1.0800
10239,1.0800
10239,1.0800
10239,1.0800
10239,1.0800
10250,1.0800
10250,1.0800
10250,1.0800
10250,1.0800
10250,1.0800
10260,1.0800
10260,1.0800
10261,1.0800
10261,1.0800
10261,1.0800
10261,1.0800
10271,1.0800
10271,1.0800
10271,1.0800
10271,1.0800
10271,1.0800
10282,1.0800
10282,1.0800
10282,1.0800
10282,1.0800
10282,1.0800
10292,1.0800
10292,1.0800
10292,1.0800
10292,1.0800
10293,1.0800
10303,1.0800
10303,1.0800
10303,1.0800
10303,1.0800
10303,1.0800
10313,1.0800
10313,1.0800
10314,1.0800
10314,1.0800
10314,1.0800
10324,1.0800
10324,1.0800
10324,1.0800
10324,1.0800
10324,1.0800
10335,1.0800
10335,1.0800
10335,1.0800
10335,1.0800
10335,1.0800
10345,1.0800
10345,1.0800
10345,1.0800
10345,1.0800
10345,1.0800
10356,1.0800
10356,1.0800
10356,1.0800
10356,1.0800
10356,1.0800
10366,1.0800
10366,1.0800
10366,1.0800
10367,1.0800
10367,1.0800
10377,1.0800
10377,1.0800
10377,1.0800
10377,1.0800
10377,1.0800
10388,1.0800
10388,1.0800
10388,1.0800
10388,1.0800
10388,1.0800
10398,1.0800
10398,1.0800
10398,1.0800
10398,1.0800
10398,1.0800
10409,1.0800
10409,1.0800
10409,1.0800
10409,1.0800
10409,1.0800
10419,1.0800
10419,1.0800
10419,1.0800
10420,1.0800
10420,1.0800
10430,1.0800
10430,1.0800
10430,1.0800
10430,1.0800
10430,1.0800
10440,1.0800
10441,1.0800
10441,1.0800
10441,1.0800
10441,1.0800
10451,1.0800
10451,1.0800
10451,1.0800
10451,1.0800
10451,1.0800
10462,1.0800
10462,1.0800
10462,1.0800
10462,1.0800
10462,1.0800
10472,1.0800
10472,1.0800
10472,1.0800
10472,1.0800
10473,1.0800
10483,1.0800
10483,1.0800
10483,1.0800
10483,1.0800
10483,1.0800
10493,1.0800
10494,1.0800
10494,1.0800
10494,1.0800
10494,1.0800
10504,1.0800
10504,1.0800
10504,1.0800
10504,1.0800
10504,1.0800
10515,1.0800
10515,1.0800
10515,1.0800
10515,1.0800
10515,1.0800
10525,1.0800
10525,1.0800
10525,1.0800
10525,1.0800
10525,1.0800
10536,1.0800
10536,1.0800
10536,1.0800
10536,1.0800
10536,1.0800
10546,1.0800
10546,1.0800
10547,1.0800
10547,1.0800
10547,1.0800
10557,1.0800
10557,1.0800
10557,1.0800
10557,1.0800
10557,1.0800
10568,1.0800
10568,1.0800
10568,1.0800
10568,1.0800
10568,1.0800
10578,1.0800
10578,1.0800
10578,1.0800
10578,1.0800
10578,1.0800
10589,1.0800
10589,1.0800
10589,1.0800
10589,1.0800
10589,1.0800
10599,1.0800
10599,1.0800
10599,1.0800
10600,1.0800
10600,1.0800
10610,1.0800
10610,1.0800
10610,1.0800
10610,1.0800
10610,1.0800
10621,1.0800
10621,1.0800
10621,1.0800
10621,1.0800
10621,1.0800
10631,1.0800
10631,1.0800
10631,1.0800
10631,1.0800
10631,1.0800
10642,1.0800
10642,1.0800
10642,1.0800
10642,1.0800
10642,1.0800
10652,1.0800
10652,1.0800
10652,1.0800
10652,1.0800
10653,1.0800
10663,1.0800
10663,1.0800
10663,1.0800
10663,1.0800
10663,1.0800
10673,1.0800
10674,1.0800
10674,1.0800
10674,1.0800
10674,1.0800
10684,1.0800
10684,1.0800
10684,1.0800
10684,1.0800
10684,1.0800
10695,1.0800
10695,1.0800
10695,1.0800
10695,1.0800
10695,1.0800
10705,1.0800
10705,1.0800
10705,1.0800
10705,1.0800
10706,1.0800
10716,1.0800
10716,1.0800
10716,1.0800
10716,1.0800
10716,1.0800
10726,1.0800
10726,1.0800
10727,1.0800
10727,1.0800
10727,1.0800
10737,1.0800
10737,1.0800
10737,1.0800
10737,1.0800
10737,1.0800
10748,1.0800
10748,1.0800
10748,1.0800
10748,1.0800
10748,1.0800
10758,1.0800
10758,1.0800
10758,1.0800
10758,1.0800
10758,1.0800
10769,1.0800
10769,1.0800
10769,1.0800
10769,1.0800
10769,1.0800
10779,1.0800
10779,1.0800
10780,1.0800
10780,1.0800
10780,1.0800
10790,1.0800
10790,1.0800
10790,1.0800
10790,1.0800
10790,1.0800
10801,1.0800
10801,1.0800
10801,1.0800
10801,1.0800
10801,1.0800
10811,1.0800
10811,1.0800
10811,1.0800
10811,1.0800
10811,1.0800
10822,1.0800
10822,1.0800
10822,1.0800
10822,1.0800
10822,1.0800
10832,1.0800
10832,1.0800
10832,1.0800
10833,1.0800
10833,1.0800
10843,1.0800
10843,1.0800
10843,1.0800
10843,1.0800
10843,1.0800
10854,1.0800
10854,1.0800
10854,1.0800
10854,1.0800
10854,1.0800
10864,1.0800
10864,1.0800
10864,1.0800
10864,1.0800
10864,1.0800
10875,1.0800
10875,1.0800
10875,1.0800
10875,1.0800
10875,1.0800
10885,1.0800
10885,1.0800
10885,1.0800
10885,1.0800
10886,1.0800
10896,1.0800
10896,1.0800
10896,1.0800
10896,1.0800
10896,1.0800
10906,1.0800
10907,1.0800
10907,1.0800
10907,1.0800
10907,1.0800
10917,1.0800
10917,1.0800
10917,1.0800
10917,1.0800
10917,1.0800
10928,1.0800
10928,1.0800
10928,1.0800
10928,1.0800
10928,1.0800
10938,1.0800
10938,1.0800
10938,1.0800
10939,1.0800
10939,1.0800
10949,1.0800
10949,1.0800
10949,1.0800
10949,1.0800
10949,1.0800
10959,1.0800
10960,1.0800
10960,1.0800
10960,1.0800
10960,1.0800
10970,1.0800
10970,1.0800
10970,1.0800
10970,1.0800
10970,1.0800
10981,1.0800
10981,1.0800
10981,1.0800
10981,1.0800
10981,1.0800
10991,1.0800
10991,1.0800
10991,1.0800
10991,1.0800
10992,1.0800
11002,1.0800
11002,1.0800
11002,1.0800
11002,1.0800
11002,1.0800
11012,1.0800
11013,1.0800
11013,1.0800
11013,1.0800
11013,1.0800
11023,1.0800
11023,1.0800
11023,1.0800
11023,1.0800
11023,1.0800
11034,1.0800
11034,1.0800
11034,1.0800
11034,1.0800
11034,1.0800
11044,1.0800
11044,1.0800
11044,1.0800
11044,1.0800
11044,1.0800
11055,1.0800
11055,1.0800
11055,1.0800
11055,1.0800
11055,1.0800
11065,1.0800
11065,1.0800
11066,1.0800
11066,1.0800
11066,1.0800
11076,1.0800
11076,1.0800
11077,1.0800
11077,1.0800
11077,1.0800
11087,1.0800
11087,1.0800
11087,1.0800
11087,1.0800
11098,1.0800
11098,1.0800
11098,1.0800
11098,1.0800
11098,1.0800
11108,1.0800
11108,1.0800
11108,1.0800
11108,1.0800
11108,1.0800
11119,1.0800
11119,1.0800
11119,1.0800
11119,1.0800
11119,1.0800
11129,1.0800
11129,1.0800
11129,1.0800
11129,1.0800
11130,1.0800
11140,1.0800
11140,1.0800
11140,1.0800
11140,1.0800
11140,1.0800
11150,1.0800
11151,1.0800
11151,1.0800
11151,1.0800
11151,1.0800
11161,1.0800
11161,1.0800
11161,1.0800
11161,1.0800
11161,1.0800
11172,1.0800
11172,1.0800
11172,1.0800
11172,1.0800
11172,1.0800
11182,1.0800
11182,1.0800
11182,1.0800
11182,1.0800
11183,1.0800
11193,1.0800
11193,1.0800
11193,1.0800
11193,1.0800
11193,1.0800
11203,1.0800
11203,1.0800
11204,1.0800
11204,1.0800
11204,1.0800
11204,1.0800
11214,1.0800
11214,1.0800
11214,1.0800
11214,1.0800
11225,1.0800
11225,1.0800
11225,1.0800
11225,1.0800
11225,1.0800
11235,1.0800
11235,1.0800
11235,1.0800
11235,1.0800
11235,1.0800
11246,1.0800
11246,1.0800
11246,1.0800
11246,1.0800
11246,1.0800
11256,1.0800
11256,1.0800
11257,1.0800
11257,1.0800
11257,1.0800
11267,1.0800
11267,1.0800
11267,1.0800
11267,1.0800
11267,1.0800
11278,1.0800
11278,1.0800
11278,1.0800
11278,1.0800
11278,1.0800
11288,1.0800
11288,1.0800
11288,1.0800
11288,1.0800
11288,1.0800
11299,1.0800
11299,1.0800
11299,1.0800
11299,1.0800
11299,1.0800
11309,1.0800
11309,1.0800
11309,1.0800
11310,1.0800
11310,1.0800
11320,1.0800
11320,1.0800
11320,1.0800
11320,1.0800
11320,1.0800
11330,1.0800
11331,1.0800
11331,1.0800
11331,1.0800
11331,1.0800
11341,1.0800
11341,1.0800
11341,1.0800
11341,1.0800
11341,1.0800
11352,1.0800
11352,1.0800
11352,1.0800
11352,1.0800
11352,1.0800
11362,1.0800
11362,1.0800
11362,1.0800
11362,1.0800
11363,1.0800
11373,1.0800
11373,1.0800
11373,1.0800
11373,1.0800
11373,1.0800
11383,1.0800
11384,1.0800
11384,1.0800
11384,1.0800
11384,1.0800
11394,1.0800
11394,1.0800
11394,1.0800
11394,1.0800
11394,1.0800
11405,1.0800
11405,1.0800
11405,1.0800
11405,1.0800
11405,1.0800
11415,1.0800
11415,1.0800
11415,1.0800
11416,1.0800
11416,1.0800
11426,1.0800
11426,1.0800
11426,1.0800
11426,1.0800
11426,1.0800
11436,1.0800
11437,1.0800
11437,1.0800
11437,1.0800
11437,1.0800
11437,1.0800
11447,1.0800
11447,1.0800
11447,1.0800
11447,1.0800
11458,1.0800
11458,1.0800
11458,1.0800
11458,1.0800
11458,1.0800
11458,1.0800
11468,1.0800
11468,1.0800
11468,1.0800
11469,1.0800
11469,1.0800
11479,1.0800
11479,1.0800
11479,1.0800
11479,1.0800
11479,1.0800
11490,1.0800
11490,1.0800
11490,1.0800
11490,1.0800
11490,1.0800
11500,1.0800
11500,1.0800
11500,1.0800
11500,1.0800
11500,1.0800
11511,1.0800
11511,1.0800
11511,1.0800
11511,1.0800
11511,1.0800
11521,1.0800
11521,1.0800
11521,1.0800
11522,1.0800
11522,1.0800
11532,1.0800
11532,1.0800
11532,1.0800
11532,1.0800
11532,1.0800
11542,1.0800
11543,1.0800
11543,1.0800
11543,1.0800
11543,1.0800
11553,1.0800
11553,1.0800
11553,1.0800
11553,1.0800
11553,1.0800
11564,1.0800
11564,1.0800
11564,1.0800
11564,1.0800
11564,1.0800
11574,1.0800
11574,1.0800
11574,1.0800
11574,1.0800
11575,1.0800
11585,1.0800
11585,1.0800
11585,1.0800
11585,1.0800
11585,1.0800
11595,1.0800
11595,1.0800
11596,1.0800
11596,1.0800
11596,1.0800
11606,1.0800
11606,1.0800
11606,1.0800
11606,1.0800
11606,1.0800
11617,1.0800
11617,1.0800
11617,1.0800
11617,1.0800
11617,1.0800
11627,1.0800
11627,1.0800
11627,1.0800
11627,1.0800
11627,1.0800
11638,1.0800
11638,1.0800
11638,1.0800
11638,1.0800
11638,1.0800
11648,1.0800
11648,1.0800
11649,1.0800
11649,1.0800
11649,1.0800
11659,1.0800
11659,1.0800
11659,1.0800
11659,1.0800
11659,1.0800
11670,1.0800
11670,1.0800
11670,1.0800
11670,1.0800
11670,1.0800
11680,1.0800
11680,1.0800
11680,1.0800
11680,1.0800
11680,1.0800
11691,1.0800
11691,1.0800
11691,1.0800
11691,1.0800
11691,1.0800
11701,1.0800
11701,1.0800
11701,1.0800
11702,1.0800
11702,1.0800
11712,1.0800
11712,1.0800
11712,1.0800
11712,1.0800
11712,1.0800
11723,1.0800
11723,1.0800
11723,1.0800
11723,1.0800
11723,1.0800
11733,1.0800
11733,1.0800
11733,1.0800
11733,1.0800
11733,1.0800
11744,1.0800
11744,1.0800
11744,1.0800
11744,1.0800
11744,1.0800
11754,1.0800
11754,1.0800
11754,1.0800
11754,1.0800
11755,1.0800
11765,1.0800
11765,1.0800
11765,1.0800
11765,1.0800
11765,1.0800
11775,1.0800
11776,1.0800
11776,1.0800
11776,1.0800
11776,1.0800
11786,1.0800
11786,1.0800
11786,1.0800
11786,1.0800
11786,1.0800
11797,1.0800
11797,1.0800
11797,1.0800
11797,1.0800
11797,1.0800
11807,1.0800
11807,1.0800
11807,1.0800
11807,1.0800
11808,1.0800
11818,1.0800
11818,1.0800
11818,1.0800
11818,1.0800
11818,1.0800
11828,1.0800
11828,1.0800
11829,1.0800
11829,1.0800
11829,1.0800
11839,1.0800
11839,1.0800
11839,1.0800
11839,1.0800
11839,1.0800
11850,1.0800
11850,1.0800
11850,1.0800
11850,1.0800
11850,1.0800
11860,1.0800
11860,1.0800
11860,1.0800
11860,1.0800
11860,1.0800
11871,1.0800
11871,1.0800
11871,1.0800
11871,1.0800
11871,1.0800
11881,1.0800
11881,1.0800
11881,1.0800
11882,1.0800
11882,1.0800
11892,1.0800
11892,1.0800
11892,1.0800
11892,1.0800
11892,1.0800
11903,1.0800
11903,1.0800
11903,1.0800
11903,1.0800
11903,1.0800
11913,1.0800
11913,1.0800
11913,1.0800
11913,1.0800
11913,1.0800
11924,1.0800
11924,1.0800
11924,1.0800
11924,1.0800
11924,1.0800
11934,1.0800
11934,1.0800
11934,1.0800
11935,1.0800
11935,1.0800
11945,1.0800
11945,1.0800
11945,1.0800
11945,1.0800
11945,1.0800
11955,1.0800
11956,1.0800
11956,1.0800
11956,1.0800
11956,1.0800
11956,1.0800
11966,1.0800
11966,1.0800
11966,1.0800
11966,1.0800
11966,1.0800
11977,1.0800
11977,1.0800
11977,1.0800
11977,1.0800
11977,1.0800
11987,1.0800
11987,1.0800
11987,1.0800
11988,1.0800
11988,1.0800
11998,1.0800
11998,1.0800
11998,1.0800
11998,1.0800
11998,1.0800
12009,1.0800
12009,1.0800
12009,1.0800
12009,1.0800
12009,1.0800
12019,1.0800
12019,1.0800
12019,1.0800
12019,1.0800
12019,1.0800
12030,1.0800
12030,1.0800
12030,1.0800
12030,1.0800
12030,1.0800
12040,1.0800
12040,1.0800
12040,1.0800
12041,1.0800
12041,1.0800
12051,1.0800
12051,1.0800
12051,1.0800
12051,1.0800
12051,1.0800
12061,1.0800
12062,1.0800
12062,1.0800
12062,1.0800
12062,1.0800
12072,1.0800
12072,1.0800
12072,1.0800
12072,1.0800
12072,1.0800
12072,1.0800
12083,1.0800
12083,1.0800
12083,1.0800
12083,1.0800
12083,1.0800
12093,1.0800
12093,1.0800
12093,1.0800
12094,1.0800
12094,1.0800
12104,1.0800
12104,1.0800
12104,1.0800
12104,1.0800
12104,1.0800
12115,1.0800
12115,1.0800
12115,1.0800
12115,1.0800
12115,1.0800
12125,1.0800
12125,1.0800
12125,1.0800
12125,1.0800
12125,1.0800
12136,1.0800
12136,1.0800
12136,1.0800
12136,1.0800
12136,1.0800
12146,1.0800
12146,1.0800
12146,1.0800
12146,1.0800
12147,1.0800
12157,1.0800
12157,1.0800
12157,1.0800
12157,1.0800
12157,1.0800
12167,1.0800
12168,1.0800
12168,1.0800
12168,1.0800
12168,1.0800
12178,1.0800
12178,1.0800
12178,1.0800
12178,1.0800
12178,1.0800
12178,1.0800
12189,1.0800
12189,1.0800
12189,1.0800
12189,1.0800
12189,1.0800
12199,1.0800
12199,1.0800
12199,1.0800
12200,1.0800
12200,1.0800
12210,1.0800
12210,1.0800
12210,1.0800
12210,1.0800
12210,1.0800
12221,1.0800
12221,1.0800
12221,1.0800
12221,1.0800
12221,1.0800
12231,1.0800
12231,1.0800
12231,1.0800
12231,1.0800
12231,1.0800
12242,1.0800
12242,1.0800
12242,1.0800
12242,1.0800
12242,1.0800
12252,1.0800
12252,1.0800
12252,1.0800
12252,1.0800
12253,1.0800
12263,1.0800
12263,1.0800
12263,1.0800
12263,1.0800
12263,1.0800
12273,1.0800
12274,1.0800
12274,1.0800
12274,1.0800
12274,1.0800
12284,1.0800
12284,1.0800
12284,1.0800
12284,1.0800
12284,1.0800
12295,1.0800
12295,1.0800
12295,1.0800
12295,1.0800
12295,1.0800
12305,1.0800
12305,1.0800
12305,1.0800
12306,1.0800
12306,1.0800
12316,1.0800
12316,1.0800
12316,1.0800
12316,1.0800
12316,1.0800
12326,1.0800
12327,1.0800
12327,1.0800
12327,1.0800
12327,1.0800
12327,1.0800
12337,1.0800
12337,1.0800
12337,1.0800
12337,1.0800
12348,1.0800
12348,1.0800
12348,1.0800
12348,1.0800
12348,1.0800
12348,1.0800
12358,1.0800
12358,1.0800
12358,1.0800
12359,1.0800
12359,1.0800
12369,1.0800
12369,1.0800
12369,1.0800
12369,1.0800
12369,1.0800
12380,1.0800
12380,1.0800
12380,1.0800
12380,1.0800
12380,1.0800
12390,1.0800
12390,1.0800
12390,1.0800
12390,1.0800
12390,1.0800
12401,1.0800
12401,1.0800
12401,1.0800
12401,1.0800
12401,1.0800
12411,1.0800
12411,1.0800
12411,1.0800
12412,1.0800
12412,1.0800
12422,1.0800
12422,1.0800
12422,1.0800
12422,1.0800
12422,1.0800
12432,1.0800
12433,1.0800
12433,1.0800
12433,1.0800
12433,1.0800
12443,1.0800
12443,1.0800
12443,1.0800
12443,1.0800
12443,1.0800
12454,1.0800
12454,1.0800
12454,1.0800
12454,1.0800
12454,1.0800
12464,1.0800
12464,1.0800
12464,1.0800
12464,1.0800
12465,1.0800
12475,1.0800
12475,1.0800
12475,1.0800
12475,1.0800
12475,1.0800
12485,1.0800
12486,1.0800
12486,1.0800
12486,1.0800
12486,1.0800
12496,1.0800
12496,1.0800
12496,1.0800
12496,1.0800
12496,1.0800
12496,1.0800
12507,1.0800
12507,1.0800
12507,1.0800
12507,1.0800
12507,1.0800
12517,1.0800
12517,1.0800
12517,1.0800
12517,1.0800
12518,1.0800
12528,1.0800
12528,1.0800
12528,1.0800
12528,1.0800
12528,1.0800
12538,1.0800
12539,1.0800
12539,1.0800
12539,1.0800
12539,1.0800
12549,1.0800
12549,1.0800
12549,1.0800
12549,1.0800
12549,1.0800
12560,1.0800
12560,1.0800
12560,1.0800
12560,1.0800
12560,1.0800
12570,1.0800
12570,1.0800
12570,1.0800
12570,1.0800
12571,1.0800
12581,1.0800
12581,1.0800
12581,1.0800
12581,1.0800
12581,1.0800
12591,1.0800
12591,1.0800
12592,1.0800
12592,1.0800
12592,1.0800
12602,1.0800
12602,1.0800
12602,1.0800
12602,1.0800
12602,1.0800
12613,1.0800
12613,1.0800
12613,1.0800
12613,1.0800
12613,1.0800
12623,1.0800
12623,1.0800
12623,1.0800
12623,1.0800
12623,1.0800
12634,1.0800
12634,1.0800
12634,1.0800
12634,1.0800
12634,1.0800
12644,1.0800
12644,1.0800
12645,1.0800
12645,1.0800
12645,1.0800
12655,1.0800
12655,1.0800
12655,1.0800
12655,1.0800
12655,1.0800
12666,1.0800
12666,1.0800
12666,1.0800
12666,1.0800
12666,1.0800
12676,1.0800
12676,1.0800
12676,1.0800
12676,1.0800
12676,1.0800
12687,1.0800
12687,1.0800
12687,1.0800
12687,1.0800
12687,1.0800
12697,1.0800
12697,1.0800
12697,1.0800
12698,1.0800
12698,1.0800
12708,1.0800
12708,1.0800
12708,1.0800
12708,1.0800
12708,1.0800
12719,1.0800
12719,1.0800
12719,1.0800
12719,1.0800
12719,1.0800
12729,1.0800
12729,1.0800
12729,1.0800
12729,1.0800
12729,1.0800
12729,1.0800
12740,1.0800
12740,1.0800
12740,1.0800
12740,1.0800
12740,1.0800
12750,1.0800
12750,1.0800
12750,1.0800
12751,1.0800
12751,1.0800
12761,1.0800
12761,1.0800
12761,1.0800
12761,1.0800
12761,1.0800
12772,1.0800
12772,1.0800
12772,1.0800
12772,1.0800
12772,1.0800
12782,1.0800
12782,1.0800
12782,1.0800
12782,1.0800
12782,1.0800
12793,1.0800
12793,1.0800
12793,1.0800
12793,1.0800
12793,1.0800
12803,1.0800
12803,1.0800
12803,1.0800
12804,1.0800
12804,1.0800
12814,1.0800
12814,1.0800
12814,1.0800
12814,1.0800
12814,1.0800
12824,1.0800
12825,1.0800
12825,1.0800
12825,1.0800
12825,1.0800
12835,1.0800
12835,1.0800
12835,1.0800
12835,1.0800
12835,1.0800
12846,1.0800
12846,1.0800
12846,1.0800
12846,1.0800
12846,1.0800
12856,1.0800
12856,1.0800
12856,1.0800
12856,1.0800
12857,1.0800
12867,1.0800
12867,1.0800
12867,1.0800
12867,1.0800
12867,1.0800
12877,1.0800
12878,1.0800
12878,1.0800
12878,1.0800
12878,1.0800
12888,1.0800
12888,1.0800
12888,1.0800
12888,1.0800
12888,1.0800
12899,1.0800
12899,1.0800
12899,1.0800
12899,1.0800
12899,1.0800
12909,1.0800
12909,1.0800
12909,1.0800
12910,1.0800
12910,1.0800
12920,1.0800
12920,1.0800
12920,1.0800
12920,1.0800
12920,1.0800
12930,1.0800
12931,1.0800
12931,1.0800
12931,1.0800
12931,1.0800
12941,1.0800
12941,1.0800
12941,1.0800
12941,1.0800
12941,1.0800
12952,1.0800
12952,1.0800
12952,1.0800
12952,1.0800
12952,1.0800
12962,1.0800
12962,1.0800
12962,1.0800
12962,1.0800
12963,1.0800
12973,1.0800
12973,1.0800
12973,1.0800
12973,1.0800
12973,1.0800
12983,1.0800
12984,1.0800
12984,1.0800
12984,1.0800
12984,1.0800
12994,1.0800
12994,1.0800
12994,1.0800
12994,1.0800
12994,1.0800
13005,1.0800
13005,1.0800
13005,1.0800
13005,1.0800
13005,1.0800
13015,1.0800
13015,1.0800
13015,1.0800
13015,1.0800
13015,1.0800
13026,1.0800
13026,1.0800
13026,1.0800
13026,1.0800
13026,1.0800
13036,1.0800
13036,1.0800
13037,1.0800
13037,1.0800
13037,1.0800
13047,1.0800
13047,1.0800
13047,1.0800
13047,1.0800
13047,1.0800
13047,1.0800
13058,1.0800
13058,1.0800
13058,1.0800
13058,1.0800
13068,1.0800
13068,1.0800
13068,1.0800
13068,1.0800
13068,1.0800
13079,1.0800
13079,1.0800
13079,1.0800
13079,1.0800
13079,1.0800
13089,1.0800
13089,1.0800
13089,1.0800
13090,1.0800
13090,1.0800
13090,1.0800
13100,1.0800
13100,1.0800
13100,1.0800
13100,1.0800
13111,1.0800
13111,1.0800
13111,1.0800
13111,1.0800
13111,1.0800
13111,1.0800
13121,1.0800
13121,1.0800
13121,1.0800
13121,1.0800
13132,1.0800
13132,1.0800
13132,1.0800
13132,1.0800
13132,1.0800
13142,1.0800
13142,1.0800
13142,1.0800
13142,1.0800
13143,1.0800
13153,1.0800
13153,1.0800
13153,1.0800
13153,1.0800
13153,1.0800
13153,1.0800
13164,1.0800
13164,1.0800
13164,1.0800
13164,1.0800
13164,1.0800
13174,1.0800
13174,1.0800
13174,1.0800
13174,1.0800
13174,1.0800
13185,1.0800
13185,1.0800
13185,1.0800
13185,1.0800
13185,1.0800
13195,1.0800
13195,1.0800
13195,1.0800
13196,1.0800
13196,1.0800
13206,1.0800
13206,1.0800
13206,1.0800
13206,1.0800
13206,1.0800
13216,1.0800
13217,1.0800
13217,1.0800
13217,1.0800
13217,1.0800
13227,1.0800
13227,1.0800
13227,1.0800
13227,1.0800
13227,1.0800
13238,1.0800
13238,1.0800
13238,1.0800
13238,1.0800
13238,1.0800
13248,1.0800
13248,1.0800
13248,1.0800
13248,1.0800
13249,1.0800
13259,1.0800
13259,1.0800
13259,1.0800
13259,1.0800
13259,1.0800
13269,1.0800
13270,1.0800
13270,1.0800
13270,1.0800
13270,1.0800
13280,1.0800
13280,1.0800
13280,1.0800
13280,1.0800
13280,1.0800
13291,1.0800
13291,1.0800
13291,1.0800
13291,1.0800
13291,1.0800
13301,1.0800
13301,1.0800
13301,1.0800
13301,1.0800
13301,1.0800
13312,1.0800
13312,1.0800
13312,1.0800
13312,1.0800
13312,1.0800
13322,1.0800
13322,1.0800
13323,1.0800
13323,1.0800
13323,1.0800
13333,1.0800
13333,1.0800
13333,1.0800
13333,1.0800
13333,1.0800
13344,1.0800
13344,1.0800
13344,1.0800
13344,1.0800
13344,1.0800
13354,1.0800
13354,1.0800
13354,1.0800
13354,1.0800
13354,1.0800
13365,1.0800
13365,1.0800
13365,1.0800
13365,1.0800
13365,1.0800
13375,1.0800
13375,1.0800
13375,1.0800
13376,1.0800
13376,1.0800
13386,1.0800
13386,1.0800
13386,1.0800
13386,1.0800
13386,1.0800
13397,1.0800
13397,1.0800
13397,1.0800
13397,1.0800
13397,1.0800
13407,1.0800
13407,1.0800
13407,1.0800
13407,1.0800
13407,1.0800
13418,1.0800
13418,1.0800
13418,1.0800
13418,1.0800
13418,1.0800
13428,1.0800
13428,1.0800
13428,1.0800
13429,1.0800
13429,1.0800
13439,1.0800
13439,1.0800
13439,1.0800
13439,1.0800
13439,1.0800
13449,1.0800
13450,1.0800
13450,1.0800
13450,1.0800
13450,1.0800
13460,1.0800
13460,1.0800
13460,1.0800
13460,1.0800
13460,1.0800
13471,1.0800
13471,1.0800
13471,1.0800
13471,1.0800
13471,1.0800
13481,1.0800
13481,1.0800
13481,1.0800
13481,1.0800
13482,1.0800
13492,1.0800
13492,1.0800
13492,1.0800
13492,1.0800
13492,1.0800
13502,1.0800
13503,1.0800
13503,1.0800
13503,1.0800
13503,1.0800
13513,1.0800
13513,1.0800
13513,1.0800
13513,1.0800
13513,1.0800
13524,1.0800
13524,1.0800
13524,1.0800
13524,1.0800
13524,1.0800
13534,1.0800
13534,1.0800
13534,1.0800
13534,1.0800
13534,1.0800
13545,1.0800
13545,1.0800
13545,1.0800
13545,1.0800
13545,1.0800
13555,1.0800
13555,1.0800
13556,1.0800
13556,1.0800
13556,1.0800
13566,1.0800
13566,1.0800
13566,1.0800
13566,1.0800
13566,1.0800
13577,1.0800
13577,1.0800
13577,1.0800
13577,1.0800
13577,1.0800
13587,1.0800
13587,1.0800
13587,1.0800
13587,1.0800
13587,1.0800
13598,1.0800
13598,1.0800
13598,1.0800
13598,1.0800
13598,1.0800
13608,1.0800
13608,1.0800
13608,1.0800
13609,1.0800
13609,1.0800
13619,1.0800
13619,1.0800
13619,1.0800
13619,1.0800
13619,1.0800
13630,1.0800
13630,1.0800
13630,1.0800
13630,1.0800
13630,1.0800
13640,1.0800
13640,1.0800
13640,1.0800
13640,1.0800
13640,1.0800
13651,1.0800
13651,1.0800
13651,1.0800
13651,1.0800
13651,1.0800
13661,1.0800
13661,1.0800
13661,1.0800
13661,1.0800
13662,1.0800
13672,1.0800
13672,1.0800
13672,1.0800
13672,1.0800
13672,1.0800
13682,1.0800
13683,1.0800
13683,1.0800
13683,1.0800
13683,1.0800
13693,1.0800
13693,1.0800
13693,1.0800
13693,1.0800
13693,1.0800
13704,1.0800
13704,1.0800
13704,1.0800
13704,1.0800
13704,1.0800
13714,1.0800
13714,1.0800
13714,1.0800
13714,1.0800
13715,1.0800
13725,1.0800
13725,1.0800
13725,1.0800
13725,1.0800
13725,1.0800
13735,1.0800
13735,1.0800
13736,1.0800
13736,1.0800
13736,1.0800
13746,1.0800
13746,1.0800
13746,1.0800
13746,1.0800
13746,1.0800
13757,1.0800
13757,1.0800
13757,1.0800
13757,1.0800
13757,1.0800
13767,1.0800
13767,1.0800
13767,1.0800
13767,1.0800
13767,1.0800
13778,1.0800
13778,1.0800
13778,1.0800
13778,1.0800
13778,1.0800
13788,1.0800
13788,1.0800
13789,1.0800
13789,1.0800
13789,1.0800
13799,1.0800
13799,1.0800
13799,1.0800
13799,1.0800
13799,1.0800
13810,1.0800
13810,1.0800
13810,1.0800
13810,1.0800
13810,1.0800
13820,1.0800
13820,1.0800
13820,1.0800
13820,1.0800
13820,1.0800
13831,1.0800
13831,1.0800
13831,1.0800
13831,1.0800
13831,1.0800
13841,1.0800
13841,1.0800
13841,1.0800
13842,1.0800
13842,1.0800
13852,1.0800
13852,1.0800
13852,1.0800
13852,1.0800
13852,1.0800
13862,1.0800
13863,1.0800
13863,1.0800
13863,1.0800
13863,1.0800
13873,1.0800
13873,1.0800
13873,1.0800
13873,1.0800
13873,1.0800
13884,1.0800
13884,1.0800
13884,1.0800
13884,1.0800
13884,1.0800
13894,1.0800
13894,1.0800
13894,1.0800
13894,1.0800
13895,1.0800
13905,1.0800
13905,1.0800
13905,1.0800
13905,1.0800
13905,1.0800
13915,1.0800
13916,1.0800
13916,1.0800
13916,1.0800
13916,1.0800
13926,1.0800
13926,1.0800
13926,1.0800
13926,1.0800
13926,1.0800
13937,1.0800
13937,1.0800
13937,1.0800
13937,1.0800
13937,1.0800
13947,1.0800
13947,1.0800
13947,1.0800
13947,1.0800
13948,1.0800
13958,1.0800
13958,1.0800
13958,1.0800
13958,1.0800
13958,1.0800
13968,1.0800
13968,1.0800
13969,1.0800
13969,1.0800
13969,1.0800
13979,1.0800
13979,1.0800
13979,1.0800
13979,1.0800
13979,1.0800
13990,1.0800
13990,1.0800
13990,1.0800
13990,1.0800
13990,1.0800
14000,1.0800
14000,1.0800
14000,1.0800
14000,1.0800
14000,1.0800
14011,1.0800
14011,1.0800
14011,1.0800
14011,1.0800
14011,1.0800
14021,1.0800
14021,1.0800
14021,1.0800
14022,1.0800
14022,1.0800
14022,1.0800
14032,1.0800
14032,1.0800
14032,1.0800
14032,1.0800
14032,1.0800
14043,1.0800
14043,1.0800
14043,1.0800
14043,1.0800
14043,1.0800
14053,1.0800
14053,1.0800
14053,1.0800
14054,1.0800
14054,1.0800
14064,1.0800
14064,1.0800
14064,1.0800
14064,1.0800
14064,1.0800
14074,1.0800
14075,1.0800
14075,1.0800
14075,1.0800
14075,1.0800
14085,1.0800
14085,1.0800
14085,1.0800
14085,1.0800
14085,1.0800
14096,1.0800
14096,1.0800
14096,1.0800
14096,1.0800
14096,1.0800
14106,1.0800
14106,1.0800
14106,1.0800
14106,1.0800
14107,1.0800
14117,1.0800
14117,1.0800
14117,1.0800
14117,1.0800
14117,1.0800
14127,1.0800
14127,1.0800
14128,1.0800
14128,1.0800
14128,1.0800
14138,1.0800
14138,1.0800
14138,1.0800
14138,1.0800
14138,1.0800
14149,1.0800
14149,1.0800
14149,1.0800
14149,1.0800
14149,1.0800
14159,1.0800
14159,1.0800
14159,1.0800
14159,1.0800
14159,1.0800
14170,1.0800
14170,1.0800
14170,1.0800
14170,1.0800
14170,1.0800
14180,1.0800
14180,1.0800
14181,1.0800
14181,1.0800
14181,1.0800
14191,1.0800
14191,1.0800
14191,1.0800
14191,1.0800
14191,1.0800
14202,1.0800
14202,1.0800
14202,1.0800
14202,1.0800
14202,1.0800
14212,1.0800
14212,1.0800
14212,1.0800
14212,1.0800
14212,1.0800
14223,1.0800
14223,1.0800
14223,1.0800
14223,1.0800
14223,1.0800
14233,1.0800
14233,1.0800
14233,1.0800
14234,1.0800
14234,1.0800
14244,1.0800
14244,1.0800
14244,1.0800
14244,1.0800
14244,1.0800
14255,1.0800
14255,1.0800
14255,1.0800
14255,1.0800
14255,1.0800
14265,1.0800
14265,1.0800
14265,1.0800
14265,1.0800
14265,1.0800
14276,1.0800
14276,1.0800
14276,1.0800
14276,1.0800
14276,1.0800
14286,1.0800
14286,1.0800
14286,1.0800
14286,1.0800
14287,1.0800
14297,1.0800
14297,1.0800
14297,1.0800
14297,1.0800
14297,1.0800
14307,1.0800
14308,1.0800
14308,1.0800
14308,1.0800
14308,1.0800
14318,1.0800
14318,1.0800
14318,1.0800
14318,1.0800
14318,1.0800
14329,1.0800
14329,1.0800
14329,1.0800
14329,1.0800
14329,1.0800
14339,1.0800
14339,1.0800
14339,1.0800
14339,1.0800
14340,1.0800
14350,1.0800
14350,1.0800
14350,1.0800
14350,1.0800
14350,1.0800
14360,1.0800
14360,1.0800
14361,1.0800
14361,1.0800
14361,1.0800
14371,1.0800
14371,1.0800
14371,1.0800
14371,1.0800
14371,1.0800
14382,1.0800
14382,1.0800
14382,1.0800
14382,1.0800
14382,1.0800
14392,1.0800
14392,1.0800
14392,1.0800
14392,1.0800
14392,1.0800
14403,1.0800
14403,1.0800
14403,1.0800
14403,1.0800
14403,1.0800
14413,1.0800
14413,1.0800
14414,1.0800
14414,1.0800
14414,1.0800
14424,1.0800
14424,1.0800
14424,1.0800
14424,1.0800
14424,1.0800
14435,1.0800
14435,1.0800
14435,1.0800
14435,1.0800
14435,1.0800
14445,1.0800
14445,1.0800
14445,1.0800
14445,1.0800
14445,1.0800
14456,1.0800
14456,1.0800
14456,1.0800
14456,1.0800
14456,1.0800
14466,1.0800
14466,1.0800
14466,1.0800
14467,1.0800
14467,1.0800
14477,1.0800
14477,1.0800
14477,1.0800
14477,1.0800
14477,1.0800
14487,1.0800
14488,1.0800
14488,1.0800
14488,1.0800
14488,1.0800
14498,1.0800
14498,1.0800
14498,1.0800
14498,1.0800
14498,1.0800
14509,1.0800
14509,1.0800
14509,1.0800
14509,1.0800
14509,1.0800
14519,1.0800
14519,1.0800
14519,1.0800
14519,1.0800
14520,1.0800
14530,1.0800
14530,1.0800
14530,1.0800
14530,1.0800
14530,1.0800
14540,1.0800
14541,1.0800
14541,1.0800
14541,1.0800
14541,1.0800
14551,1.0800
14551,1.0800
14551,1.0800
14551,1.0800
14551,1.0800
14562,1.0800
14562,1.0800
14562,1.0800
14562,1.0800
14562,1.0800
14572,1.0800
14572,1.0800
14572,1.0800
14572,1.0800
14572,1.0800
14583,1.0800
14583,1.0800
14583,1.0800
14583,1.0800
14583,1.0800
14593,1.0800
14593,1.0800
14594,1.0800
14594,1.0800
14594,1.0800
14604,1.0800
14604,1.0800
14605,1.0800
14605,1.0800
14615,1.0800
14615,1.0800
14615,1.0800
14615,1.0800
14615,1.0800
14626,1.0800
14626,1.0800
14626,1.0800
14626,1.0800
14626,1.0800
14636,1.0800
14636,1.0800
14636,1.0800
14636,1.0800
14636,1.0800
14647,1.0800
14647,1.0800
14647,1.0800
14647,1.0800
14647,1.0800
14657,1.0800
14657,1.0800
14657,1.0800
14657,1.0800
14658,1.0800
14668,1.0800
14668,1.0800
14668,1.0800
14668,1.0800
14668,1.0800
14678,1.0800
14679,1.0800
14679,1.0800
14679,1.0800
14679,1.0800
14689,1.0800
14689,1.0800
14689,1.0800
14689,1.0800
14689,1.0800
14700,1.0800
14700,1.0800
14700,1.0800
14700,1.0800
14700,1.0800
14710,1.0800
14710,1.0800
14710,1.0800
14710,1.0800
14711,1.0800
14721,1.0800
14721,1.0800
14721,1.0800
14721,1.0800
14721,1.0800
14731,1.0800
14731,1.0800
14732,1.0800
14732,1.0800
14732,1.0800
14742,1.0800
14742,1.0800
14742,1.0800
14742,1.0800
14742,1.0800
14742,1.0800
14753,1.0800
14753,1.0800
14753,1.0800
14753,1.0800
14753,1.0800
14763,1.0800
14763,1.0800
14763,1.0800
14763,1.0800
14764,1.0800
14774,1.0800
14774,1.0800
14774,1.0800
14774,1.0800
14774,1.0800
14784,1.0800
14785,1.0800
14785,1.0800
14785,1.0800
14785,1.0800
14795,1.0800
14795,1.0800
14795,1.0800
14795,1.0800
14795,1.0800
14806,1.0800
14806,1.0800
14806,1.0800
14806,1.0800
14806,1.0800
14816,1.0800
14816,1.0800
14816,1.0800
14816,1.0800
14817,1.0800
14827,1.0800
14827,1.0800
14827,1.0800
14827,1.0800
14827,1.0800
14837,1.0800
14837,1.0800
14838,1.0800
14838,1.0800
14838,1.0800
14848,1.0800
14848,1.0800
14848,1.0800
14848,1.0800
14848,1.0800
14859,1.0800
14859,1.0800
14859,1.0800
14859,1.0800
14859,1.0800
14869,1.0800
14869,1.0800
14869,1.0800
14869,1.0800
14869,1.0800
14880,1.0800
14880,1.0800
14880,1.0800
14880,1.0800
14880,1.0800
14890,1.0800
14890,1.0800
14890,1.0800
14891,1.0800
14891,1.0800
14901,1.0800
14901,1.0800
14901,1.0800
14901,1.0800
14901,1.0800
14912,1.0800
14912,1.0800
14912,1.0800
14912,1.0800
14912,1.0800
14922,1.0800
14922,1.0800
14922,1.0800
14922,1.0800
14922,1.0800
14933,1.0800
14933,1.0800
14933,1.0800
14933,1.0800
14933,1.0800
14943,1.0800
14943,1.0800
14943,1.0800
14944,1.0800
14944,1.0800
14954,1.0800
14954,1.0800
14954,1.0800
14954,1.0800
14954,1.0800
14964,1.0800
14965,1.0800
14965,1.0800
14965,1.0800
14965,1.0800
14975,1.0800
14975,1.0800
14975,1.0800
14975,1.0800
14975,1.0800
14986,1.0800
14986,1.0800
14986,1.0800
14986,1.0800
14986,1.0800
14996,1.0800
14996,1.0800
14996,1.0800
14996,1.0800
14997,1.0800
15007,1.0800
15007,1.0800
15007,1.0800
15007,1.0800
15007,1.0800
15017,1.0800
15018,1.0800
15018,1.0800
15018,1.0800
15018,1.0800
15028,1.8100
15028,1.8100
15028,1.8100
15028,1.8100
15028,1.8100
15039,1.8100
15039,1.8100
15039,1.8100
15039,1.8100
15039,1.8100
15049,1.8100
15049,1.8100
15049,1.8100
15049,1.8100
15049,1.8100
15060,1.8100
15060,1.8100
15060,1.8100
15060,1.8100
15060,1.8100
15070,1.8100
15070,1.8100
15071,1.8100
15071,1.8100
15071,1.8100
15081,1.8100
15081,1.8100
15081,1.8100
15081,1.8100
15081,1.8100
15092,1.8100
15092,1.8100
15092,1.8100
15092,1.8100
15092,1.8100
15102,1.8100
15102,1.8100
15102,1.8100
15102,1.8100
15102,1.8100
15113,1.8100
15113,1.8100
15113,1.8100
15113,1.8100
15113,1.8100
15123,1.8100
15123,1.8100
15123,1.8100
15124,1.8100
15124,1.8100
15134,1.8100
15134,1.8100
15134,1.8100
15134,1.8100
15134,1.8100
15145,1.8100
15145,1.8100
15145,1.8100
15145,1.8100
15145,1.8100
