17,1.4715
20,1.4804
23,1.4707
26,1.4691
29,1.4731
32,1.4731
35,1.4755
38,1.4675
41,1.4707
44,1.4642
47,1.4707
50,1.4675
53,1.4618
56,1.4675
59,1.4779
62,1.4715
65,1.4675
68,1.4739
71,1.4715
74,1.4707
77,1.4683
80,1.4788
83,1.4675
86,1.4723
89,1.4723
92,1.4691
95,1.4707
98,1.4699
101,1.4812
104,1.4731
107,1.4715
110,1.4739
113,1.4707
116,1.4723
119,1.4755
122,1.4739
125,1.4699
128,1.4675
131,1.4675
134,1.4699
137,1.4723
140,1.4739
143,1.4755
146,1.4642
149,1.4707
152,1.4739
155,1.4715
158,1.4771
161,1.4699
164,1.4699
167,1.4715
170,1.4699
173,1.4667
176,1.4747
179,1.4723
182,1.4723
185,1.4707
188,1.4699
191,1.4731
194,1.4699
197,1.4715
200,1.4723
203,1.4707
206,1.4723
209,1.4683
212,1.4723
215,1.4683
218,1.4659
221,1.4723
224,1.4723
227,1.4497
230,1.4675
233,1.4683
236,1.4820
239,1.4675
242,1.4723
245,1.4739
248,1.4739
251,1.4651
254,1.4755
257,1.4707
260,1.4707
263,1.4691
266,1.4651
269,1.4755
272,1.4699
275,1.4804
278,1.4691
281,1.4691
284,1.4771
287,1.4699
290,1.4707
293,1.4707
296,1.4691
299,1.4739
302,1.4707
305,1.4715
308,1.4723
311,1.4747
314,1.4731
317,1.4691
320,1.4691
323,1.4747
326,1.4723
329,1.4812
332,1.4659
335,1.4723
338,1.4675
341,1.4667
344,1.4659
347,1.4659
350,1.4683
353,1.4691
356,1.4683
359,1.4675
362,1.4675
365,1.4707
368,1.4651
371,1.4667
374,1.4731
377,1.4755
380,1.4739
383,1.4763
386,1.4715
389,1.4675
392,1.4707
395,1.4691
398,1.4691
401,1.4642
404,1.4747
407,1.4707
410,1.4683
413,1.4739
416,1.4586
419,1.4715
422,1.4675
425,1.4731
428,1.4707
438,1.4715
441,1.4675
444,1.4715
447,1.4715
450,1.4683
453,1.4691
456,1.4723
459,1.4715
462,1.4755
465,1.4731
468,1.4699
471,1.4723
474,1.4771
477,1.4707
480,1.4739
483,1.4699
486,1.4747
489,1.4642
492,1.4771
495,1.4691
498,1.4779
501,1.4755
504,1.4707
507,1.4723
510,1.4699
513,1.4755
516,1.4691
519,1.4739
522,1.4731
525,1.4755
528,1.4699
531,1.4699
534,1.4715
537,1.4659
540,1.4739
543,1.4852
546,1.5086
549,1.5215
552,1.5456
555,1.5400
558,1.5207
561,1.4957
564,1.4949
567,1.4884
570,1.4586
573,1.4747
576,1.4820
579,1.4941
582,1.4828
585,1.4828
588,1.4651
591,1.4368
594,1.4175
597,1.3821
600,1.3538
603,1.3208
606,1.2886
609,1.2644
612,1.2362
615,1.2128
618,1.1878
621,1.1758
624,1.1492
627,1.1403
630,1.1322
633,1.1427
636,1.1653
639,1.1935
642,1.2015
645,1.2209
648,1.2370
651,1.2588
654,1.2741
657,1.2862
660,1.2934
663,1.3039
666,1.3136
669,1.3281
672,1.3401
675,1.3426
678,1.3514
681,1.3538
684,1.3627
687,1.3579
690,1.3708
693,1.3756
696,1.3780
699,1.3788
702,1.3845
705,1.3901
708,1.3796
711,1.3788
714,1.3796
717,1.3643
720,1.3547
723,1.3466
726,1.3434
729,1.3393
732,1.3200
735,1.3079
738,1.3023
741,1.2950
744,1.2982
747,1.2805
750,1.2757
753,1.2708
756,1.2636
759,1.2370
762,1.2370
765,1.2249
768,1.2241
771,1.2144
774,1.2072
784,1.1846
787,1.1983
790,1.2040
793,1.2015
796,1.2128
799,1.2241
802,1.2273
805,1.2338
808,1.2370
811,1.2596
814,1.2660
817,1.2749
820,1.2845
823,1.2894
826,1.2974
829,1.2990
832,1.2982
835,1.2990
838,1.3007
841,1.3055
844,1.2974
847,1.3023
850,1.3023
853,1.2999
856,1.2950
859,1.3031
862,1.3079
865,1.3095
868,1.3015
871,1.3023
874,1.2999
877,1.3039
880,1.3023
883,1.2974
886,1.3071
889,1.2966
892,1.2934
895,1.2910
898,1.2902
901,1.2934
904,1.2821
907,1.2805
910,1.2773
913,1.2781
916,1.2773
919,1.2765
922,1.2741
925,1.2741
928,1.2716
931,1.2692
934,1.2644
937,1.2660
940,1.2628
943,1.2588
946,1.2515
949,1.2604
952,1.2579
955,1.2620
958,1.2588
961,1.2612
964,1.2555
967,1.2596
970,1.2620
973,1.2644
976,1.2596
979,1.2636
982,1.2644
985,1.2596
988,1.2612
991,1.2596
994,1.2588
997,1.2636
1000,1.2612
1003,1.2579
1006,1.2644
1009,1.2644
1012,1.2628
1015,1.2644
1018,1.2652
1021,1.2676
1024,1.2588
1027,1.2612
1030,1.2620
1040,1.2708
1043,1.2741
1046,1.2716
1049,1.2676
1052,1.2700
1055,1.2757
1058,1.2692
1061,1.2684
1064,1.2781
1067,1.3103
1070,1.3595
1073,1.3998
1076,1.4167
1079,1.4489
1082,1.4594
1085,1.4626
1088,1.4433
1091,1.4336
1094,1.4135
1097,1.4062
1100,1.4038
1103,1.4095
1106,1.4006
1109,1.4022
1112,1.3796
1115,1.3426
1118,1.3079
1121,1.2660
1124,1.2684
1127,1.2588
1130,1.2620
1140,1.2837
1143,1.2942
1146,1.3047
1149,1.3144
1152,1.3224
1155,1.3273
1158,1.3256
1161,1.3321
1164,1.3281
1167,1.3273
1170,1.3224
1173,1.3256
1176,1.3015
1179,1.3023
1182,1.3007
1185,1.2837
1188,1.2805
1191,1.2894
1194,1.2926
1197,1.2934
1200,1.2999
1203,1.2974
1206,1.2966
1209,1.3023
1212,1.3071
1215,1.3015
1218,1.3031
1221,1.3023
1224,1.3031
1234,1.2910
1237,1.2853
1240,1.2894
1243,1.2878
1246,1.2870
1249,1.2894
1252,1.2902
1255,1.2894
1258,1.2870
1261,1.2813
1264,1.2773
1267,1.2805
1270,1.2797
1273,1.2757
1276,1.2716
1279,1.2773
1282,1.2708
1285,1.2813
1288,1.2805
1291,1.2636
1294,1.2692
1297,1.2692
1300,1.2676
1303,1.2644
1306,1.2660
1309,1.2676
1312,1.2636
1315,1.2716
1318,1.2660
1321,1.2636
1324,1.2612
1334,1.2716
1337,1.2716
1340,1.2757
1343,1.2733
1346,1.2733
1349,1.2716
1352,1.2741
1355,1.2741
1358,1.2692
1361,1.2749
1364,1.2716
1367,1.2741
1370,1.2684
1373,1.2636
1376,1.2644
1379,1.2684
1382,1.2741
1385,1.2725
1388,1.2660
1391,1.2894
1394,1.2676
1397,1.2716
1400,1.2636
1403,1.2676
1406,1.2660
1409,1.2676
1412,1.2716
1415,1.2660
1418,1.2579
1428,1.2668
1431,1.2708
1434,1.2741
1437,1.2676
1440,1.2684
1443,1.2660
1446,1.2668
1449,1.2684
1452,1.2741
1455,1.2741
1458,1.2668
1461,1.2676
1464,1.2652
1467,1.2660
1470,1.2684
1473,1.2757
1476,1.2684
1479,1.2684
1482,1.2660
1485,1.2692
1488,1.2652
1491,1.2700
1494,1.2716
1497,1.2725
1500,1.2636
1503,1.2652
1506,1.2676
1509,1.2894
1512,1.3015
1522,1.2716
1525,1.2692
1528,1.2708
1531,1.2652
1534,1.2684
1537,1.2733
1540,1.2708
1543,1.2684
1546,1.2741
1549,1.2628
1552,1.2757
1555,1.2684
1558,1.2692
1561,1.2676
1564,1.2692
1567,1.2660
1570,1.2733
1573,1.2684
1576,1.2725
1579,1.2716
1582,1.2644
1585,1.2660
1588,1.2741
1591,1.2684
1594,1.2733
1597,1.2692
1600,1.2644
1603,1.2628
1606,1.2692
1616,1.2741
1619,1.2692
1622,1.2716
1625,1.2692
1628,1.2725
1631,1.2620
1634,1.2725
1637,1.2636
1640,1.2708
1643,1.2684
1646,1.2749
1649,1.2725
1652,1.2733
1655,1.2708
1658,1.2684
1661,1.2023
1664,1.2596
1667,1.2684
1670,1.2749
1673,1.2684
1676,1.2676
1679,1.2716
1682,1.2676
1685,1.2668
1688,1.2725
1691,1.2700
1694,1.2716
1697,1.2708
1700,1.2692
1703,1.2716
1706,1.2708
1716,1.2652
1719,1.2660
1722,1.2660
1725,1.2692
1728,1.2781
1731,1.2684
1734,1.2692
1737,1.2708
1740,1.2684
1743,1.2708
1746,1.2628
1749,1.2692
1752,1.2749
1755,1.2660
1758,1.2684
1761,1.2708
1764,1.2757
1767,1.2676
1770,1.2644
1773,1.2676
1776,1.2700
1779,1.2676
1782,1.2660
1785,1.2716
1788,1.2725
1791,1.2692
1794,1.2733
1797,1.2733
1800,1.2684
1810,1.2741
1813,1.2733
1816,1.2741
1819,1.2676
1822,1.2676
1825,1.2692
1828,1.2692
1831,1.2692
1834,1.2684
1837,1.2692
1840,1.2660
1843,1.2652
1846,1.2676
1849,1.2660
1852,1.2708
1855,1.2741
1858,1.2676
1861,1.2692
1864,1.2725
1867,1.2668
1870,1.2733
1873,1.2708
1876,1.2620
1879,1.2692
1882,1.2733
1885,1.2684
1888,1.2636
1891,1.2692
1894,1.2652
1904,1.2716
1907,1.2733
1910,1.2708
1913,1.2684
1916,1.2660
1919,1.2684
1922,1.2636
1925,1.2684
1928,1.2741
1931,1.2620
1934,1.2692
1937,1.2725
1940,1.2708
1943,1.2725
1946,1.2773
1949,1.2644
1952,1.2716
1955,1.2644
1958,1.2700
1961,1.2725
1964,1.2644
1967,1.2741
1970,1.2692
1973,1.2676
1976,1.2636
1979,1.2741
1982,1.2692
1985,1.2708
1988,1.2821
1998,1.2652
2001,1.2676
2004,1.2628
2007,1.2636
2010,1.2749
2013,1.2644
2016,1.2652
2019,1.2765
2022,1.2676
2025,1.2652
2028,1.2741
2031,1.2660
2034,1.2725
2037,1.2725
2040,1.2692
2043,1.2692
2046,1.2716
2049,1.2725
2052,1.2652
2055,1.2652
2058,1.2652
2061,1.2676
2064,1.2676
2067,1.2596
2070,1.2716
2073,1.2684
2076,1.2684
2079,1.2708
2082,1.2668
2085,1.2684
2088,1.2636
2098,1.2692
2101,1.2676
2104,1.2660
2107,1.2741
2110,1.2999
2113,1.3361
2116,1.3845
2119,1.4288
2122,1.4626
2125,1.4916
2128,1.5029
2131,1.5263
2134,1.4916
2137,1.4788
2140,1.4659
2143,1.4433
2146,1.4312
2149,1.4296
2152,1.4215
2155,1.4135
2158,1.3845
2161,1.3538
2164,1.3127
2167,1.2894
2170,1.2523
2173,1.2370
2176,1.2370
2179,1.2588
2182,1.2644
2185,1.2845
2188,1.2982
2198,1.3555
2201,1.3111
2204,1.3297
2207,1.3256
2210,1.3281
2213,1.3321
2216,1.3281
2219,1.3232
2222,1.3168
2225,1.3055
2228,1.2934
2231,1.2894
2234,1.2894
2237,1.2870
2240,1.2918
2243,1.3047
2246,1.3007
2249,1.2999
2252,1.2990
2255,1.3023
2258,1.3039
2261,1.3079
2264,1.3111
2267,1.3031
2270,1.3031
2273,1.3023
2276,1.2902
2279,1.2894
2282,1.2813
2292,1.2837
2295,1.2773
2298,1.2853
2301,1.2797
2304,1.2821
2307,1.2765
2310,1.2716
2313,1.2757
2316,1.2773
2319,1.2749
2322,1.2765
2325,1.2813
2328,1.2708
2331,1.2741
2334,1.2716
2337,1.2684
2340,1.2684
2343,1.2692
2346,1.2628
2349,1.2636
2352,1.2579
2355,1.2636
2358,1.2539
2361,1.2370
2364,1.2628
2367,1.2555
2370,1.2523
2373,1.2370
2376,1.2563
2386,1.2684
2389,1.2596
2392,1.2652
2395,1.2636
2398,1.2684
2401,1.2716
2404,1.2660
2407,1.2684
2410,1.2628
2413,1.2692
2416,1.2644
2419,1.2620
2422,1.2684
2425,1.2684
2428,1.2636
2431,1.2596
2434,1.2612
2437,1.2628
2440,1.2725
2443,1.2644
2446,1.2596
2449,1.2636
2452,1.2604
2455,1.2660
2458,1.2660
2461,1.2652
2464,1.2668
2467,1.2628
2470,1.2700
2473,1.2741
2476,1.2684
2486,1.2660
2489,1.2660
2492,1.2644
2495,1.2644
2498,1.2628
2501,1.2628
2504,1.2918
2507,1.2644
2510,1.2612
2513,1.2652
2516,1.2644
2519,1.2636
2522,1.2636
2525,1.2644
2528,1.2644
2531,1.2676
2534,1.2660
2537,1.2725
2540,1.2644
2543,1.2620
2546,1.2612
2549,1.2692
2552,1.2668
2555,1.2644
2558,1.2644
2561,1.2652
2564,1.2596
2567,1.2644
2570,1.2652
2580,1.2708
2583,1.2612
2586,1.2660
2589,1.2668
2592,1.2652
2595,1.2644
2598,1.2636
2601,1.2716
2604,1.2652
2607,1.2628
2610,1.2660
2613,1.2636
2616,1.2676
2619,1.2644
2622,1.2660
2625,1.2628
2628,1.2579
2631,1.2741
2634,1.2918
2637,1.3426
2640,1.3700
2643,1.3909
2646,1.4127
2649,1.4167
2652,1.4167
2655,1.3885
2658,1.3369
2661,1.3772
2664,1.3796
2667,1.3837
2670,1.3804
2680,1.3281
2683,1.3144
2686,1.2765
2689,1.2725
2692,1.2636
2695,1.2612
2698,1.2741
2701,1.2708
2704,1.2765
2707,1.2765
2710,1.2829
2713,1.2974
2716,1.3007
2719,1.3047
2722,1.3144
2725,1.3071
2728,1.3136
2731,1.3176
2734,1.3079
2737,1.3039
2740,1.2918
2743,1.2918
2746,1.2821
2749,1.2765
2752,1.2668
2755,1.2531
2758,1.2370
2761,1.2370
2764,1.2370
2774,1.2757
2777,1.2789
2780,1.2845
2783,1.2781
2786,1.2902
2789,1.2862
2792,1.2934
2795,1.2902
2798,1.2934
2801,1.2894
2804,1.2837
2807,1.2781
2810,1.2773
2813,1.2813
2816,1.2781
2819,1.2765
2822,1.1846
2825,1.2765
2828,1.2733
2831,1.2765
2834,1.2781
2837,1.2072
2840,1.2845
2843,1.2781
2846,1.2821
2849,1.2781
2852,1.2805
2855,1.2894
2858,1.2781
2868,1.2829
2871,1.2773
2874,1.2821
2877,1.2805
2880,1.2765
2883,1.2853
2886,1.2813
2889,1.2741
2892,1.2829
2895,1.2781
2898,1.2765
2901,1.2773
2904,1.2829
2907,1.2765
2910,1.2789
2913,1.2797
2916,1.2781
2919,1.2797
2922,1.2797
2925,1.2870
2928,1.2773
2931,1.2733
2934,1.2821
2937,1.2789
2940,1.2781
2943,1.2813
2946,1.2805
2949,1.2773
2952,1.2765
2955,1.2781
2958,1.2845
2968,1.2821
2971,1.2725
2974,1.2789
2977,1.2789
2980,1.2870
2983,1.2765
2986,1.2765
2989,1.2773
2992,1.2845
2995,1.2813
2998,1.2805
3001,1.2765
3004,1.2773
3007,1.2765
3010,1.2837
3013,1.2765
3016,1.2813
3019,1.2821
3022,1.2789
3025,1.2773
3028,1.2789
3031,1.2805
3034,1.2837
3037,1.2781
3040,1.2765
3043,1.2781
3046,1.2765
3049,1.2813
3052,1.2781
3062,1.2773
3065,1.2805
3068,1.2805
3071,1.2805
3074,1.2773
3077,1.2765
3080,1.2765
3083,1.2781
3086,1.2765
3089,1.2789
3092,1.2821
3095,1.2845
3098,1.2813
3101,1.2789
3104,1.2773
3107,1.2773
3110,1.2797
3113,1.2853
3116,1.2749
3119,1.2805
3122,1.2813
3125,1.2789
3128,1.2757
3131,1.2845
3134,1.2813
3137,1.2765
3140,1.2845
3143,1.2853
3146,1.2853
3156,1.2716
3159,1.2886
3162,1.2942
3165,1.2821
3168,1.2894
3171,1.2926
3174,1.3015
3177,1.2999
3180,1.3192
3183,1.2950
3186,1.2934
3189,1.2966
3192,1.2789
3195,1.2886
3198,1.2878
3201,1.2781
3204,1.2797
3207,1.2870
3210,1.2845
3213,1.2813
3216,1.2894
3219,1.2878
3222,1.2781
3225,1.2781
3228,1.2773
3231,1.2725
3234,1.2773
3237,1.2765
3240,1.2765
3243,1.2781
3246,1.2805
3256,1.2781
3259,1.2805
3262,1.2845
3265,1.2781
3268,1.2765
3271,1.2878
3274,1.2829
3277,1.2805
3280,1.2781
3283,1.2765
3286,1.2853
3289,1.2789
3292,1.2813
3295,1.2789
3298,1.2773
3301,1.2765
3304,1.2781
3307,1.2765
3310,1.2821
3313,1.2837
3316,1.2765
3319,1.2805
3322,1.2773
3325,1.2773
3328,1.2757
3331,1.2789
3334,1.2765
3337,1.2765
3340,1.2821
3350,1.2773
3353,1.2765
3356,1.2813
3359,1.2765
3362,1.2813
3365,1.2781
3368,1.2789
3371,1.2805
3374,1.2749
3377,1.2805
3380,1.2781
3383,1.2797
3386,1.2757
3389,1.2805
3392,1.2805
3395,1.2773
3398,1.2773
3401,1.2781
3404,1.2757
3407,1.2805
3410,1.2773
3413,1.2765
3416,1.2813
3419,1.2797
3422,1.2797
3425,1.2813
3428,1.2741
3431,1.2741
3434,1.2773
3444,1.2765
3447,1.2870
3450,1.2757
3453,1.2765
3456,1.2789
3459,1.2805
3462,1.2773
3465,1.2821
3468,1.2789
3471,1.2813
3474,1.2813
3477,1.2757
3480,1.2765
3483,1.2749
3486,1.2797
3489,1.2765
3492,1.2781
3495,1.2797
3498,1.2878
3501,1.2805
3504,1.2829
3507,1.2862
3510,1.2765
3513,1.2805
3516,1.2765
3519,1.2870
3522,1.2781
3525,1.2773
3528,1.2789
3538,1.2781
3541,1.2773
3544,1.2821
3547,1.2773
3550,1.2781
3553,1.2765
3556,1.2773
3559,1.2765
3562,1.2813
3565,1.2765
3568,1.2845
3571,1.2805
3574,1.2773
3577,1.2765
3580,1.2781
3583,1.2773
3586,1.2781
3589,1.2757
3592,1.2821
3595,1.2765
3598,1.2781
3601,1.2765
3604,1.2773
3607,1.2765
3610,1.2805
3613,1.2757
3616,1.2789
3619,1.2797
3622,1.2765
3625,1.2821
3628,1.2765
3638,1.2821
3641,1.2773
3644,1.2789
3647,1.2757
3650,1.2765
3653,1.2781
3656,1.2749
3659,1.2757
3662,1.2797
3665,1.2789
3668,1.2805
3671,1.2789
3674,1.2773
3677,1.2781
3680,1.2813
3683,1.2773
3686,1.2765
3689,1.2765
3692,1.2813
3695,1.2765
3698,1.2765
3701,1.2821
3704,1.2700
3707,1.2773
3710,1.2765
3713,1.2934
3716,1.2765
3719,1.2692
3722,1.2781
3732,1.2829
3735,1.2725
3738,1.2805
3741,1.2781
3744,1.2765
3747,1.2781
3750,1.2781
3753,1.2773
3756,1.2789
3759,1.2757
3762,1.2773
3765,1.2781
3768,1.2773
3771,1.2813
3774,1.2878
3777,1.2773
3780,1.2797
3783,1.2878
3786,1.2805
3789,1.2757
3792,1.2749
3795,1.2813
3798,1.2773
3801,1.2765
3804,1.2773
3807,1.2789
3810,1.2765
3813,1.2797
3816,1.2797
3826,1.2765
3829,1.2765
3832,1.2797
3835,1.2765
3838,1.2813
3841,1.2765
3844,1.2845
3847,1.2829
3850,1.2765
3853,1.2765
3856,1.2805
3859,1.2765
3862,1.2765
3865,1.2765
3868,1.2781
3871,1.2765
3874,1.2870
3877,1.2805
3880,1.2757
3883,1.2781
3886,1.1935
3889,1.2821
3892,1.2821
3895,1.2797
3898,1.2805
3901,1.2749
3904,1.2725
3907,1.2781
3910,1.2853
3913,1.2765
3916,1.2789
3926,1.2757
3929,1.2773
3932,1.2765
3935,1.2837
3938,1.2773
3941,1.2821
3944,1.2789
3947,1.2749
3950,1.2773
3953,1.2765
3956,1.2837
3959,1.2805
3962,1.2773
3965,1.2773
3968,1.2789
3971,1.2725
3974,1.2765
3977,1.2765
3980,1.2813
3983,1.2773
3986,1.2781
3989,1.2821
3992,1.2789
3995,1.2765
3998,1.2773
4001,1.2773
4004,1.2797
4007,1.2789
4010,1.2813
4020,1.2781
4023,1.2789
4026,1.2781
4029,1.2765
4032,1.2789
4035,1.2765
4038,1.2773
4041,1.2781
4044,1.1919
4047,1.2781
4050,1.2765
4053,1.2797
4056,1.2813
4059,1.2773
4062,1.2821
4065,1.2765
4068,1.2789
4071,1.2773
4074,1.2773
4077,1.3047
4080,1.2773
4083,1.2765
4086,1.2773
4089,1.2797
4092,1.2765
4095,1.2853
4098,1.2749
4101,1.2765
4104,1.2757
4114,1.2781
4117,1.2813
4120,1.2733
4123,1.2853
4126,1.2821
4129,1.2757
4132,1.2716
4135,1.2813
4138,1.3063
4141,1.3458
4144,1.3837
4147,1.4256
4150,1.4796
4153,1.5336
4156,1.5747
4159,1.5996
4162,1.6222
4165,1.6303
4168,1.6383
4171,1.6198
4174,1.5892
4177,1.5601
4180,1.5255
4183,1.5029
4186,1.4876
4189,1.4699
4192,1.4473
4195,1.4054
4198,1.3498
4201,1.2878
4204,1.2652
4207,1.2370
4210,1.2579
4220,1.3240
4223,1.3410
4226,1.3490
4229,1.3563
4232,1.3627
4235,1.3821
4238,1.3925
4241,1.3949
4244,1.3917
4247,1.3974
4250,1.3998
4253,1.3982
4256,1.3917
4259,1.3845
4262,1.3772
4265,1.3579
4268,1.3434
4271,1.3385
4274,1.3313
4277,1.3361
4280,1.3410
4283,1.3555
4286,1.3643
4289,1.3708
4292,1.3756
4295,1.3796
4298,1.3796
4301,1.3724
4304,1.3748
4314,1.3643
4317,1.3482
4320,1.3377
4323,1.3329
4326,1.3224
4329,1.3144
4332,1.3136
4335,1.3127
4338,1.3127
4341,1.3095
4344,1.3111
4347,1.3152
4350,1.3144
4353,1.3168
4356,1.3079
4359,1.3136
4362,1.3168
4365,1.3103
4368,1.3047
4371,1.3031
4374,1.3039
4377,1.3023
4380,1.3023
4383,1.2982
4386,1.2918
4389,1.2934
4392,1.2886
4395,1.2982
4398,1.2950
4401,1.3700
4404,1.4103
4414,1.5996
4417,1.6673
4420,1.7358
4423,1.7898
4426,1.8180
4429,1.8180
4432,1.7681
4435,1.7173
4438,1.6496
4441,1.5900
4444,1.5416
4447,1.4828
4450,1.4788
4453,1.4433
4456,1.3853
4459,1.3063
4462,1.2716
4465,1.2523
4468,1.2676
4471,1.2684
4474,1.2789
4477,1.2805
4480,1.2942
4483,1.3321
4486,1.3458
4489,1.3619
4492,1.3724
4495,1.3643
4498,1.3756
4501,1.3821
4504,1.3966
4514,1.3716
4517,1.3538
4520,1.3442
4523,1.3313
4526,1.3313
4529,1.3321
4532,1.3401
4535,1.3450
4538,1.3466
4541,1.3434
4544,1.3426
4547,1.3361
4550,1.3313
4553,1.3305
4556,1.3329
4559,1.3369
4562,1.3256
4565,1.3200
4568,1.3127
4571,1.3144
4574,1.3063
4577,1.3337
4580,1.3031
4583,1.2934
4586,1.2894
4589,1.2853
4592,1.2765
4595,1.2765
4598,1.2692
4608,1.2612
4611,1.2620
4614,1.2620
4617,1.2644
4620,1.2652
4623,1.2628
4626,1.2692
4629,1.2644
4632,1.2692
4635,1.2716
4638,1.2684
4641,1.2676
4644,1.2676
4647,1.2725
4650,1.2692
4653,1.2652
4656,1.2805
4659,1.3144
4662,1.3611
4665,1.4175
4668,1.4715
4671,1.5126
4674,1.5811
4677,1.6351
4680,1.6891
4683,1.7294
4686,1.7576
4689,1.7584
4692,1.7382
4695,1.7036
4698,1.6552
4701,1.5932
4704,1.5545
4714,1.4240
4717,1.3667
4720,1.3208
4723,1.2974
4726,1.3047
4729,1.3023
4732,1.3047
4735,1.2999
4738,1.3055
4741,1.3337
4744,1.3538
4747,1.3692
4750,1.3708
4753,1.3651
4756,1.3643
4759,1.3748
4762,1.3748
4765,1.3684
4768,1.3708
4771,1.3627
4774,1.3538
4777,1.3506
4780,1.3538
4783,1.3555
4786,1.3692
4789,1.3692
4792,1.3796
4795,1.3764
4798,1.3764
4808,1.3651
4811,1.3603
4814,1.3748
4817,1.3692
4820,1.3788
4823,1.3772
4826,1.3764
4829,1.3716
4832,1.3643
4835,1.3619
4838,1.3538
4841,1.3466
4844,1.3361
4847,1.3281
4850,1.3208
4853,1.3538
4856,1.3103
4859,1.2982
4862,1.2894
4865,1.2894
4868,1.2886
4871,1.2853
4874,1.2862
4877,1.2765
4880,1.2765
4883,1.2821
4886,1.2765
4889,1.2765
4892,1.2765
4902,1.2789
4905,1.2765
4908,1.2765
4911,1.2765
4914,1.2741
4917,1.2749
4920,1.2853
4923,1.3538
4926,1.4046
4929,1.4570
4932,1.5037
4935,1.5489
4938,1.6206
4941,1.6681
4944,1.6996
4947,1.7205
4950,1.7358
4953,1.7004
4956,1.6689
4959,1.6141
4962,1.5610
4965,1.5416
4968,1.4973
4971,1.4916
4974,1.4546
4977,1.4046
4980,1.3353
4983,1.3039
4986,1.2765
4989,1.2910
4992,1.2765
4995,1.2845
4998,1.3023
5008,1.3538
5011,1.3579
5014,1.3595
5017,1.3812
5020,1.3853
5023,1.3837
5026,1.3812
5029,1.3796
5032,1.3748
5035,1.3611
5038,1.3724
5041,1.3514
5044,1.3410
5047,1.3305
5050,1.3337
5053,1.3450
5056,1.3418
5059,1.3506
5062,1.3538
5065,1.3538
5068,1.3579
5071,1.3611
5074,1.3538
5077,1.3821
5080,1.3675
5083,1.3635
5086,1.3579
5089,1.3490
5092,1.3458
5102,1.3410
5105,1.3281
5108,1.3281
5111,1.3256
5114,1.3152
5117,1.3160
5120,1.3039
5123,1.3111
5126,1.2999
5129,1.2934
5132,1.2918
5135,1.2894
5138,1.2886
5141,1.2894
5144,1.2773
5147,1.2765
5150,1.2781
5153,1.2773
5156,1.2862
5159,1.2829
5162,1.2789
5165,1.2878
5168,1.2765
5171,1.2870
5174,1.2773
5177,1.2886
5180,1.2870
5183,1.2894
5186,1.2886
5189,1.2894
5192,1.2894
5202,1.2910
5205,1.2974
5208,1.3297
5211,1.3627
5214,1.4046
5217,1.4417
5220,1.4820
5223,1.5142
5226,1.5344
5229,1.5360
5232,1.5384
5235,1.5384
5238,1.5336
5241,1.5110
5244,1.4771
5247,1.4610
5250,1.4554
5253,1.3522
5256,1.4296
5259,1.4054
5262,1.3675
5265,1.3401
5268,1.3579
5271,1.2620
5274,1.2370
5277,1.2338
5280,1.2612
5283,1.2878
5286,1.3023
5289,1.3224
5292,1.3305
5302,1.3853
5305,1.4046
5308,1.4062
5311,1.4175
5314,1.4256
5317,1.4288
5320,1.4240
5323,1.4215
5326,1.4167
5329,1.4111
5332,1.3990
5335,1.3877
5338,1.3796
5341,1.3635
5344,1.3587
5347,1.3418
5350,1.3281
5353,1.3160
5356,1.3023
5359,1.3023
5362,1.3063
5365,1.3184
5368,1.3208
5371,1.3353
5374,1.3450
5377,1.3490
5380,1.3538
5383,1.3538
5386,1.3667
5396,1.3659
5399,1.3667
5402,1.3659
5405,1.3675
5408,1.3563
5411,1.3530
5414,1.3466
5417,1.3514
5420,1.3401
5423,1.3426
5426,1.3410
5429,1.3337
5432,1.3273
5435,1.3136
5438,1.3168
5441,1.3095
5444,1.3047
5447,1.2974
5450,1.2974
5453,1.2942
5456,1.2982
5459,1.2982
5462,1.3160
5465,1.3466
5468,1.3925
5471,1.4377
5474,1.4852
5477,1.5344
5480,1.5859
5483,1.6456
5486,1.6915
5489,1.7382
5492,1.7527
5502,1.6657
5505,1.6061
5508,1.5432
5511,1.5086
5514,1.4884
5517,1.4610
5520,1.4054
5523,1.3329
5526,1.2942
5529,1.2765
5532,1.2853
5535,1.2813
5538,1.2934
5541,1.2894
5544,1.3079
5547,1.3273
5550,1.3361
5553,1.3587
5556,1.3708
5559,1.3538
5562,1.3587
5565,1.3651
5568,1.3708
5571,1.3643
5574,1.3619
5577,1.3538
5580,1.3506
5583,1.3434
5586,1.3458
5596,1.3410
5599,1.3563
5602,1.3530
5605,1.3514
5608,1.3595
5611,1.3708
5614,1.3385
5617,1.3490
5620,1.3538
5623,1.3482
5626,1.3152
5629,1.3466
5632,1.3530
5635,1.3490
5638,1.3418
5641,1.3514
5644,1.3337
5647,1.3281
5650,1.3232
5653,1.3136
5656,1.3023
5659,1.3007
5662,1.2990
5665,1.2902
5668,1.2902
5671,1.2886
5674,1.2845
5677,1.2870
5680,1.2813
5690,1.2789
5693,1.2813
5696,1.2797
5699,1.2821
5702,1.2902
5705,1.2878
5708,1.2765
5711,1.2749
5714,1.2813
5717,1.2773
5720,1.2644
5723,1.2757
5726,1.2990
5729,1.3538
5732,1.4006
5735,1.4465
5738,1.4876
5741,1.5464
5744,1.5908
5747,1.6303
5750,1.6593
5753,1.6689
5756,1.6689
5759,1.6585
5762,1.6238
5765,1.5835
5768,1.5303
5771,1.5078
5774,1.4916
5777,1.4723
5780,1.4328
5783,1.4038
5786,1.3393
5796,1.2620
5799,1.2660
5802,1.2757
5805,1.3023
5808,1.3289
5811,1.3522
5814,1.3538
5817,1.3563
5820,1.3756
5823,1.3829
5826,1.4054
5829,1.3901
5832,1.3949
5835,1.3941
5838,1.3949
5841,1.3869
5844,1.3812
5847,1.3692
5850,1.3643
5853,1.3450
5856,1.3410
5859,1.3281
5862,1.3361
5865,1.3418
5868,1.3514
5871,1.3587
5874,1.3611
5877,1.3724
5880,1.3748
5890,1.3756
5893,1.3692
5896,1.3675
5899,1.3538
5902,1.3482
5905,1.3337
5908,1.3281
5911,1.3136
5914,1.3111
5917,1.3047
5920,1.3119
5923,1.3047
5926,1.3127
5929,1.3039
5932,1.3079
5935,1.3095
5938,1.3047
5941,1.3023
5944,1.3023
5947,1.3023
5950,1.3023
5953,1.3063
5956,1.2966
5959,1.3015
5962,1.3023
5965,1.2990
5968,1.2934
5971,1.3015
5974,1.2999
5977,1.2894
5980,1.2910
5990,1.2894
5993,1.2926
5996,1.3031
5999,1.3393
6002,1.3812
6005,1.4167
6008,1.4368
6011,1.4610
6014,1.4788
6017,1.4828
6020,1.4771
6023,1.4796
6026,1.4779
6029,1.4659
6032,1.4626
6035,1.4546
6038,1.4514
6041,1.4441
6044,1.4352
6047,1.4191
6050,1.3949
6053,1.3756
6056,1.3538
6059,1.3329
6062,1.3152
6065,1.3063
6068,1.3079
6071,1.3127
6074,1.3264
6077,1.3361
6080,1.3418
6090,1.3611
6093,1.3740
6096,1.3796
6099,1.3933
6102,1.3966
6105,1.4022
6108,1.3974
6111,1.4014
6114,1.3958
6117,1.3925
6120,1.3877
6123,1.3780
6126,1.3796
6129,1.3772
6132,1.3740
6135,1.3748
6138,1.4304
6141,1.3708
6144,1.3563
6147,1.3530
6150,1.3490
6153,1.3458
6156,1.3393
6159,1.3410
6162,1.3337
6165,1.3281
6168,1.3281
6171,1.3264
6174,1.3160
6184,1.3063
6187,1.3103
6190,1.3192
6193,1.3208
6196,1.3144
6199,1.3256
6202,1.3281
6205,1.3321
6208,1.3361
6211,1.3434
6214,1.3450
6217,1.3434
6220,1.3418
6223,1.3530
6226,1.3506
6229,1.3538
6232,1.3538
6235,1.3538
6238,1.3563
6241,1.3555
6244,1.3571
6247,1.3538
6250,1.3530
6253,1.3547
6256,1.3538
6259,1.3555
6262,1.3675
6265,1.3675
6268,1.3708
6278,1.3780
6281,1.3724
6284,1.3740
6287,1.3772
6290,1.3740
6293,1.3708
6296,1.3756
6299,1.3708
6302,1.3901
6305,1.3724
6308,1.3700
6311,1.3788
6314,1.3796
6317,1.3700
6320,1.3917
6323,1.4240
6326,1.4570
6329,1.4916
6332,1.5207
6335,1.5344
6338,1.5344
6341,1.5207
6344,1.5062
6347,1.4804
6350,1.4715
6353,1.4530
6356,1.4457
6359,1.4401
6362,1.4103
6365,1.3925
6368,1.3796
6371,1.3788
6374,1.3675
6384,1.3176
6387,1.3063
6390,1.2950
6393,1.2958
6396,1.2918
6399,1.2974
6402,1.2958
6405,1.2805
6408,1.2845
6411,1.2692
6414,1.2652
6417,1.2636
6420,1.2531
6423,1.2660
6426,1.2765
6429,1.2894
6432,1.2958
6435,1.3007
6438,1.3643
6441,1.3127
6444,1.3023
6447,1.2974
6450,1.2966
6453,1.2974
6456,1.3007
6459,1.3015
6462,1.3071
6465,1.3023
6468,1.3015
6478,1.3031
6481,1.3039
6484,1.3039
6487,1.3144
6490,1.3023
6493,1.3031
6496,1.3031
6499,1.2942
6502,1.2894
6505,1.2845
6508,1.2821
6511,1.2934
6514,1.2716
6517,1.2773
6520,1.2781
6523,1.2789
6526,1.2813
6529,1.2894
6532,1.2886
6535,1.2821
6538,1.2918
6541,1.2894
6544,1.2878
6547,1.2910
6550,1.2886
6553,1.2845
6556,1.2894
6559,1.2853
6562,1.2821
6572,1.2725
6575,1.2797
6578,1.2773
6581,1.2773
6584,1.2765
6587,1.2870
6590,1.2845
6593,1.2821
6596,1.2886
6599,1.2853
6602,1.2845
6605,1.2886
6608,1.2837
6611,1.2837
6614,1.2862
6617,1.2862
6620,1.2878
6623,1.2813
6626,1.2870
6629,1.2821
6632,1.2870
6635,1.2805
6638,1.2821
6641,1.2789
6644,1.2813
6647,1.2789
6650,1.2249
6653,1.2853
6656,1.2765
6666,1.2862
6669,1.2870
6672,1.2894
6675,1.2870
6678,1.2821
6681,1.2805
6684,1.2845
6687,1.2821
6690,1.2765
6693,1.2837
6696,1.2805
6699,1.2870
6702,1.2797
6705,1.2821
6708,1.2886
6711,1.2813
6714,1.2797
6717,1.2773
6720,1.2789
6723,1.2853
6726,1.2813
6729,1.2853
6732,1.2781
6735,1.2821
6738,1.2821
6741,1.2781
6744,1.2781
6747,1.2781
6750,1.2853
6753,1.2805
6756,1.2797
6766,1.2797
6769,1.2853
6772,1.2886
6775,1.2749
6778,1.2853
6781,1.2821
6784,1.2821
6787,1.2853
6790,1.2781
6793,1.2797
6796,1.2821
6799,1.2821
6802,1.2821
6805,1.2837
6808,1.2813
6811,1.2805
6814,1.2870
6817,1.2853
6820,1.2886
6823,1.2886
6826,1.2910
6829,1.2870
6832,1.2821
6835,1.2870
6838,1.2765
6841,1.2894
6844,1.3103
6847,1.3450
6850,1.3788
6853,1.3917
6856,1.4175
6866,1.3901
6869,1.3853
6872,1.3909
6875,1.3909
6878,1.3837
6881,1.3837
6884,1.3627
6887,1.3538
6890,1.3329
6893,1.3127
6896,1.2894
6899,1.2716
6902,1.2628
6905,1.2612
6908,1.2757
6911,1.2757
6914,1.2789
6917,1.2781
6920,1.2821
6923,1.2982
6926,1.3047
6929,1.3168
6932,1.3079
6935,1.3111
6938,1.3127
6941,1.3063
6944,1.3039
6947,1.3007
6950,1.2982
6960,1.2757
6963,1.2652
6966,1.2628
6969,1.2684
6972,1.2604
6975,1.2660
6978,1.2733
6981,1.2765
6984,1.2805
6987,1.2878
6990,1.2910
6993,1.2942
6996,1.2966
6999,1.2982
7002,1.3023
7005,1.2999
7008,1.2918
7011,1.2966
7014,1.2910
7017,1.2894
7020,1.2853
7023,1.2878
7026,1.2878
7029,1.2797
7032,1.2805
7035,1.2773
7038,1.2805
7041,1.2821
7044,1.2805
7054,1.2821
7057,1.2870
7060,1.2845
7063,1.2853
7066,1.2894
7069,1.2886
7072,1.2894
7075,1.2926
7078,1.2781
7081,1.2894
7084,1.2870
7087,1.2870
7090,1.2886
7093,1.2886
7096,1.2765
7099,1.2837
7102,1.2797
7105,1.2821
7108,1.2845
7111,1.2853
7114,1.2853
7117,1.2870
7120,1.2862
7123,1.2870
7126,1.2902
7129,1.2870
7132,1.2886
7135,1.2894
7138,1.2894
7148,1.2813
7151,1.2878
7154,1.2781
7157,1.2773
7160,1.2813
7163,1.2894
7166,1.2845
7169,1.2845
7172,1.2837
7175,1.2781
7178,1.2773
7181,1.2870
7184,1.2837
7187,1.2853
7190,1.2886
7193,1.2821
7196,1.2926
7199,1.2862
7202,1.2878
7205,1.2870
7208,1.2837
7211,1.2821
7214,1.2805
7217,1.2789
7220,1.2765
7223,1.2773
7226,1.2886
7229,1.2926
7232,1.2886
7235,1.2821
7238,1.2853
7248,1.2870
7251,1.2853
7254,1.2845
7257,1.2902
7260,1.2878
7263,1.2862
7266,1.2853
7269,1.2910
7272,1.2813
7275,1.2878
7278,1.2821
7281,1.2886
7284,1.2918
7287,1.2853
7290,1.2845
7293,1.2845
7296,1.2837
7299,1.2886
7302,1.2886
7305,1.2813
7308,1.2837
7311,1.2894
7314,1.2837
7317,1.2821
7320,1.2821
7323,1.2845
7326,1.2797
7329,1.2789
7332,1.2765
7342,1.2813
7345,1.2821
7348,1.2870
7351,1.2201
7354,1.2878
7357,1.2813
7360,1.2837
7363,1.2853
7366,1.3111
7369,1.3675
7372,1.3796
7375,1.3949
7378,1.4288
7381,1.4240
7384,1.4135
7387,1.3941
7390,1.3804
7393,1.3788
7396,1.3990
7399,1.3853
7402,1.3788
7405,1.3659
7408,1.3530
7411,1.3337
7414,1.3144
7417,1.2821
7420,1.2765
7423,1.2636
7426,1.2676
7429,1.2749
7432,1.2765
7442,1.2870
7445,1.2910
7448,1.3039
7451,1.3127
7454,1.3176
7457,1.3184
7460,1.3063
7463,1.3136
7466,1.3095
7469,1.3007
7472,1.2982
7475,1.2926
7478,1.2853
7481,1.2765
7484,1.2781
7487,1.2628
7490,1.2563
7493,1.2644
7496,1.2749
7499,1.2749
7502,1.2781
7505,1.2813
7508,1.2837
7511,1.2894
7514,1.2958
7517,1.2910
7520,1.2942
7523,1.2974
7526,1.3023
7536,1.2974
7539,1.2894
7542,1.2894
7545,1.2894
7548,1.2837
7551,1.2902
7554,1.2870
7557,1.2805
7560,1.2676
7563,1.2757
7566,1.2773
7569,1.2853
7572,1.2870
7575,1.2853
7578,1.2894
7581,1.2837
7584,1.2870
7587,1.2845
7590,1.2902
7593,1.2878
7596,1.2910
7599,1.2894
7602,1.2886
7605,1.2894
7608,1.2789
7611,1.2813
7614,1.2789
7617,1.2853
7620,1.2773
7630,1.2845
7633,1.2894
7636,1.2797
7639,1.2813
7642,1.2878
7645,1.2821
7648,1.2902
7651,1.2845
7654,1.2853
7657,1.2862
7660,1.2918
7663,1.2894
7666,1.2862
7669,1.2805
7672,1.2821
7675,1.2789
7678,1.2862
7681,1.2813
7684,1.2870
7687,1.2789
7690,1.2878
7693,1.2845
7696,1.2773
7699,1.3031
7702,1.2845
7705,1.2878
7708,1.2894
7711,1.2837
7714,1.2845
7717,1.2821
7720,1.2845
7730,1.2853
7733,1.2870
7736,1.2902
7739,1.2837
7742,1.2918
7745,1.2870
7748,1.2886
7751,1.2886
7754,1.2870
7757,1.2789
7760,1.2886
7763,1.2821
7766,1.2837
7769,1.2837
7772,1.2870
7775,1.2878
7778,1.2813
7781,1.2805
7784,1.2870
7787,1.2845
7790,1.2862
7793,1.2853
7796,1.2797
7799,1.2870
7802,1.2902
7805,1.2821
7808,1.2886
7811,1.2853
7814,1.2878
7824,1.2894
7827,1.2870
7830,1.2853
7833,1.2821
7836,1.2886
7839,1.2878
7842,1.2813
7845,1.2878
7848,1.2845
7851,1.2853
7854,1.3264
7857,1.2845
7860,1.2894
7863,1.2813
7866,1.2918
7869,1.2878
7872,1.2805
7875,1.2886
7878,1.2966
7881,1.2902
7884,1.2870
7887,1.2870
7890,1.2902
7893,1.2999
7896,1.2982
7899,1.2853
7902,1.2886
7905,1.2886
7908,1.2813
7918,1.2853
7921,1.2894
7924,1.2894
7927,1.2789
7930,1.2886
7933,1.2837
7936,1.2870
7939,1.2813
7942,1.2821
7945,1.2781
7948,1.2870
7951,1.2829
7954,1.2797
7957,1.2813
7960,1.2821
7963,1.2853
7966,1.2870
7969,1.2821
7972,1.2918
7975,1.2805
7978,1.2870
7981,1.2845
7984,1.2878
7987,1.2902
7990,1.2853
7993,1.2853
7996,1.2853
7999,1.2942
8002,1.2870
8012,1.2845
8015,1.2821
8018,1.2870
8021,1.2902
8024,1.2870
8027,1.2886
8030,1.2862
8033,1.2950
8036,1.2886
8039,1.2886
8042,1.2845
8045,1.2894
8048,1.2829
8051,1.2813
8054,1.2886
8057,1.2853
8060,1.3047
8063,1.2862
8066,1.2878
8069,1.2837
8072,1.2845
8075,1.2862
8078,1.2845
8081,1.2821
8084,1.2813
8087,1.2918
8090,1.2821
8093,1.2870
8096,1.2878
8099,1.2773
8102,1.2821
8112,1.2837
8115,1.2813
8118,1.2886
8121,1.2870
8124,1.2837
8127,1.2853
8130,1.2853
8133,1.2805
8136,1.2878
8139,1.2894
8142,1.2886
8145,1.2853
8148,1.2821
8151,1.2886
8154,1.2886
8157,1.2910
8160,1.2950
8163,1.2853
8166,1.2862
8169,1.2805
8172,1.2837
8175,1.2781
8178,1.2862
8181,1.2789
8184,1.2894
8187,1.2845
8190,1.2870
8193,1.2894
8196,1.2886
8206,1.2862
8209,1.2886
8212,1.2837
8215,1.2862
8218,1.2853
8221,1.2894
8224,1.2821
8227,1.2910
8230,1.2862
8233,1.2870
8236,1.2837
8239,1.2797
8242,1.2878
8245,1.2773
8248,1.2821
8251,1.2821
8254,1.2878
8257,1.2894
8260,1.2862
8263,1.2765
8266,1.2886
8269,1.2821
8272,1.2789
8275,1.2813
8278,1.2918
8281,1.2821
8284,1.2886
8287,1.2878
8290,1.2886
8300,1.2918
8303,1.2813
8306,1.2805
8309,1.2870
8312,1.2902
8315,1.2853
8318,1.2853
8321,1.2878
8324,1.2805
8327,1.2845
8330,1.2821
8333,1.2853
8336,1.2862
8339,1.2805
8342,1.2886
8345,1.2862
8348,1.2805
8351,1.2789
8354,1.2853
8357,1.2845
8360,1.2813
8363,1.2789
8366,1.2870
8369,1.2894
8372,1.2853
8375,1.2853
8378,1.2870
8381,1.2781
8384,1.2853
8387,1.2894
8390,1.3079
8400,1.3031
8403,1.2813
8406,1.2894
8409,1.2902
8412,1.2853
8415,1.3023
8418,1.2886
8421,1.2870
8424,1.2773
8427,1.2821
8430,1.2886
8433,1.2878
8436,1.2853
8439,1.2886
8442,1.2821
8445,1.2789
8448,1.2966
8451,1.3248
8454,1.3619
8457,1.4143
8460,1.4473
8463,1.4812
8466,1.5062
8469,1.5166
8472,1.4997
8475,1.4844
8478,1.4828
8481,1.4570
8484,1.4393
8487,1.4272
8490,1.4336
8500,1.3619
8503,1.3248
8506,1.2974
8509,1.2596
8512,1.2515
8515,1.2370
8518,1.2604
8521,1.2628
8524,1.2813
8527,1.2982
8530,1.3007
8533,1.3111
8536,1.3119
8539,1.3152
8542,1.3281
8545,1.3297
8548,1.3297
8551,1.3321
8554,1.3281
8557,1.3281
8560,1.3240
8563,1.3176
8566,1.3023
8569,1.3055
8572,1.3071
8575,1.3103
8578,1.3103
8581,1.3127
8584,1.3079
8587,1.3063
8590,1.3047
8593,1.3047
8596,1.3063
8599,1.3119
8602,1.3071
8605,1.3111
8608,1.3031
8611,1.3023
8614,1.3015
8617,1.3023
8620,1.2982
8623,1.3039
8626,1.2990
8629,1.2982
8632,1.2990
8642,1.2878
8645,1.2821
8648,1.2781
8651,1.2749
8654,1.2789
8657,1.2644
8660,1.2708
8663,1.2700
8666,1.2644
8669,1.2660
8672,1.2660
8675,1.2708
8678,1.2612
8681,1.2676
8684,1.2878
8687,1.2628
8690,1.2596
8693,1.2547
8696,1.2579
8699,1.2636
8702,1.2563
8705,1.2515
8708,1.2596
8711,1.2596
8714,1.2555
8717,1.2579
8720,1.2652
8723,1.2644
8726,1.2652
8729,1.2660
8732,1.2684
8742,1.2749
8745,1.2668
8748,1.2676
8751,1.2725
8754,1.2644
8757,1.2652
8760,1.2733
8763,1.2725
8766,1.2716
8769,1.2668
8772,1.2676
8775,1.2676
8778,1.2692
8781,1.2716
8784,1.2725
8787,1.2789
8790,1.2725
8793,1.2765
8796,1.2757
8799,1.2773
8802,1.2773
8805,1.2725
8808,1.2749
8811,1.2757
8814,1.2652
8817,1.2660
8820,1.2708
8823,1.2708
8826,1.2765
8836,1.2692
8839,1.2757
8842,1.2708
8845,1.2676
8848,1.2692
8851,1.2733
8854,1.2725
8857,1.2749
8860,1.2716
8863,1.2757
8866,1.2708
8869,1.2749
8872,1.2676
8875,1.2749
8878,1.2700
8881,1.2636
8884,1.2692
8887,1.2725
8890,1.2708
8893,1.2660
8896,1.2725
8899,1.2692
8902,1.2708
8905,1.2676
8908,1.2725
8911,1.2652
8914,1.2741
8917,1.2692
8920,1.2708
8930,1.2725
8933,1.2741
8936,1.2660
8939,1.2708
8942,1.2725
8945,1.2676
8948,1.2765
8951,1.2652
8954,1.2749
8957,1.2716
8960,1.2652
8963,1.2668
8966,1.2684
8969,1.2725
8972,1.2765
8975,1.2644
8978,1.2644
8981,1.2676
8984,1.2773
8987,1.2716
8990,1.2676
8993,1.2668
8996,1.2749
8999,1.2692
9002,1.2765
9005,1.2692
9008,1.2692
9011,1.2692
9014,1.2692
9017,1.2708
9020,1.2765
9030,1.2725
9033,1.2676
9036,1.2733
9039,1.2725
9042,1.2684
9045,1.2725
9048,1.2684
9051,1.2757
9054,1.2733
9057,1.2741
9060,1.2741
9063,1.2708
9066,1.2741
9069,1.2716
9072,1.2757
9075,1.2749
9078,1.2684
9081,1.2725
9084,1.2684
9087,1.2708
9090,1.2692
9093,1.2692
9096,1.3039
9099,1.2644
9102,1.2725
9105,1.2749
9108,1.2668
9111,1.2708
9114,1.2708
9124,1.2644
9127,1.2676
9130,1.2692
9133,1.2700
9136,1.2725
9139,1.2716
9142,1.2725
9145,1.2676
9148,1.2676
9151,1.2741
9154,1.2749
9157,1.2692
9160,1.2757
9163,1.2652
9166,1.2725
9169,1.2733
9172,1.2765
9175,1.2676
9178,1.2725
9181,1.2708
9184,1.2676
9187,1.2725
9190,1.2725
9193,1.2749
9196,1.2781
9199,1.2741
9202,1.2692
9205,1.2708
9208,1.2733
9218,1.2757
9221,1.2620
9224,1.2692
9227,1.2684
9230,1.2660
9233,1.2676
9236,1.2741
9239,1.2741
9242,1.2765
9245,1.2676
9248,1.2765
9251,1.2765
9254,1.2708
9257,1.2692
9260,1.2692
9263,1.2692
9266,1.2741
9269,1.2708
9272,1.2684
9275,1.2692
9278,1.2733
9281,1.2725
9284,1.2700
9287,1.2692
9290,1.2660
9293,1.2765
9296,1.2370
9299,1.2765
9302,1.2676
9305,1.2676
9308,1.2708
9318,1.2725
9321,1.2773
9324,1.2725
9327,1.2749
9330,1.2757
9333,1.2725
9336,1.2708
9339,1.2765
9342,1.2733
9345,1.2716
9348,1.2725
9351,1.2708
9354,1.2741
9357,1.2692
9360,1.2749
9363,1.2757
9366,1.2708
9369,1.2676
9372,1.2741
9375,1.2676
9378,1.2765
9381,1.2692
9384,1.2725
9387,1.2741
9390,1.2708
9393,1.2692
9396,1.2684
9399,1.2733
9402,1.2644
9412,1.2684
9415,1.2749
9418,1.2692
9421,1.2636
9424,1.3281
9427,1.2741
9430,1.2676
9433,1.2765
9436,1.2692
9439,1.2563
9442,1.2692
9445,1.2676
9448,1.2741
9451,1.2676
9454,1.2725
9457,1.2725
9460,1.2725
9463,1.2716
9466,1.2733
9469,1.2725
9472,1.2692
9475,1.2765
9478,1.2652
9481,1.2813
9484,1.2708
9487,1.2741
9490,1.2725
9493,1.2708
9496,1.2660
9506,1.2725
9509,1.2692
9512,1.2757
9515,1.2684
9518,1.2668
9521,1.2676
9524,1.2644
9527,1.2604
9530,1.2636
9533,1.2652
9536,1.2708
9539,1.2725
9542,1.2733
9545,1.2644
9548,1.2628
9551,1.2692
9554,1.2708
9557,1.2708
9560,1.2660
9563,1.2700
9566,1.2749
9569,1.2741
9572,1.2765
9575,1.2741
9578,1.2692
9581,1.2765
9584,1.2765
9587,1.2725
9590,1.2725
9593,1.2716
9596,1.2692
9606,1.2741
9609,1.2757
9612,1.2757
9615,1.2725
9618,1.2749
9621,1.2781
9624,1.2684
9627,1.2660
9630,1.2596
9633,1.2765
9636,1.2725
9639,1.2741
9642,1.2716
9645,1.2716
9648,1.2692
9651,1.2821
9654,1.2733
9657,1.2612
9660,1.2765
9663,1.2676
9666,1.2725
9669,1.2757
9672,1.2725
9675,1.2700
9678,1.2716
9681,1.2652
9684,1.2523
9687,1.2716
9690,1.2636
9700,1.2749
9703,1.2612
9706,1.2749
9709,1.2692
9712,1.2652
9715,1.2741
9718,1.2628
9721,1.2708
9724,1.2588
9727,1.2692
9730,1.2716
9733,1.2725
9736,1.2708
9739,1.2676
9742,1.2684
9745,1.2684
9748,1.2692
9751,1.2765
9754,1.2741
9757,1.2636
9760,1.2668
9763,1.2716
9766,1.2660
9769,1.2725
9772,1.2668
9775,1.2620
9778,1.2684
9781,1.2708
9784,1.2725
9794,1.2660
9797,1.2765
9800,1.2596
9803,1.2716
9806,1.2716
9809,1.2733
9812,1.2684
9815,1.2741
9818,1.2620
9821,1.2676
9824,1.2644
9827,1.2644
9830,1.2692
9833,1.2749
9836,1.2725
9839,1.2733
9842,1.2596
9845,1.2765
9848,1.2716
9851,1.2628
9854,1.2725
9857,1.2708
9860,1.2741
9863,1.2604
9866,1.2757
9869,1.2749
9872,1.2725
9875,1.2725
9878,1.2668
9881,1.2676
9884,1.2708
9894,1.2684
9897,1.2741
9900,1.2708
9903,1.2620
9906,1.2644
9909,1.2612
9912,1.2749
9915,1.2716
9918,1.2733
9921,1.2725
9924,1.2660
9927,1.2620
9930,1.2676
9933,1.2725
9936,1.2765
9939,1.2716
9942,1.2708
9945,1.2676
9948,1.2725
9951,1.2676
9954,1.2684
9957,1.2684
9960,1.2741
9963,1.2805
9966,1.2692
9969,1.2716
9972,1.2773
9975,1.2684
9978,1.2749
9988,1.2725
9991,1.2757
9994,1.2684
9997,1.2668
10000,1.2716
10003,1.2708
10006,1.2660
10009,1.2733
10012,1.2741
10015,1.2716
10018,1.2660
10021,1.2749
10024,1.2765
10027,1.2765
10030,1.2692
10033,1.2684
10036,1.2725
10039,1.2644
10042,1.2733
10052,1.2652
10055,1.2692
10058,1.2741
10061,1.2628
10064,1.2660
10067,1.2708
10070,1.2708
10073,1.2725
10076,1.2660
10079,1.2765
10082,1.2708
10085,1.2789
10088,1.2765
10091,1.2716
10094,1.2628
10097,1.2660
10100,1.2757
10110,1.2773
10113,1.2765
10116,1.2741
10119,1.2684
10122,1.2733
10125,1.2370
10128,1.2692
10131,1.2652
10134,1.2660
10137,1.2716
10140,1.2741
10143,1.2684
10146,1.2741
10149,1.2765
10152,1.2636
10155,1.2716
10158,1.2757
10161,1.2676
10164,1.2652
10174,1.2757
10177,1.2692
10180,1.2684
10183,1.2684
10186,1.2725
10189,1.2684
10192,1.2741
10195,1.2652
10198,1.2733
10201,1.2692
10204,1.2749
10207,1.2612
10210,1.2749
10213,1.2684
10216,1.2765
10219,1.2644
10222,1.2716
10232,1.2684
10235,1.2708
10238,1.2725
10241,1.2749
10244,1.2733
10247,1.2644
10250,1.2749
10253,1.2733
10256,1.2660
10259,1.2644
10262,1.2708
10265,1.2757
10268,1.2765
10271,1.2708
10274,1.2725
10277,1.2676
10280,1.2725
10290,1.2660
10293,1.2716
10296,1.2644
10299,1.2708
10302,1.2749
10305,1.2684
10308,1.2692
10311,1.2676
10314,1.2773
10317,1.2644
10320,1.2725
10323,1.2692
10326,1.2773
10329,1.2660
10332,1.2668
10335,1.2716
10338,1.2708
10348,1.2636
10351,1.2676
10354,1.2725
10357,1.2725
10360,1.2741
10363,1.2749
10366,1.2725
10369,1.2692
10372,1.2676
10375,1.2733
10378,1.2692
10381,1.2765
10384,1.2684
10387,1.2757
10390,1.2692
10393,1.2725
10396,1.2716
10406,1.2765
10409,1.2733
10412,1.2716
10415,1.2676
10418,1.2749
10421,1.2716
10424,1.2765
10427,1.2765
10430,1.2692
10433,1.2660
10436,1.2757
10439,1.2757
10442,1.2725
10445,1.2749
10448,1.2757
10451,1.2636
10454,1.2660
10457,1.2684
10468,1.2676
10471,1.2765
10474,1.2741
10477,1.2725
10480,1.2628
10483,1.2725
10486,1.2749
10489,1.2676
10492,1.2684
10495,1.2733
10498,1.2725
10501,1.2628
10504,1.2692
10507,1.2660
10510,1.2708
10513,1.2692
10516,1.2765
10519,1.2660
10530,1.2628
10533,1.2765
10536,1.2620
10539,1.2725
10542,1.2725
10545,1.2644
10548,1.2733
10551,1.2741
10554,1.2725
10557,1.2676
10560,1.2757
10563,1.2757
10566,1.2708
10569,1.2692
10572,1.2708
10575,1.2708
10578,1.2684
10581,1.2660
10592,1.2765
10595,1.2733
10598,1.2676
10601,1.2644
10604,1.2716
10607,1.2652
10610,1.2733
10613,1.2684
10616,1.2644
10619,1.2692
10622,1.2749
10625,1.2636
10628,1.2716
10631,1.2708
10634,1.2821
10637,1.2725
10640,1.2725
10643,1.2725
10654,1.2741
10657,1.2716
10660,1.2757
10663,1.2716
10666,1.2692
10669,1.2749
10672,1.2725
10675,1.2749
10678,1.2805
10681,1.2765
10684,1.2604
10687,1.2716
10690,1.2725
10693,1.2765
10696,1.2878
10699,1.2370
10702,1.2684
10705,1.2765
10708,1.2555
10718,1.2805
10721,1.2660
10724,1.2837
10727,1.2805
10730,1.2692
10733,1.2716
10736,1.2725
10739,1.2692
10742,1.2652
10745,1.2789
10748,1.2845
10751,1.2741
10754,1.2725
10757,1.2757
10760,1.2749
10763,1.2692
10766,1.2741
10776,1.2676
10779,1.2684
10782,1.2805
10785,1.2805
10788,1.2644
10791,1.2636
10794,1.2684
10797,1.2765
10800,1.2757
10803,1.2668
10806,1.2684
10809,1.2684
10812,1.2765
10815,1.2741
10818,1.2741
10821,1.2765
10824,1.2612
10834,1.2676
10837,1.2668
10840,1.2765
10843,1.2725
10846,1.2716
10849,1.2749
10852,1.2716
10855,1.2757
10858,1.2725
10861,1.2692
10864,1.2725
10867,1.2684
10870,1.2781
10873,1.2692
10876,1.2692
10879,1.2676
10882,1.2700
10892,1.2741
10895,1.2628
10898,1.2716
10901,1.2733
10904,1.2708
10907,1.2749
10910,1.2708
10913,1.2741
10916,1.2716
10919,1.2741
10922,1.2716
10925,1.2676
10928,1.2716
10931,1.2708
10934,1.2684
10937,1.2684
10940,1.2749
10950,1.2837
10953,1.2749
10956,1.2612
10959,1.2749
10962,1.2684
10965,1.2741
10968,1.2660
10971,1.2644
10974,1.2749
10977,1.2660
10980,1.2668
10983,1.2620
10986,1.2725
10989,1.2757
10992,1.2725
10995,1.2757
10998,1.2708
11001,1.2676
11012,1.2765
11015,1.2886
11018,1.2757
11021,1.2676
11024,1.2652
11027,1.2660
11030,1.2692
11033,1.2757
11036,1.2733
11039,1.2741
11042,1.2692
11045,1.2684
11048,1.2692
11051,1.2692
11054,1.2636
11057,1.2692
11060,1.2733
11063,1.2716
11074,1.2733
11077,1.2716
11080,1.2660
11083,1.2749
11086,1.2725
11089,1.2700
11092,1.2676
11095,1.2708
11098,1.2757
11101,1.2620
11104,1.2716
11107,1.2692
11110,1.2725
11113,1.2741
11116,1.2660
11119,1.2668
11122,1.2692
11125,1.2725
11136,1.2684
11139,1.2725
11142,1.2716
11145,1.2765
11148,1.2741
11151,1.2765
11154,1.2741
11157,1.2676
11160,1.2660
11163,1.2660
11166,1.2708
11169,1.3426
11172,1.2660
11175,1.2596
11178,1.2708
11181,1.2684
11184,1.2628
11187,1.2716
11190,1.2700
11200,1.2652
11203,1.2757
11206,1.2757
11209,1.2708
11212,1.2708
11215,1.2628
11218,1.2684
11221,1.2692
11224,1.2708
11227,1.2692
11230,1.2684
11233,1.2765
11236,1.2692
11239,1.2765
11242,1.2918
11245,1.2676
11248,1.2741
11258,1.2725
11261,1.2725
11264,1.2660
11267,1.2692
11270,1.2757
11273,1.2692
11276,1.2708
11279,1.2725
11282,1.2628
11285,1.2741
11288,1.2716
11291,1.2741
11294,1.2660
11297,1.2676
11300,1.2684
11303,1.2676
11306,1.2676
11316,1.2725
11319,1.2733
11322,1.2725
11325,1.2708
11328,1.2757
11331,1.2668
11334,1.2716
11337,1.2676
11340,1.2741
11343,1.2676
11346,1.2684
11349,1.2684
11352,1.2676
11355,1.2676
11358,1.2668
11361,1.2692
11364,1.2749
11374,1.2716
11377,1.2773
11380,1.2692
11383,1.2757
11386,1.2725
11389,1.2757
11392,1.2741
11395,1.2716
11398,1.2692
11401,1.2741
11404,1.2749
11407,1.2628
11410,1.2684
11413,1.2692
11416,1.2684
11419,1.2789
11422,1.2757
11432,1.2692
11435,1.2684
11438,1.2716
11441,1.2700
11444,1.2725
11447,1.2765
11450,1.2757
11453,1.2684
11456,1.2676
11459,1.2716
11462,1.2660
11465,1.2644
11468,1.2684
11471,1.2692
11474,1.2725
11477,1.2757
11480,1.2708
11483,1.2708
11494,1.2692
11497,1.2676
11500,1.2741
11503,1.2716
11506,1.2757
11509,1.2716
11512,1.2660
11515,1.2676
11518,1.2716
11521,1.2692
11524,1.2708
11527,1.2765
11530,1.2684
11533,1.2676
11536,1.2676
11539,1.2692
11542,1.2684
11545,1.2733
11556,1.2676
11559,1.2684
11562,1.2676
11565,1.2660
11568,1.2749
11571,1.2716
11574,1.2733
11577,1.2757
11580,1.2708
11583,1.2692
11586,1.2620
11589,1.2676
11592,1.2741
11595,1.2708
11598,1.2757
11601,1.2741
11604,1.2716
11607,1.2741
11610,1.2741
11620,1.2652
11623,1.2708
11626,1.2733
11629,1.2660
11632,1.2765
11635,1.2644
11638,1.2765
11641,1.2660
11644,1.2733
11647,1.2692
11650,1.2708
11653,1.2660
11656,1.2660
11659,1.2692
11662,1.2749
11665,1.2660
11668,1.2741
11678,1.2765
11681,1.3176
11684,1.2765
11687,1.2660
11690,1.2692
11693,1.2660
11696,1.2741
11699,1.2708
11702,1.2684
11705,1.2725
11708,1.2692
11711,1.2692
11714,1.2708
11717,1.2692
11720,1.2749
11723,1.2660
11726,1.2741
11736,1.2757
11739,1.2660
11742,1.2636
11745,1.2652
11748,1.2660
11751,1.2765
11754,1.2725
11757,1.2765
11760,1.2676
11763,1.2652
11766,1.2708
11769,1.2660
11772,1.2668
11775,1.2652
11778,1.2700
11781,1.2370
11784,1.2692
11794,1.2692
11797,1.2660
11800,1.2725
11803,1.2757
11806,1.2692
11809,1.2725
11812,1.2757
11815,1.2692
11818,1.2676
11821,1.2692
11824,1.2765
11827,1.2684
11830,1.2628
11833,1.2773
11836,1.2741
11839,1.2708
11842,1.2692
11852,1.2765
11855,1.2894
11858,1.2725
11861,1.2628
11864,1.2668
11867,1.2725
11870,1.2684
11873,1.2725
11876,1.2644
11879,1.2676
11882,1.2725
11885,1.2684
11888,1.2765
11891,1.2676
11894,1.2733
11897,1.2660
11900,1.2725
11903,1.2725
11906,1.2716
11916,1.2660
11919,1.2716
11922,1.2668
11925,1.2668
11928,1.2692
11931,1.2692
11934,1.2716
11937,1.2716
11940,1.2708
11943,1.2757
11946,1.2741
11949,1.2692
11952,1.2741
11955,1.2716
11958,1.2684
11961,1.2692
11964,1.2733
11974,1.2725
11977,1.2684
11980,1.2636
11983,1.2652
11986,1.2725
11989,1.2692
11992,1.2716
11995,1.2652
11998,1.2692
12001,1.2741
12004,1.2716
12007,1.2716
12010,1.2708
12013,1.2684
12016,1.2725
12019,1.2644
12022,1.2708
12032,1.2725
12035,1.2692
12038,1.2716
12041,1.2765
12044,1.2370
12047,1.2692
12050,1.2716
12053,1.2692
12056,1.2725
12059,1.2725
12062,1.2628
12065,1.2652
12068,1.2757
12071,1.2708
12074,1.2749
12077,1.2733
12080,1.2733
12090,1.2733
12093,1.2257
12096,1.2644
12099,1.2692
12102,1.2749
12105,1.2676
12108,1.2676
12111,1.2676
12114,1.2716
12117,1.2692
12120,1.2716
12123,1.2668
12126,1.2620
12129,1.2725
12132,1.2725
12135,1.2765
12138,1.2708
12148,1.2708
12151,1.2684
12154,1.2716
12157,1.2765
12160,1.2684
12163,1.2716
12166,1.2781
12169,1.2692
12172,1.2692
12175,1.2765
12178,1.2676
12181,1.2765
12184,1.2757
12187,1.2725
12190,1.2725
12193,1.2628
12196,1.2700
12199,1.2741
12210,1.2660
12213,1.1975
12216,1.2765
12219,1.2668
12222,1.2749
12225,1.2660
12228,1.2708
12231,1.2652
12234,1.2684
12237,1.2741
12240,1.2725
12243,1.2741
12246,1.2765
12249,1.2676
12252,1.2708
12255,1.2692
12258,1.2684
12261,1.2765
12272,1.2716
12275,1.2676
12278,1.2749
12281,1.2684
12284,1.2676
12287,1.2676
12290,1.2708
12293,1.2725
12296,1.2684
12299,1.2676
12302,1.2692
12305,1.2692
12308,1.2918
12311,1.2741
12314,1.2668
12317,1.2765
12320,1.2692
12323,1.2660
12334,1.2644
12337,1.2612
12340,1.2668
12343,1.2749
12346,1.2652
12349,1.2692
12352,1.2676
12355,1.2620
12358,1.2692
12361,1.2676
12364,1.2636
12367,1.2684
12370,1.2684
12373,1.2716
12376,1.2725
12379,1.2765
12382,1.2354
12385,1.2725
12396,1.2708
12399,1.2660
12402,1.2684
12405,1.2660
12408,1.2741
12411,1.2692
12414,1.2700
12417,1.2628
12420,1.2765
12423,1.2644
12426,1.2749
12429,1.2708
12432,1.2692
12435,1.2725
12438,1.2741
12441,1.2700
12444,1.2660
12447,1.2845
12450,1.2725
12460,1.2668
12463,1.2725
12466,1.2700
12469,1.2652
12472,1.2684
12475,1.2749
12478,1.2692
12481,1.2716
12484,1.2765
12487,1.2708
12490,1.2708
12493,1.2805
12496,1.2741
12499,1.2741
12502,1.2725
12505,1.2716
12508,1.2684
12518,1.2725
12521,1.2588
12524,1.2588
12527,1.2765
12530,1.2547
12533,1.2676
12536,1.2555
12539,1.2902
12542,1.2370
12545,1.2596
12548,1.2749
12551,1.2733
12554,1.2652
12557,1.2660
12560,1.2757
12563,1.2725
12566,1.2660
12576,1.2684
12579,1.2636
12582,1.2765
12585,1.2765
12588,1.2684
12591,1.2725
12594,1.2725
12597,1.2684
12600,1.2765
12603,1.2676
12606,1.2636
12609,1.2708
12612,1.2821
12615,1.2684
12618,1.2733
12621,1.2660
12624,1.2716
12634,1.2765
12637,1.2692
12640,1.2741
12643,1.2781
12646,1.2716
12649,1.2765
12652,1.2716
12655,1.2660
12658,1.2725
12661,1.2741
12664,1.2716
12667,1.2652
12670,1.2725
12673,1.2733
12676,1.2741
12679,1.2741
12682,1.2652
12692,1.2684
12695,1.2692
12698,1.2676
12701,1.2716
12704,1.2700
12707,1.2725
12710,1.2684
12713,1.2708
12716,1.2708
12719,1.2692
12722,1.2716
12725,1.2741
12728,1.2741
12731,1.2708
12734,1.2660
12737,1.2684
12740,1.2765
12743,1.2660
12754,1.2741
12757,1.2757
12760,1.2692
12763,1.2725
12766,1.2765
12769,1.2676
12772,1.2725
12775,1.2757
12778,1.2660
12781,1.2725
12784,1.2757
12787,1.2773
12790,1.2765
12793,1.2733
12796,1.2676
12799,1.2644
12802,1.2644
12805,1.2692
12816,1.2741
12819,1.2725
12822,1.2725
12825,1.2733
12828,1.2676
12831,1.2733
12834,1.2741
12837,1.2692
12840,1.2708
12843,1.2708
12846,1.2716
12849,1.2716
12852,1.2676
12855,1.2716
12858,1.2668
12861,1.2725
12864,1.2716
12867,1.2716
12878,1.2716
12881,1.2708
12884,1.2725
12887,1.2765
12890,1.2652
12893,1.2741
12896,1.2668
12899,1.2660
12902,1.2716
12905,1.2700
12908,1.2741
12911,1.2749
12914,1.2555
12917,1.2676
12920,1.2692
12923,1.2684
12926,1.2708
12929,1.2716
12940,1.2716
12943,1.2725
12946,1.2660
12949,1.2668
12952,1.2708
12955,1.2668
12958,1.2716
12961,1.2741
12964,1.2757
12967,1.2660
12970,1.2660
12973,1.2684
12976,1.2692
12979,1.2765
12982,1.2660
12985,1.2725
12988,1.2749
12991,1.2725
13002,1.2716
13005,1.2660
13008,1.2692
13011,1.2741
13014,1.2708
13017,1.2765
13020,1.2725
13023,1.2741
13026,1.2741
13029,1.2716
13032,1.2660
13035,1.2725
13038,1.2741
13041,1.2725
13044,1.2757
13047,1.2716
13050,1.2692
13053,1.2660
13056,1.2684
13066,1.2684
13069,1.2692
13072,1.2797
13075,1.2692
13078,1.2733
13081,1.2741
13084,1.2692
13087,1.2741
13090,1.2749
13093,1.2757
13096,1.2684
13099,1.2725
13102,1.2741
13105,1.2741
13108,1.2765
13111,1.2700
13114,1.2700
13124,1.2652
13127,1.2660
13130,1.2692
13133,1.2708
13136,1.2765
13139,1.2725
13142,1.2708
13145,1.2700
13148,1.2725
13151,1.2692
13154,1.2749
13157,1.2676
13160,1.2716
13163,1.2725
13166,1.2692
13169,1.2700
13172,1.2708
13182,1.2708
13185,1.2733
13188,1.2741
13191,1.2676
13194,1.2628
13197,1.2676
13200,1.2684
13203,1.2725
13206,1.2725
13209,1.2716
13212,1.2716
13215,1.2660
13218,1.2620
13221,1.2684
13224,1.2708
13227,1.2684
13230,1.2716
13240,1.2692
13243,1.2716
13246,1.2644
13249,1.2692
13252,1.2370
13255,1.2741
13258,1.2733
13261,1.2652
13264,1.2749
13267,1.2612
13270,1.2684
13273,1.2684
13276,1.2692
13279,1.2692
13282,1.2708
13285,1.2676
13288,1.2692
13298,1.2765
13301,1.2636
13304,1.2676
13307,1.2716
13310,1.2733
13313,1.2733
13316,1.2644
13319,1.2773
13322,1.2757
13325,1.2692
13328,1.2765
13331,1.2676
13334,1.2692
13337,1.2765
13340,1.2716
13343,1.2692
13346,1.2725
13349,1.2725
13360,1.2708
13363,1.2741
13366,1.2757
13369,1.2652
13372,1.2692
13375,1.2716
13378,1.2741
13381,1.2749
13384,1.2676
13387,1.2716
13390,1.2765
13393,1.2684
13396,1.2676
13399,1.2692
13402,1.2676
13405,1.2725
13408,1.2725
13411,1.2684
13422,1.2725
13425,1.2725
13428,1.2692
13431,1.2741
13434,1.2708
13437,1.2708
13440,1.2692
13443,1.2716
13446,1.2644
13449,1.2692
13452,1.2692
13455,1.2725
13458,1.2716
13461,1.2644
13464,1.2716
13467,1.2676
13478,1.2725
13481,1.2708
13484,1.2725
13487,1.2628
13490,1.2676
13493,1.2692
13496,1.2708
13499,1.2725
13502,1.2684
13505,1.2716
13508,1.2708
13511,1.2716
13514,1.2757
13517,1.2725
13520,1.2708
13523,1.2765
13526,1.2684
13529,1.2765
13540,1.2725
13543,1.2684
13546,1.2765
13549,1.2741
13552,1.2636
13555,1.2596
13558,1.2684
13561,1.2596
13564,1.2652
13567,1.2692
13570,1.2644
13573,1.2676
13576,1.2733
13579,1.2644
13582,1.2676
13585,1.2692
13588,1.2741
13591,1.2765
13602,1.2676
13605,1.2596
13608,1.2668
13611,1.2668
13614,1.2765
13617,1.2733
13620,1.2725
13623,1.2684
13626,1.2636
13629,1.2700
13632,1.2708
13635,1.2660
13638,1.2676
13641,1.2692
13644,1.2684
13647,1.2741
13650,1.2725
13653,1.2684
13664,1.2684
13667,1.2692
13670,1.2692
13673,1.2725
13676,1.2692
13679,1.2708
13682,1.2749
13685,1.2716
13688,1.2692
13691,1.2636
13694,1.2765
13697,1.2708
13700,1.2692
13703,1.2749
13706,1.2733
13709,1.2716
13712,1.2676
13715,1.2733
13726,1.2716
13729,1.2716
13732,1.2370
13735,1.2692
13738,1.2692
13741,1.2733
13744,1.2644
13747,1.2620
13750,1.2692
13753,1.2765
13756,1.2644
13759,1.2652
13762,1.2733
13765,1.2692
13768,1.2708
13771,1.2741
13774,1.2765
13777,1.2765
13788,1.2692
13791,1.2765
13794,1.2668
13797,1.2676
13800,1.2684
13803,1.2733
13806,1.2684
13809,1.2757
13812,1.2765
13815,1.2757
13818,1.2725
13821,1.2644
13824,1.2765
13827,1.2676
13830,1.2652
13833,1.2741
13836,1.2692
13839,1.2684
13842,1.2749
13852,1.2644
13855,1.2370
13858,1.2757
13861,1.2636
13864,1.2684
13867,1.2733
13870,1.2733
13873,1.2749
13876,1.2741
13879,1.2684
13882,1.2636
13885,1.2676
13888,1.2668
13891,1.2692
13894,1.2716
13897,1.2676
13900,1.2708
13910,1.2708
13913,1.2741
13916,1.2692
13919,1.2692
13922,1.2652
13925,1.2765
13928,1.2725
13931,1.2725
13934,1.2708
13937,1.2579
13940,1.2692
13943,1.3232
13946,1.2692
13949,1.2716
13952,1.2684
13955,1.2692
13958,1.2716
13968,1.2636
13971,1.2652
13974,1.3039
13977,1.3305
13980,1.3482
13983,1.3547
13986,1.3675
13989,1.3700
13992,1.3538
13995,1.3538
13998,1.3538
14001,1.3547
14004,1.3538
14007,1.3538
14010,1.3418
14013,1.3369
14016,1.3289
14026,1.2765
14029,1.2708
14032,1.2684
14035,1.2765
14038,1.2757
14041,1.2765
14044,1.2781
14047,1.2878
14050,1.2644
14053,1.2902
14056,1.2999
14059,1.3023
14062,1.2982
14065,1.2926
14068,1.3007
14071,1.2982
14074,1.2934
14077,1.2845
14088,1.2660
14091,1.2636
14094,1.2547
14097,1.2515
14100,1.2370
14103,1.2370
14106,1.2370
14109,1.2370
14112,1.2370
14115,1.2370
14118,1.2370
14121,1.2370
14124,1.2612
14127,1.2692
14130,1.2531
14133,1.2579
14136,1.2579
14139,1.2708
14142,1.2716
14152,1.2725
14155,1.2660
14158,1.2692
14161,1.2716
14164,1.2692
14167,1.2837
14170,1.2692
14173,1.2765
14176,1.2781
14179,1.2765
14182,1.2765
14185,1.2789
14188,1.2733
14191,1.2765
14194,1.2725
14197,1.2781
14200,1.2749
14210,1.2684
14213,1.2660
14216,1.2628
14219,1.2612
14222,1.2628
14225,1.2684
14228,1.2596
14231,1.2612
14234,1.2579
14237,1.2596
14240,1.2555
14243,1.2596
14246,1.2660
14249,1.2628
14252,1.2652
14255,1.2612
14258,1.2684
14268,1.2579
14271,1.2596
14274,1.2604
14277,1.2636
14280,1.2604
14283,1.2555
14286,1.2725
14289,1.2596
14292,1.2636
14295,1.2628
14298,1.2620
14301,1.2644
14304,1.2628
14307,1.2588
14310,1.2644
14313,1.2652
14316,1.2547
14326,1.2636
14329,1.2563
14332,1.2588
14335,1.2579
14338,1.2555
14341,1.2668
14344,1.2708
14347,1.2612
14350,1.2652
14353,1.2684
14356,1.2628
14359,1.2668
14362,1.2620
14365,1.2668
14368,1.2588
14371,1.2652
14374,1.2628
14384,1.2370
14387,1.2612
14390,1.2708
14393,1.2596
14396,1.2636
14399,1.2620
14402,1.2644
14405,1.2644
14408,1.2676
14411,1.2676
14414,1.2628
14417,1.2660
14420,1.2628
14423,1.2668
14426,1.2628
14429,1.2620
14432,1.2596
14435,1.2596
14446,1.2684
14449,1.2708
14452,1.2725
14455,1.2628
14458,1.2644
14461,1.2644
14464,1.2644
14467,1.2628
14470,1.2636
14473,1.2644
14476,1.2676
14479,1.2596
14482,1.2370
14485,1.2725
14488,1.2958
14491,1.3377
14494,1.3885
14497,1.4240
14500,1.4618
14510,1.4981
14513,1.4997
14516,1.4820
14519,1.4586
14522,1.4441
14525,1.4256
14528,1.4312
14531,1.4232
14534,1.4095
14537,1.3812
14540,1.3708
14543,1.3079
14546,1.2862
14549,1.2523
14552,1.2370
14555,1.2370
14558,1.2523
14568,1.2999
14571,1.3023
14574,1.3168
14577,1.3168
14580,1.3192
14583,1.3401
14586,1.3329
14589,1.3208
14592,1.3281
14595,1.3281
14598,1.3184
14601,1.3063
14604,1.3015
14607,1.2982
14610,1.2966
14613,1.2910
14616,1.2910
14626,1.2999
14629,1.2926
14632,1.3023
14635,1.3079
14638,1.3023
14641,1.3063
14644,1.3023
14647,1.3071
14650,1.2982
14653,1.2942
14656,1.2894
14659,1.2862
14662,1.2934
14665,1.2942
14668,1.2934
14671,1.2894
14674,1.2878
14677,1.2902
14688,1.2765
14691,1.2805
14694,1.2765
14697,1.2741
14700,1.2749
14703,1.2741
14706,1.2757
14709,1.2733
14712,1.2741
14715,1.2741
14718,1.2692
14721,1.2644
14724,1.2644
14727,1.2636
14730,1.2588
14733,1.2644
14736,1.2507
14739,1.2370
14742,1.2612
14752,1.2604
14755,1.2644
14758,1.2765
14761,1.2644
14764,1.2563
14767,1.2741
14770,1.2676
14773,1.2725
14776,1.2692
14779,1.2708
14782,1.2668
14785,1.2725
14788,1.2725
14791,1.2749
14794,1.2660
14797,1.2716
14800,1.2612
14810,1.2668
14813,1.2015
14816,1.2644
14819,1.2644
14822,1.2644
14825,1.2684
14828,1.2652
14831,1.2660
14834,1.2652
14837,1.2725
14840,1.2692
14843,1.2733
14846,1.2636
14849,1.2644
14852,1.2644
14855,1.2644
14858,1.2676
14868,1.2636
14871,1.2660
14874,1.2708
14877,1.2692
14880,1.2555
14883,1.2636
14886,1.2692
14889,1.2588
14892,1.2628
14895,1.2692
14898,1.2305
14901,1.2716
14904,1.2604
14907,1.2644
14910,1.2636
14913,1.2652
14916,1.2652
14926,1.2660
14929,1.2668
14932,1.2652
14935,1.2676
14938,1.2628
14941,1.2660
14944,1.2644
14947,1.2660
14950,1.2652
14953,1.2676
14956,1.2652
14959,1.2620
14962,1.2716
14965,1.2660
14968,1.2596
14971,1.2660
14974,1.2652
14984,1.2644
14987,1.3941
14990,1.2604
14993,1.2692
14996,1.2660
14999,1.2692
15002,1.2708
15005,1.2660
15008,1.2620
15011,1.2652
15014,1.2684
15017,1.2676
15020,1.2628
15023,1.2628
15026,1.2588
15029,1.2660
15032,1.2676
15035,1.2652
15046,1.2579
15049,1.2676
15052,1.2684
15055,1.2636
15058,1.2652
15061,1.2684
15064,1.2676
15067,1.2644
15070,1.2644
15073,1.2628
15076,1.2628
15079,1.2636
15082,1.2668
15085,1.2588
15088,1.2652
15091,1.2821
15094,1.2579
15097,1.2684
15108,1.2692
15111,1.2644
15114,1.2708
15117,1.2668
15120,1.2668
15123,1.2644
15126,1.3063
15129,1.2604
15132,1.2692
15135,1.2628
15138,1.2692
15141,1.2644
15144,1.2652
15147,1.2644
15150,1.2636
15153,1.2684
15156,1.2741
15159,1.2596
15170,1.2668
15173,1.2684
15176,1.2636
15179,1.2620
15182,1.2628
15185,1.2668
15188,1.2636
15191,1.2612
15194,1.2692
15197,1.2628
15200,1.2620
15203,1.2612
15206,1.2676
15209,1.2612
15212,1.2652
15215,1.2652
15218,1.2620
15221,1.2684
15232,1.2652
15235,1.2628
15238,1.2628
15241,1.2660
15244,1.2644
15247,1.2636
15250,1.2668
15253,1.2636
15256,1.2370
15259,1.2636
15262,1.2668
15265,1.2612
15268,1.2612
15271,1.2612
15274,1.2684
15277,1.2676
15280,1.2660
15283,1.2604
15286,1.2644
15296,1.2644
15299,1.2676
15302,1.2692
15305,1.2588
15308,1.2676
15311,1.2636
15314,1.2676
15317,1.2676
15320,1.2684
15323,1.2628
15326,1.2628
15329,1.2652
15332,1.2668
15335,1.2781
15338,1.2660
15341,1.2612
15344,1.2676
15354,1.2660
15357,1.2676
15360,1.2644
15363,1.2644
15366,1.2676
15369,1.2620
15372,1.2652
15375,1.2684
15378,1.2604
15381,1.2644
15384,1.2628
15387,1.2652
15390,1.2692
15393,1.2660
15396,1.2628
15399,1.2644
15402,1.2692
15412,1.2652
15415,1.2636
15418,1.3256
15421,1.2636
15424,1.2692
15427,1.2628
15430,1.2636
15433,1.2660
15436,1.2604
15439,1.2636
15442,1.2628
15445,1.2660
15448,1.2652
15451,1.2636
15454,1.2676
15457,1.2628
15460,1.2644
15470,1.2644
15473,1.2636
15476,1.2628
15479,1.2676
15482,1.2628
15485,1.2660
15488,1.2628
15491,1.2636
15494,1.2628
15497,1.2660
15500,1.2628
15503,1.2716
15506,1.2636
15509,1.2612
15512,1.2652
15515,1.2660
15518,1.2692
15528,1.2612
15531,1.2660
15534,1.3023
15537,1.3289
15540,1.3369
15543,1.3579
15546,1.3675
15549,1.3643
15552,1.3595
15555,1.3426
15558,1.3458
15561,1.3538
15564,1.3538
15567,1.3514
15570,1.3426
15573,1.3329
15576,1.3281
15579,1.3111
15582,1.3007
15592,1.2725
15595,1.2725
15598,1.2692
15601,1.2757
15604,1.2773
15607,1.2741
15610,1.2894
15613,1.2926
15616,1.2950
15619,1.2950
15622,1.2982
15625,1.2974
15628,1.3023
15631,1.2918
15634,1.2999
15637,1.2845
15640,1.2862
15650,1.2588
15653,1.2531
15656,1.2370
15659,1.2370
15662,1.2362
15665,1.2346
15668,1.2370
15671,1.2370
15674,1.2370
15677,1.2370
15680,1.2370
15683,1.2249
15686,1.2563
15689,1.2370
15692,1.2652
15695,1.2620
15698,1.2628
15708,1.2708
15711,1.2676
15714,1.2708
15717,1.2741
15720,1.2725
15723,1.2741
15726,1.2757
15729,1.2725
15732,1.2773
15735,1.2716
15738,1.2757
15741,1.2749
15744,1.2773
15747,1.2813
15750,1.2789
15753,1.2773
15756,1.2773
15766,1.2725
15769,1.2765
15772,1.2741
15775,1.2652
15778,1.2644
15781,1.2692
15784,1.2588
15787,1.2588
15790,1.2797
15793,1.2571
15796,1.2588
15799,1.2596
15802,1.2628
15805,1.2652
15808,1.2660
15811,1.2612
15814,1.2596
15817,1.2644
15828,1.2644
15831,1.2660
15834,1.2692
15837,1.2676
15840,1.2612
15843,1.2596
15846,1.2636
15849,1.2088
15852,1.2676
15855,1.2660
15858,1.2563
15861,1.2628
15864,1.2692
15867,1.2692
15870,1.2676
15873,1.2725
15876,1.2660
15879,1.2676
15890,1.2620
15893,1.2612
15896,1.2741
15899,1.2692
15902,1.2652
15905,1.2652
15908,1.2660
15911,1.2628
15914,1.2644
15917,1.2547
15920,1.2660
15923,1.2612
15926,1.2660
15929,1.2636
15932,1.2644
15935,1.2628
15938,1.2628
15941,1.2660
15952,1.2668
15955,1.2668
15958,1.2676
15961,1.2692
15964,1.2684
15967,1.2660
15970,1.2652
15973,1.2692
15976,1.2668
15979,1.2660
15982,1.2596
15985,1.2684
15988,1.2620
15991,1.2636
15994,1.2676
15997,1.2644
16000,1.2555
16003,1.2636
16014,1.2596
16017,1.2563
16020,1.2684
16023,1.2628
16026,1.2725
16029,1.2644
16032,1.2644
16035,1.2628
16038,1.2700
16041,1.2563
16044,1.2757
16047,1.3071
16050,1.3490
16053,1.3982
16056,1.4401
16059,1.4755
16062,1.4957
16065,1.5037
16068,1.4997
16078,1.4433
16081,1.4320
16084,1.4232
16087,1.4232
16090,1.4135
16093,1.4046
16096,1.3724
16099,1.3321
16102,1.3007
16105,1.2652
16108,1.2515
16111,1.2362
16114,1.2370
16117,1.2547
16120,1.2773
16123,1.2894
16126,1.2966
16136,1.3240
16139,1.3273
16142,1.3264
16145,1.3289
16148,1.3281
16151,1.3240
16154,1.3248
16157,1.3160
16160,1.3039
16163,1.2966
16166,1.2918
16169,1.2934
16172,1.2910
16175,1.2974
16178,1.2982
16181,1.2982
16184,1.3023
16187,1.3023
16198,1.3111
16201,1.3160
16204,1.2990
16207,1.3023
16210,1.2934
16213,1.2894
16216,1.2902
16219,1.2894
16222,1.2894
16225,1.2902
16228,1.2878
16231,1.2894
16234,1.2886
16237,1.2821
16240,1.2773
16243,1.2765
16246,1.2781
16249,1.2765
16260,1.2708
16263,1.2765
16266,1.2708
16269,1.2684
16272,1.2652
16275,1.2636
16278,1.2644
16281,1.2692
16284,1.2596
16287,1.2612
16290,1.2628
16293,1.2579
16296,1.2588
16299,1.2604
16302,1.2547
16305,1.2588
16308,1.2604
16311,1.2628
16322,1.2660
16325,1.2652
16328,1.2660
16331,1.2644
16334,1.2725
16337,1.2652
16340,1.2725
16343,1.2708
16346,1.2716
16349,1.2716
16352,1.2684
16355,1.2652
16358,1.2660
16361,1.2628
16364,1.2040
16367,1.2660
16370,1.2644
16373,1.2676
16384,1.2676
16387,1.2644
16390,1.2636
16393,1.2692
16396,1.2652
16399,1.2652
16402,1.2708
16405,1.2620
16408,1.2636
16411,1.2765
16414,1.2668
16417,1.2660
16420,1.2660
16423,1.2676
16426,1.2660
16429,1.2716
16432,1.2644
16435,1.2716
16446,1.2725
16449,1.2676
16452,1.2668
16455,1.2612
16458,1.2676
16461,1.2644
16464,1.2668
16467,1.2708
16470,1.2660
16473,1.2668
16476,1.2644
16479,1.2652
16482,1.2612
16485,1.2676
16488,1.2716
16491,1.2652
16494,1.2676
16497,1.2716
16508,1.2660
16511,1.2652
16514,1.2749
16517,1.2660
16520,1.2652
16523,1.2668
16526,1.2716
16529,1.2628
16532,1.2725
16535,1.2668
16538,1.2531
16541,1.2579
16544,1.2652
16547,1.2660
16550,1.2652
16553,1.2749
16556,1.2620
16559,1.2612
16562,1.2813
16572,1.4304
16575,1.4642
16578,1.5086
16581,1.5336
16584,1.5464
16587,1.5424
16590,1.5416
16593,1.5392
16596,1.5086
16599,1.4642
16602,1.4514
16605,1.4433
16608,1.4352
16611,1.4175
16614,1.3925
16617,1.3555
16620,1.3152
16630,1.2370
16633,1.2370
16636,1.2547
16639,1.2765
16642,1.2894
16645,1.3047
16648,1.3192
16651,1.3224
16654,1.3264
16657,1.3426
16660,1.3490
16663,1.3401
16666,1.3498
16669,1.3490
16672,1.3514
16675,1.3369
16678,1.3281
16688,1.3176
16691,1.3273
16694,1.3224
16697,1.3240
16700,1.3240
16703,1.3256
16706,1.3232
16709,1.3256
16712,1.2982
16715,1.3232
16718,1.3208
16721,1.3208
16724,1.3152
16727,1.3224
16730,1.3015
16733,1.3031
16736,1.3007
16746,1.2966
16749,1.3015
16752,1.2894
16755,1.2741
16758,1.2781
16761,1.2725
16764,1.2708
16767,1.2757
16770,1.2725
16773,1.2716
16776,1.2676
16779,1.2708
16782,1.2628
16785,1.2596
16788,1.2660
16791,1.2636
16794,1.2596
16797,1.2628
16808,1.2555
16811,1.2547
16814,1.2620
16817,1.2547
16820,1.2370
16823,1.2596
16826,1.2588
16829,1.2588
16832,1.2604
16835,1.2636
16838,1.2612
16841,1.2676
16844,1.2716
16847,1.2765
16850,1.2797
16853,1.2781
16856,1.2821
16859,1.2797
16870,1.2749
16873,1.2749
16876,1.2757
16879,1.2765
16882,1.2805
16885,1.2781
16888,1.2757
16891,1.2765
16894,1.2765
16897,1.2741
16900,1.2716
16903,1.2684
16906,1.2765
16909,1.2757
16912,1.2749
16915,1.2757
16918,1.2725
16921,1.2716
16932,1.2765
16935,1.2604
16938,1.2676
16941,1.2652
16944,1.2660
16947,1.2612
16950,1.2668
16953,1.2684
16956,1.2684
16959,1.2620
16962,1.2660
16965,1.2684
16968,1.2652
16971,1.2741
16974,1.2765
16977,1.2708
16980,1.2660
16983,1.2716
16994,1.2708
16997,1.2716
17000,1.2652
17003,1.2668
17006,1.2708
17009,1.2684
17012,1.2628
17015,1.2652
17018,1.2716
17021,1.2692
17024,1.2725
17027,1.2676
17030,1.2684
17033,1.2644
17036,1.2708
17039,1.2733
17042,1.2725
17045,1.2652
17056,1.2652
17059,1.2708
17062,1.2652
17065,1.2741
17068,1.2692
17071,1.2676
17074,1.2692
17077,1.2676
17080,1.2716
17083,1.2708
17086,1.2708
17089,1.2684
17092,1.2676
17095,1.2628
17098,1.2660
17101,1.2725
17104,1.2628
17107,1.2676
17118,1.2741
17121,1.2692
17124,1.2668
17127,1.2741
17130,1.2716
17133,1.2700
17136,1.2708
17139,1.2628
17142,1.2708
17145,1.2725
17148,1.2660
17151,1.2676
17154,1.2716
17157,1.2741
17160,1.2652
17163,1.2692
17166,1.2676
17169,1.2652
17172,1.2660
17182,1.2652
17185,1.2725
17188,1.2700
17191,1.2733
17194,1.2708
17197,1.2692
17200,1.2684
17203,1.2692
17206,1.2716
17209,1.2716
17212,1.2636
17215,1.2652
17218,1.2668
17221,1.2668
17224,1.2765
17227,1.2636
17230,1.2676
17240,1.2652
17243,1.2636
17246,1.2749
17249,1.2096
17252,1.2668
17255,1.2628
17258,1.2741
17261,1.2676
17264,1.2692
17267,1.2692
17270,1.2708
17273,1.2684
17276,1.2725
17279,1.2684
17282,1.2676
17285,1.2684
17288,1.2716
17298,1.2668
17301,1.2741
17304,1.2692
17307,1.2741
17310,1.2716
17313,1.2692
17316,1.2692
17319,1.2628
17322,1.2894
17325,1.2588
17328,1.2676
17331,1.2644
17334,1.2668
17337,1.2692
17340,1.2676
17343,1.2716
17346,1.2652
17356,1.2708
17359,1.2652
17362,1.2725
17365,1.2652
17368,1.2644
17371,1.2741
17374,1.2668
17377,1.2716
17380,1.2692
17383,1.2700
17386,1.2684
17389,1.2563
17392,1.2716
17395,1.2684
17398,1.2684
17401,1.2692
17404,1.2652
17414,1.2692
17417,1.2676
17420,1.2741
17423,1.2676
17426,1.2716
17429,1.2652
17432,1.2725
17435,1.2741
17438,1.2668
17441,1.2668
17444,1.2652
17447,1.2644
17450,1.2700
17453,1.2692
17456,1.2652
17459,1.2652
17462,1.2741
17465,1.2652
17476,1.2660
17479,1.2676
17482,1.2708
17485,1.2725
17488,1.2579
17491,1.2708
17494,1.2692
17497,1.2700
17500,1.2668
17503,1.2684
17506,1.2725
17509,1.2644
17512,1.2725
17515,1.2644
17518,1.2652
17521,1.2676
17524,1.2741
17527,1.2708
17538,1.2628
17541,1.2692
17544,1.3071
17547,1.3353
17550,1.3780
17553,1.4111
17556,1.4667
17559,1.5174
17562,1.5505
17565,1.5682
17568,1.5859
17571,1.5916
17574,1.5972
17577,1.5851
17580,1.5561
17583,1.5303
17586,1.4916
17589,1.4884
17592,1.4900
17602,1.3917
17605,1.3426
17608,1.2894
17611,1.2660
17614,1.2370
17617,1.2749
17620,1.2870
17623,1.3144
17626,1.3281
17629,1.3458
17632,1.3522
17635,1.3643
17638,1.3829
17641,1.3893
17644,1.4046
17647,1.4175
17650,1.4135
17653,1.4167
17664,1.4111
17667,1.4046
17670,1.3982
17673,1.3780
17676,1.3724
17679,1.3643
17682,1.3410
17685,1.3385
17688,1.3281
17691,1.3401
17694,1.3434
17697,1.3482
17700,1.3651
17703,1.3780
17706,1.3772
17709,1.3796
17712,1.3901
17715,1.3853
17726,1.3853
17729,1.3796
17732,1.3772
17735,1.3764
17738,1.3611
17741,1.3530
17744,1.3426
17747,1.3410
17750,1.3281
17753,1.3264
17756,1.2950
17759,1.3200
17762,1.3264
17765,1.3313
17768,1.3281
17771,1.3329
17774,1.3385
17777,1.3305
17788,1.3401
17791,1.3289
17794,1.3273
17797,1.3313
17800,1.3498
17803,1.3853
17806,1.4207
17809,1.4691
17812,1.5062
17815,1.5601
17818,1.5932
17821,1.6222
17824,1.6448
17827,1.6609
17830,1.6432
17833,1.6206
17836,1.5908
17839,1.5497
17842,1.5134
17852,1.4336
17855,1.3998
17858,1.3418
17861,1.2894
17864,1.2708
17867,1.2531
17870,1.2547
17873,1.2620
17876,1.2781
17879,1.3063
17882,1.3192
17885,1.3393
17888,1.3410
17891,1.3321
17894,1.3450
17897,1.3587
17900,1.3732
17903,1.3756
17914,1.3756
17917,1.3716
17920,1.3555
17923,1.3498
17926,1.3410
17929,1.3361
17932,1.3410
17935,1.3466
17938,1.3538
17941,1.3563
17944,1.3659
17947,1.3708
17950,1.3692
17953,1.3812
17956,1.3732
17959,1.3675
17962,1.3635
17965,1.3595
17968,1.3450
17978,1.3530
17981,1.3490
17984,1.3426
17987,1.3418
17990,1.3401
17993,1.3273
17996,1.3192
17999,1.3160
18002,1.3063
18005,1.3039
18008,1.3095
18011,1.3007
18014,1.2926
18017,1.2845
18020,1.2870
18023,1.2894
18026,1.2894
18036,1.2902
18039,1.2918
18042,1.2942
18045,1.2894
18048,1.2950
18051,1.2942
18054,1.2845
18057,1.2942
18060,1.3232
18063,1.3643
18066,1.4038
18069,1.4352
18072,1.4828
18075,1.5601
18078,1.5875
18081,1.6270
18084,1.6496
18087,1.6689
18090,1.6705
18100,1.5626
18103,1.5126
18106,1.4900
18109,1.4796
18112,1.4554
18115,1.4191
18118,1.3675
18121,1.3152
18124,1.2773
18127,1.2370
18130,1.2241
18133,1.2370
18136,1.2716
18139,1.3015
18142,1.3297
18145,1.3514
18148,1.3555
18158,1.4062
18161,1.4135
18164,1.4199
18167,1.4232
18170,1.4223
18173,1.4304
18176,1.4304
18179,1.4143
18182,1.4054
18185,1.3933
18188,1.3804
18191,1.3555
18194,1.3482
18197,1.3337
18200,1.3256
18203,1.3401
18206,1.3458
18216,1.3748
18219,1.3796
18222,1.3812
18225,1.3853
18228,1.3708
18231,1.3700
18234,1.3772
18237,1.3684
18240,1.3651
18243,1.3506
18246,1.3538
18249,1.3305
18252,1.3248
18255,1.3168
18258,1.3023
18261,1.3023
18264,1.3063
18274,1.3200
18277,1.3176
18280,1.3144
18283,1.3136
18286,1.3111
18289,1.3127
18292,1.3160
18295,1.3111
18298,1.3031
18301,1.3103
18304,1.3047
18307,1.3023
18310,1.3007
18313,1.2974
18316,1.3136
18319,1.3434
18322,1.3845
18325,1.4312
18328,1.4699
18338,1.6496
18341,1.7189
18344,1.7995
18347,1.8221
18350,1.8293
18353,1.7785
18356,1.7060
18359,1.6480
18362,1.6012
18365,1.5400
18368,1.4997
18371,1.4788
18374,1.4570
18377,1.4095
18380,1.3675
18383,1.3023
18386,1.2579
18396,1.2297
18399,1.2741
18402,1.2990
18405,1.3232
18408,1.3329
18411,1.3506
18414,1.3684
18417,1.3837
18420,1.4030
18423,1.4207
18426,1.4336
18429,1.4336
18432,1.4489
18435,1.4473
18438,1.4497
18441,1.4449
18444,1.4328
18447,1.4328
18458,1.3796
18461,1.3708
18464,1.3538
18467,1.3530
18470,1.3410
18473,1.3498
18476,1.3595
18479,1.3724
18482,1.3796
18485,1.3804
18488,1.3925
18491,1.3933
18494,1.3925
18497,1.3901
18500,1.3901
18503,1.3853
18506,1.3796
18509,1.3772
18520,1.3482
18523,1.3337
18526,1.3200
18529,1.3168
18532,1.3152
18535,1.3095
18538,1.3200
18541,1.3111
18544,1.3200
18547,1.3232
18550,1.3240
18553,1.3232
18556,1.3232
18559,1.3256
18562,1.3281
18565,1.3208
18568,1.3144
18571,1.3127
18574,1.3176
18584,1.3111
18587,1.3071
18590,1.3426
18593,1.3111
18596,1.3273
18599,1.3547
18602,1.3869
18605,1.4328
18608,1.4804
18611,1.5223
18614,1.5811
18617,1.6262
18620,1.6714
18623,1.7125
18626,1.7253
18629,1.7141
18632,1.6875
18635,1.6560
18638,1.6037
18648,1.4828
18651,1.4634
18654,1.4199
18657,1.3675
18660,1.3063
18663,1.2725
18666,1.2547
18669,1.2555
18672,1.2741
18675,1.2596
18678,1.2821
18681,1.3079
18684,1.3297
18687,1.3434
18690,1.3482
18693,1.3514
18696,1.3635
18706,1.3804
18709,1.3909
18712,1.3845
18715,1.3764
18718,1.3772
18721,1.3659
18724,1.3595
18727,1.3450
18730,1.3377
18733,1.3410
18736,1.3434
18739,1.3538
18742,1.3538
18745,1.3563
18748,1.3659
18751,1.3716
18754,1.3724
18764,1.3764
18767,1.3627
18770,1.3587
18773,1.3498
18776,1.3418
18779,1.3281
18782,1.3256
18785,1.3273
18788,1.3208
18791,1.3264
18794,1.3152
18797,1.3176
18800,1.3063
18803,1.3063
18806,1.2982
18809,1.3023
18812,1.2902
18822,1.2886
18825,1.2886
18828,1.2813
18831,1.2853
18834,1.2805
18837,1.2829
18840,1.2813
18843,1.2853
18846,1.2773
18849,1.2837
18852,1.2805
18855,1.2765
18858,1.2934
18861,1.3192
18864,1.3716
18867,1.4167
18870,1.4651
18873,1.5086
18876,1.5690
18886,1.8035
18889,1.8406
18892,1.8229
18895,1.7737
18898,1.6673
18901,1.6069
18904,1.5642
18907,1.5352
18910,1.4779
18913,1.4651
18916,1.4135
18919,1.3538
18922,1.3047
18925,1.3063
18928,1.2999
18931,1.3063
18934,1.2974
18937,1.3176
18948,1.3466
18951,1.3708
18954,1.3796
18957,1.3796
18960,1.3853
18963,1.3796
18966,1.3796
18969,1.3837
18972,1.3885
18975,1.3909
18978,1.3796
18981,1.3579
18984,1.3587
18987,1.3627
18990,1.3651
18993,1.3772
18996,1.3853
18999,1.3974
19010,1.3692
19013,1.3667
19016,1.3667
19019,1.3579
19022,1.3627
19025,1.3595
19028,1.3651
19031,1.3659
19034,1.3643
19037,1.3643
19040,1.3555
19043,1.3579
19046,1.3538
19049,1.3498
19052,1.3434
19055,1.3369
19058,1.3281
19061,1.3208
19064,1.3103
19074,1.2974
19077,1.2894
19080,1.2878
19083,1.2821
19086,1.2853
19089,1.2853
19092,1.2894
19095,1.2894
19098,1.2902
19101,1.2918
19104,1.2902
19107,1.2942
19110,1.2934
19113,1.2870
19116,1.2982
19119,1.3289
19122,1.3724
19132,1.5497
19135,1.6093
19138,1.6633
19141,1.7052
19144,1.7318
19147,1.7407
19150,1.7173
19153,1.6762
19156,1.6319
19159,1.5730
19162,1.5311
19165,1.4804
19168,1.4828
19171,1.4522
19174,1.3966
19177,1.3377
19180,1.2773
19190,1.2716
19193,1.2789
19196,1.2837
19199,1.3127
19202,1.3426
19205,1.3659
19208,1.3772
19211,1.3821
19214,1.3748
19217,1.3845
19220,1.3966
19223,1.4014
19226,1.3909
19229,1.3796
19232,1.3659
19235,1.3538
19238,1.3353
19241,1.3522
19252,1.3264
19255,1.3281
19258,1.3281
19261,1.3337
19264,1.3337
19267,1.3361
19270,1.3305
19273,1.3393
19276,1.3329
19279,1.3281
19282,1.3264
19285,1.3168
19288,1.3055
19291,1.2942
19294,1.2894
19297,1.2837
19300,1.2249
19303,1.2781
19314,1.2716
19317,1.2644
19320,1.2660
19323,1.2692
19326,1.2700
19329,1.2692
19332,1.2757
19335,1.2741
19338,1.2757
19341,1.3015
19344,1.2741
19347,1.2684
19350,1.2741
19353,1.2716
19356,1.2741
19359,1.2700
19362,1.2676
19365,1.2684
19368,1.2370
19378,1.2652
19381,1.2741
19384,1.3023
19387,1.3466
19390,1.3925
19393,1.4328
19396,1.4683
19399,1.5013
19402,1.5295
19405,1.5400
19408,1.5464
19411,1.5497
19414,1.5456
19417,1.5327
19420,1.5037
19423,1.4957
19426,1.4771
19436,1.4280
19439,1.4070
19442,1.3692
19445,1.3369
19448,1.2942
19451,1.2845
19454,1.2862
19457,1.3023
19460,1.3264
19463,1.3321
19466,1.3514
19469,1.3498
19472,1.3547
19475,1.3643
19478,1.3796
19481,1.3901
19484,1.3966
19487,1.4030
19498,1.3998
19501,1.3933
19504,1.3845
19507,1.3812
19510,1.3740
19513,1.3619
19516,1.3571
19519,1.3458
19522,1.3530
19525,1.3458
19528,1.3361
19531,1.3281
19534,1.3208
19537,1.3119
19540,1.3168
19543,1.3160
19546,1.3240
19549,1.3361
19560,1.3563
19563,1.3547
19566,1.3595
19569,1.3659
19572,1.3708
19575,1.3667
19578,1.3716
19581,1.3684
19584,1.3635
19587,1.3724
19590,1.3692
19593,1.3659
19596,1.3675
19599,1.3587
19602,1.3530
19605,1.3547
19608,1.3514
19611,1.3538
19614,1.3498
19624,1.3619
19627,1.3555
19630,1.3555
19633,1.3498
19636,1.3522
19639,1.3538
19642,1.3538
19645,1.3498
19648,1.3450
19651,1.3498
19654,1.3458
19657,1.3498
19660,1.4103
19663,1.3530
19666,1.3498
19669,1.3442
19672,1.3538
19682,1.3466
19685,1.3530
19688,1.3466
19691,1.3506
19694,1.3410
19697,1.3410
19700,1.3393
19703,1.3369
19706,1.3418
19709,1.3401
19712,1.3619
19715,1.3974
19718,1.4312
19721,1.4368
19724,1.4530
19727,1.4522
19730,1.4570
19740,1.4240
19743,1.4054
19746,1.3893
19749,1.3780
19752,1.3506
19755,1.3458
19758,1.3369
19761,1.3498
19764,1.3369
19767,1.3305
19770,1.3281
19773,1.3144
19776,1.3063
19779,1.3007
19782,1.2974
19785,1.2999
19788,1.2910
19791,1.2886
19802,1.2765
19805,1.2692
19808,1.2644
19811,1.2563
19814,1.2596
19817,1.2370
19820,1.2636
19823,1.2725
19826,1.2749
19829,1.2789
19832,1.2765
19835,1.2765
19838,1.2773
19841,1.2797
19844,1.2588
19847,1.2902
19850,1.2918
19853,1.2950
19864,1.3007
19867,1.2990
19870,1.3023
19873,1.2982
19876,1.2902
19879,1.2902
19882,1.2894
19885,1.2918
19888,1.2870
19891,1.2837
19894,1.2781
19897,1.2773
19900,1.2765
19903,1.2757
19906,1.2773
19909,1.2773
19912,1.2765
19915,1.2773
19926,1.2821
19929,1.2821
19932,1.2845
19935,1.2805
19938,1.2894
19941,1.2813
19944,1.2781
19947,1.2765
19950,1.2765
19953,1.2789
19956,1.2733
19959,1.2733
19962,1.2741
19965,1.2765
19968,1.2789
19971,1.2757
19974,1.2797
19977,1.2789
19988,1.2797
19991,1.3023
19994,1.2829
19997,1.2781
20000,1.2805
20003,1.2813
20006,1.2813
20009,1.2781
20012,1.2773
20015,1.2765
20018,1.2725
20021,1.2773
20024,1.2765
20027,1.2797
20030,1.2765
20033,1.2692
20036,1.2765
20039,1.2805
20050,1.2765
20053,1.2789
20056,1.2813
20059,1.2789
20062,1.2797
20065,1.2805
20068,1.2765
20071,1.2765
20074,1.2765
20077,1.2765
20080,1.2741
20083,1.2781
20086,1.2765
20089,1.2781
20092,1.2765
20095,1.2789
20098,1.2789
20101,1.2789
20104,1.2765
20114,1.2765
20117,1.2789
20120,1.2765
20123,1.2708
20126,1.2716
20129,1.2765
20132,1.2765
20135,1.2845
20138,1.2773
20141,1.2805
20144,1.2765
20147,1.2765
20150,1.2757
20153,1.2749
20156,1.2765
20159,1.2789
20162,1.2789
20172,1.2765
20175,1.2821
20178,1.2765
20181,1.2757
20184,1.2765
20187,1.2805
20190,1.2773
20193,1.2765
20196,1.2781
20199,1.2733
20202,1.2862
20205,1.2765
20208,1.2765
20211,1.2765
20214,1.2765
20217,1.2805
20220,1.2773
20230,1.2749
20233,1.2870
20236,1.2894
20239,1.2894
20242,1.2886
20245,1.2966
20248,1.2974
20251,1.2974
20254,1.2982
20257,1.2982
20260,1.2982
20263,1.2894
20266,1.2942
20269,1.2886
20272,1.2845
20275,1.2886
20278,1.2821
20288,1.2918
20291,1.2853
20294,1.2773
20297,1.2902
20300,1.2765
20303,1.2837
20306,1.2837
20309,1.2789
20312,1.2805
20315,1.2829
20318,1.2765
20321,1.2886
20324,1.2870
20327,1.2862
20330,1.2853
20333,1.2862
20336,1.2870
20346,1.2853
20349,1.2894
20352,1.2805
20355,1.2886
20358,1.2853
20361,1.3974
20364,1.2773
20367,1.2813
20370,1.2813
20373,1.2821
20376,1.2853
20379,1.2845
20382,1.2757
20385,1.2878
20388,1.2878
20391,1.2845
20394,1.2894
20397,1.2813
20408,1.2853
20411,1.2813
20414,1.2805
20417,1.2765
20420,1.2878
20423,1.2894
20426,1.2845
20429,1.2821
20432,1.2821
20435,1.2789
20438,1.2853
20441,1.2886
20444,1.2821
20447,1.2862
20450,1.2845
20453,1.2878
20456,1.2862
20459,1.2862
20462,1.2821
20472,1.2773
20475,1.2878
20478,1.2773
20481,1.2797
20484,1.2894
20487,1.2837
20490,1.2845
20493,1.2878
20496,1.2853
20499,1.2789
20502,1.2821
20505,1.2853
20508,1.2829
20511,1.2910
20514,1.2878
20517,1.2837
20520,1.2837
20530,1.2853
20533,1.2886
20536,1.2845
20539,1.2805
20542,1.2845
20545,1.3047
20548,1.2862
20551,1.2845
20554,1.2821
20557,1.2853
20560,1.2789
20563,1.2886
20566,1.2829
20569,1.2853
20572,1.2894
20575,1.2862
20578,1.2789
20588,1.2805
20591,1.2853
20594,1.2773
20597,1.2862
20600,1.2813
20603,1.2773
20606,1.2789
20609,1.2684
20612,1.2878
20615,1.2789
20618,1.2813
20621,1.2845
20624,1.2853
20627,1.2813
20630,1.2781
20633,1.2853
20636,1.2813
20646,1.2781
20649,1.2805
20652,1.2797
20655,1.2845
20658,1.2789
20661,1.2878
20664,1.2805
20667,1.2789
20670,1.2789
20673,1.2878
20676,1.2805
20679,1.2757
20682,1.2781
20685,1.2862
20688,1.2845
20691,1.2821
20694,1.2789
20704,1.2853
20707,1.2837
20710,1.2821
20713,1.2765
20716,1.2845
20719,1.2845
20722,1.2813
20725,1.2845
20728,1.2789
20731,1.2765
20734,1.2765
20737,1.2910
20740,1.2886
20743,1.2837
20746,1.2757
20749,1.2886
20752,1.3063
20755,1.3514
20758,1.3740
20768,1.4240
20771,1.4143
20774,1.3933
20777,1.3901
20780,1.3845
20783,1.3949
20786,1.3837
20789,1.3796
20792,1.3595
20795,1.3522
20798,1.3369
20801,1.3047
20804,1.2821
20807,1.2660
20810,1.1927
20813,1.2910
20816,1.2741
20826,1.2789
20829,1.2853
20832,1.2942
20835,1.3055
20838,1.3111
20841,1.3095
20844,1.3095
20847,1.3144
20850,1.3160
20853,1.3047
20856,1.3015
20859,1.3023
20862,1.2894
20865,1.2845
20868,1.2757
20871,1.2652
20874,1.2612
20884,1.2765
20887,1.2749
20890,1.2845
20893,1.2789
20896,1.2886
20899,1.2934
20902,1.2950
20905,1.2950
20908,1.2982
20911,1.2982
20914,1.2886
20917,1.2894
20920,1.2910
20923,1.2918
20926,1.2837
20929,1.2845
20932,1.2894
20942,1.2797
20945,1.2853
20948,1.2805
20951,1.2813
20954,1.2821
20957,1.2813
20960,1.2853
20963,1.2878
20966,1.2886
20969,1.2942
20972,1.2894
20975,1.2886
20978,1.2870
20981,1.2902
20984,1.2902
20987,1.2870
20990,1.2837
20993,1.2878
21004,1.2789
21007,1.2805
21010,1.2797
21013,1.2789
21016,1.2853
21019,1.2845
21022,1.2870
21025,1.2853
21028,1.2853
21031,1.2894
21034,1.2853
21037,1.2862
21040,1.2894
21043,1.2886
21046,1.2894
21049,1.2902
21052,1.1991
21055,1.2902
21058,1.2870
21068,1.2781
21071,1.2813
21074,1.2781
21077,1.2878
21080,1.2870
21083,1.2845
21086,1.2845
21089,1.2853
21092,1.2845
21095,1.2837
21098,1.2886
21101,1.2870
21104,1.2862
21107,1.2845
21110,1.2870
21113,1.2870
21116,1.2813
21126,1.2837
21129,1.2821
21132,1.2845
21135,1.2878
21138,1.2853
21141,1.2870
21144,1.2837
21147,1.2813
21150,1.2853
21153,1.2821
21156,1.2886
21159,1.2894
21162,1.2797
21165,1.2805
21168,1.2837
21171,1.2853
21174,1.2845
21184,1.2813
21187,1.2853
21190,1.2853
21193,1.2902
21196,1.2845
21199,1.2845
21202,1.2894
21205,1.2894
21208,1.2862
21211,1.2886
21214,1.2894
21217,1.2789
21220,1.2789
21223,1.2853
21226,1.2845
21229,1.2829
21232,1.2853
21242,1.2821
21245,1.2805
21248,1.2773
21251,1.2708
21254,1.2789
21257,1.2813
21260,1.2862
21263,1.2765
21266,1.2805
21269,1.2789
21272,1.2845
21275,1.2813
21278,1.2821
21281,1.2870
21284,1.2878
21287,1.2789
21290,1.2862
21300,1.2853
21303,1.2870
21306,1.2918
21309,1.2765
21312,1.2878
21315,1.2821
21318,1.2821
21321,1.2813
21324,1.2862
21327,1.2870
21330,1.2837
21333,1.2853
21336,1.2845
21339,1.2813
21342,1.2813
21345,1.2870
21348,1.2982
21351,1.2853
21362,1.2813
21365,1.2845
21368,1.2821
21371,1.2894
21374,1.2878
21377,1.2878
21380,1.2813
21383,1.2870
21386,1.2886
21389,1.2837
21392,1.2853
21395,1.2821
21398,1.2870
21401,1.2837
21404,1.2837
21407,1.2821
21410,1.2894
21413,1.2853
21424,1.2725
21427,1.2894
21430,1.2902
21433,1.2862
21436,1.2870
21439,1.2845
21442,1.2797
21445,1.2813
21448,1.2781
21451,1.2821
21454,1.2837
21457,1.2878
21460,1.2845
21463,1.2862
21466,1.2781
21469,1.2845
21472,1.2886
21475,1.2821
21486,1.2894
21489,1.2870
21492,1.2878
21495,1.2805
21498,1.2870
21501,1.2886
21504,1.2845
21507,1.2837
21510,1.2862
21513,1.2853
21516,1.2870
21519,1.2870
21522,1.2845
21525,1.2837
21528,1.2894
21531,1.2853
21534,1.2845
21537,1.2773
21548,1.2741
21551,1.3007
21554,1.2660
21557,1.2886
21560,1.2870
21563,1.2886
21566,1.2886
21569,1.2870
21572,1.2886
21575,1.2845
21578,1.2805
21581,1.2845
21584,1.2773
21587,1.2853
21590,1.2813
21593,1.2982
21596,1.2902
21599,1.2886
21602,1.2894
21612,1.2821
21615,1.2910
21618,1.2894
21621,1.2886
21624,1.2870
21627,1.2886
21630,1.2853
21633,1.2870
21636,1.2853
21639,1.2894
21642,1.2862
21645,1.2813
21648,1.2821
21651,1.2886
21654,1.2853
21657,1.2853
21660,1.2837
21670,1.2821
21673,1.2845
21676,1.2789
21679,1.2789
21682,1.2853
21685,1.2853
21688,1.2894
21691,1.2870
21694,1.2837
21697,1.2853
21700,1.2894
21703,1.2821
21706,1.2870
21709,1.2853
21712,1.2821
21715,1.2894
21718,1.2837
21728,1.2870
21731,1.2821
21734,1.2853
21737,1.2886
21740,1.2902
21743,1.2870
21746,1.2862
21749,1.2870
21752,1.2821
21755,1.2845
21758,1.3369
21761,1.2894
21764,1.2894
21767,1.2821
21770,1.2813
21773,1.3111
21776,1.2894
21786,1.2870
21789,1.2853
21792,1.2886
21795,1.2878
21798,1.2853
21801,1.2821
21804,1.2894
21807,1.2894
21810,1.2878
21813,1.2999
21816,1.2797
21819,1.2894
21822,1.2886
21825,1.2741
21828,1.2966
21831,1.3264
21834,1.3579
21846,1.5755
21849,1.6456
21852,1.7044
21855,1.7713
21858,1.8003
21861,1.8092
21864,1.7801
21867,1.7390
21870,1.6851
21873,1.6577
21876,1.6190
21879,1.5738
21882,1.5190
21885,1.4916
21888,1.4659
21891,1.4417
21894,1.4070
21897,1.3796
21900,1.3563
21903,1.3410
21906,1.3329
21909,1.3377
21912,1.3321
21915,1.3401
21918,1.3579
21921,1.3740
21924,1.4054
21927,1.4183
21930,1.4497
21940,1.5005
21943,1.5142
21946,1.5126
21949,1.5263
21952,1.5287
21955,1.5207
21958,1.5207
21961,1.5134
21964,1.5053
21967,1.4860
21970,1.4828
21973,1.4675
21976,1.4675
21979,1.4546
21982,1.4401
21985,1.4304
21988,1.4240
21991,1.4264
21994,1.4191
21997,1.4143
22000,1.4111
22003,1.4054
22006,1.4030
22016,1.4062
22019,1.4046
22022,1.4312
22025,1.4240
22028,1.4312
22031,1.4352
22034,1.4449
22037,1.4562
22040,1.4570
22043,1.4626
22046,1.4731
22049,1.4747
22052,1.4763
22055,1.4828
22058,1.4860
22061,1.4852
22064,1.4820
22067,1.4828
22070,1.4828
22073,1.4771
22076,1.4739
22079,1.4699
22082,1.4707
22092,1.4522
22095,1.4610
22098,1.4659
22101,1.4715
22104,1.4804
22107,1.4828
22110,1.4828
22113,1.4836
22116,1.4828
22119,1.4900
22122,1.5053
22125,1.4852
22128,1.4788
22131,1.4731
22134,1.4739
22137,1.4675
22140,1.4683
22143,1.4715
22146,1.4755
22149,1.4755
22152,1.4699
22155,1.4691
22158,1.4715
22168,1.4707
22171,1.4699
22174,1.4683
22177,1.4626
22180,1.4578
22183,1.4626
22186,1.4594
22189,1.4586
22192,1.4618
22195,1.4626
22198,1.4578
22201,1.4618
22204,1.4602
22207,1.4659
22210,1.4651
22213,1.4586
22216,1.4659
22219,1.4570
22222,1.4602
22225,1.4626
22228,1.4626
22231,1.4610
22234,1.4594
22244,1.4659
22247,1.4675
22250,1.4675
22253,1.4626
22256,1.4667
22259,1.4578
22262,1.4675
22265,1.4651
22268,1.4691
22271,1.4618
22274,1.4626
22277,1.4683
22280,1.4675
22283,1.4651
22286,1.4651
22289,1.4626
22292,1.4667
22295,1.4675
22298,1.4715
22301,1.4651
22304,1.4651
22307,1.4594
22310,1.4570
22320,1.4699
22323,1.4691
22326,1.4642
22329,1.4659
22332,1.4691
22335,1.4626
22338,1.4626
22341,1.4618
22344,1.4675
22347,1.4683
22350,1.4659
22353,1.4602
22356,1.4618
22359,1.4707
22362,1.4699
22365,1.4771
22368,1.4723
22371,1.4675
22374,1.4675
22377,1.4618
22380,1.4707
22390,1.4691
22393,1.4618
22396,1.4626
22399,1.4659
22402,1.4659
22405,1.4642
22408,1.4626
22411,1.4659
22414,1.4691
22417,1.4642
22420,1.4594
22423,1.4683
22426,1.4691
22429,1.4691
22432,1.4715
22435,1.4683
22438,1.4723
22441,1.4642
22444,1.4602
22447,1.4626
22450,1.4618
22453,1.4626
22456,1.4570
22466,1.4691
22469,1.4812
22472,1.4715
22475,1.4683
22478,1.4683
22481,1.4667
22484,1.4610
22487,1.4747
22490,1.4618
22493,1.4642
22496,1.4642
22499,1.4675
22502,1.4659
22505,1.4707
22508,1.4659
22511,1.4691
22514,1.4844
22517,1.4667
22520,1.4610
22523,1.4675
22526,1.4723
22529,1.4667
22532,1.4651
22542,1.4715
22545,1.4651
22548,1.4699
22551,1.4747
22554,1.4651
22557,1.4659
22560,1.4651
22563,1.4651
22566,1.4618
22569,1.4707
22572,1.4610
22575,1.4626
22578,1.4594
22581,1.4739
22584,1.4739
22587,1.4715
22590,1.4578
22593,1.4659
22596,1.4691
22599,1.4651
22602,1.4707
22605,1.4651
22608,1.4642
22618,1.4626
22621,1.4675
22624,1.4675
22627,1.4659
22630,1.4675
22633,1.4699
22636,1.4739
22639,1.4699
22642,1.4723
22645,1.4683
22648,1.4699
22651,1.4691
22654,1.4691
22657,1.4715
22660,1.4659
22663,1.4594
22666,1.4723
22669,1.4626
22672,1.4626
22675,1.4659
22678,1.4691
22681,1.4659
22684,1.4675
22694,1.4755
22697,1.4570
22700,1.4626
22703,1.4675
22706,1.4691
22709,1.4715
22712,1.4715
22715,1.4675
22718,1.4659
22721,1.4659
22724,1.4731
22727,1.4675
22730,1.4675
22733,1.4626
22736,1.4626
22739,1.4659
22742,1.4747
22745,1.4626
22748,1.4723
22751,1.4715
22754,1.4683
22757,1.4675
22760,1.4699
22770,1.4691
22773,1.4683
22776,1.4731
22779,1.4675
22782,1.4691
22785,1.4610
22788,1.4675
22791,1.4651
22794,1.4578
22797,1.4626
22800,1.4642
22803,1.4683
22806,1.4715
22809,1.4675
22812,1.4707
22815,1.4530
22818,1.4659
22821,1.4675
22824,1.4626
22827,1.4659
22830,1.4675
22833,1.4691
22836,1.4659
22846,1.4683
22849,1.4707
22852,1.4707
22855,1.4651
22858,1.4626
22861,1.4618
22864,1.4691
22867,1.4675
22870,1.4739
22873,1.4659
22876,1.4683
22879,1.4651
22882,1.4715
22885,1.4675
22888,1.4755
22891,1.4626
22894,1.4634
22897,1.4651
22900,1.4699
22903,1.4659
22906,1.4659
22909,1.4675
22912,1.4683
22922,1.4755
22925,1.4683
22928,1.4651
22931,1.4659
22934,1.4683
22937,1.4691
22940,1.4659
22943,1.4667
22946,1.4642
22949,1.4699
22952,1.4683
22955,1.4642
22958,1.4659
22961,1.4659
22964,1.4739
22967,1.4683
22970,1.4659
22973,1.4747
22976,1.4804
22979,1.4659
22982,1.4715
22985,1.4594
22988,1.4723
22998,1.4675
23001,1.4683
23004,1.4659
23007,1.4659
23010,1.4699
23013,1.4683
23016,1.4675
23019,1.4707
23022,1.4659
23025,1.4707
23028,1.4626
23031,1.4723
23034,1.4755
23037,1.4739
23040,1.4667
23043,1.4626
23046,1.4699
23049,1.4642
23052,1.4626
23055,1.4683
23058,1.4715
23061,1.4675
23064,1.4699
23074,1.4667
23077,1.4715
23080,1.4659
23083,1.4675
23086,1.4642
23089,1.4691
23092,1.4667
23095,1.4659
23098,1.4723
23101,1.4651
23104,1.4683
23107,1.4659
23110,1.4659
23113,1.4796
23116,1.4691
23119,1.4723
23122,1.4642
23125,1.4659
23128,1.4715
23131,1.4699
23134,1.4618
23137,1.4691
23140,1.4820
23150,1.4699
23153,1.4675
23156,1.4691
23159,1.4844
23162,1.4691
23165,1.4651
23168,1.4626
23171,1.4667
23174,1.4699
23177,1.4675
23180,1.4602
23183,1.4691
23186,1.4723
23189,1.4659
23192,1.4683
23195,1.4683
23198,1.4731
23201,1.4691
23204,1.4675
23207,1.4602
23210,1.4699
23213,1.4691
23216,1.4651
23226,1.4683
23229,1.4675
23232,1.4642
23235,1.4651
23238,1.4667
23241,1.4707
23244,1.4659
23247,1.4715
23250,1.4642
23253,1.4594
23256,1.4715
23259,1.4651
23262,1.4691
23265,1.4651
23268,1.4691
23271,1.4699
23274,1.4691
23277,1.4699
23280,1.4626
23283,1.4642
23286,1.4675
23289,1.4651
23292,1.4626
23302,1.4642
23305,1.4683
23308,1.4755
23311,1.4626
23314,1.4610
23317,1.4691
23320,1.4683
23323,1.4667
23326,1.4675
23329,1.4747
23332,1.4659
23335,1.4659
23338,1.4586
23341,1.4667
23344,1.4675
23347,1.4731
23350,1.4836
23353,1.4771
23356,1.4570
23359,1.4659
23362,1.4642
23365,1.4618
23368,1.4699
23378,1.4707
23381,1.4594
23384,1.4618
23387,1.4659
23390,1.4626
23393,1.4699
23396,1.4683
23399,1.4659
23402,1.4683
23405,1.4594
23408,1.4699
23411,1.4659
23414,1.4683
23417,1.4755
23420,1.4651
23423,1.4715
23426,1.4699
23429,1.4675
23432,1.4667
23435,1.4618
23438,1.4651
23441,1.4683
23444,1.4618
23454,1.4659
23457,1.4691
23460,1.4707
23463,1.4667
23466,1.4707
23469,1.4683
23472,1.4691
23475,1.4610
23478,1.4667
23481,1.4659
23484,1.4659
23487,1.4707
23490,1.4675
23493,1.4659
23496,1.4610
23499,1.4683
23502,1.4747
23505,1.4691
23508,1.4626
23511,1.4683
23514,1.4675
23517,1.4651
23520,1.4651
23530,1.4675
23533,1.4699
23536,1.4707
23539,1.4667
23542,1.4683
23545,1.4675
23548,1.4626
23551,1.4699
23554,1.4739
23557,1.4667
23560,1.4699
23563,1.4683
23566,1.4659
23569,1.4691
23572,1.4651
23575,1.4707
23578,1.4642
23581,1.4651
23584,1.4651
23587,1.4691
23590,1.4675
23593,1.4715
23596,1.4667
23606,1.4675
23609,1.4699
23612,1.4667
23615,1.4707
23618,1.4691
23621,1.4675
23624,1.4683
23627,1.4675
23630,1.4699
23633,1.4675
23636,1.4642
23639,1.4594
23642,1.4691
23645,1.4691
23648,1.4683
23651,1.4715
23654,1.4683
23657,1.4651
23660,1.4618
23663,1.4715
23666,1.4675
23669,1.4691
23672,1.4667
23682,1.4691
23685,1.4683
23688,1.4675
23691,1.4707
23694,1.4675
23697,1.4409
23700,1.4667
23703,1.4675
23706,1.4707
23709,1.4659
23712,1.4651
23715,1.4667
23718,1.4683
23721,1.4618
23724,1.4707
23727,1.4659
23730,1.4667
23733,1.4626
23736,1.4618
23739,1.4570
23742,1.4651
23745,1.4683
23748,1.4691
23758,1.4626
23761,1.4683
23764,1.4715
23767,1.4659
23770,1.4731
23773,1.4578
23776,1.4634
23779,1.4981
23782,1.4731
23785,1.4642
23788,1.4659
23791,1.4618
23794,1.4691
23797,1.4699
23800,1.4642
23803,1.4626
23806,1.4651
23809,1.4610
23812,1.4642
23815,1.4659
23818,1.4707
23828,1.4691
23831,1.4683
23834,1.4651
23837,1.4707
23840,1.4675
23843,1.4715
23846,1.4933
23849,1.4691
23852,1.4739
23855,1.4683
23858,1.4723
23861,1.4699
23864,1.4659
23867,1.4683
23870,1.4651
23873,1.4626
23876,1.4715
23879,1.4642
23882,1.4675
23885,1.4771
23888,1.4667
23891,1.4594
23894,1.4675
23904,1.4739
23907,1.4651
23910,1.4659
23913,1.4771
23916,1.4723
23919,1.4659
23922,1.4675
23925,1.4642
23928,1.4659
23931,1.4659
23934,1.4675
23937,1.4691
23940,1.4659
23943,1.4618
23946,1.4651
23949,1.4707
23952,1.4618
23955,1.4642
23958,1.4659
23961,1.4683
23964,1.4634
23967,1.4675
23970,1.4659
23980,1.4586
23983,1.4642
23986,1.4691
23989,1.4667
23992,1.4715
23995,1.4707
23998,1.4675
24001,1.4683
24004,1.4691
24007,1.4683
24010,1.5964
24013,1.4691
24016,1.4675
24019,1.4659
24022,1.4683
24025,1.4804
24028,1.4667
24031,1.4659
24034,1.4626
24037,1.4626
24040,1.4651
24043,1.4683
24046,1.4602
24049,1.4675
24052,1.4659
24062,1.4626
24065,1.4626
24068,1.4675
24071,1.4723
24074,1.4651
24077,1.4626
24080,1.4675
24083,1.4683
24086,1.4642
24089,1.4618
24092,1.4626
24095,1.4642
24098,1.4651
24101,1.4651
24104,1.4683
24107,1.4651
24110,1.4699
24113,1.4715
24116,1.4651
