17,1.0702
19,1.0726
21,1.0710
30,1.0702
42,1.0678
53,1.0694
63,1.0653
73,1.0742
85,1.0702
95,1.0742
105,1.0678
117,1.0678
128,1.0678
137,1.0718
149,1.0702
160,1.0726
170,1.0750
180,1.0718
192,1.0742
202,1.0702
212,1.0710
224,1.0702
234,1.0694
244,1.0702
256,1.0678
266,1.0694
276,1.0718
288,1.0726
299,1.0799
308,1.0702
320,1.0742
331,1.0702
340,1.0734
352,1.0702
363,1.0702
373,1.0694
384,1.0702
395,1.0702
405,1.0702
416,1.0653
427,1.0662
437,1.0742
447,1.0718
459,1.0718
469,1.0702
479,1.0718
491,1.0758
502,1.0702
511,1.0726
523,1.0702
534,1.0702
543,1.0694
555,1.0694
566,1.0710
575,1.0702
587,1.0678
598,1.0718
607,1.0670
619,1.0702
630,1.0702
640,1.0702
650,1.0686
662,1.0653
672,1.0702
682,1.0678
694,1.0678
705,1.0702
714,1.0702
726,1.0702
737,1.0694
746,1.0718
758,1.0702
769,1.0686
778,1.0718
790,1.0702
801,1.0742
811,1.0702
822,1.0742
833,1.0694
843,1.0750
853,1.0726
865,1.0710
875,1.0718
885,1.0702
897,1.0702
907,1.0702
917,1.0702
929,1.0670
939,1.0694
949,1.0742
961,1.0710
972,1.0702
981,1.0694
993,1.0702
1004,1.0670
1013,1.0702
1025,1.0702
1036,1.0702
1045,1.0702
1057,1.0710
1067,1.0678
1078,1.0726
1089,1.0678
1098,1.0702
1110,1.0694
1121,1.0694
1130,1.0694
1142,1.0734
1153,1.0686
1162,1.0694
1174,1.0718
1184,1.0726
1194,1.0694
1206,1.0710
1216,1.0726
1227,1.0702
1238,1.0694
1247,1.0734
1259,1.0702
1270,1.0718
1279,1.0686
1291,1.0645
1302,1.0686
1311,1.0726
1323,1.0742
1333,1.0750
1344,1.0702
1355,1.0678
1365,1.0694
1376,1.0702
1387,1.0710
1396,1.0702
1408,1.0702
1419,1.0702
1428,1.0734
1440,1.0718
1450,1.0670
1460,1.0710
1472,1.0686
1482,1.0702
1493,1.0718
1504,1.0702
1513,1.0702
1525,1.0718
1536,1.0750
1545,1.0702
1557,1.0702
1568,1.0702
1577,1.0702
1589,1.0702
1599,1.0702
1610,1.0702
1621,1.0710
1630,1.0702
1642,1.0702
1653,1.0782
1662,1.0750
1674,1.0694
1685,1.0653
1694,1.0702
1706,1.0702
1716,1.0702
1726,1.0662
1738,1.0726
1747,1.0702
1759,1.0710
1770,1.0702
1779,1.0702
1791,1.0694
1802,1.0694
1811,1.0710
1823,1.0702
1833,1.0670
1843,1.0710
1855,1.0702
1865,1.0686
1876,1.0694
1887,1.0653
1896,1.0686
1908,1.0702
1919,1.0726
1928,1.0734
1940,1.0718
1951,1.0653
1960,1.0678
1972,1.0613
1982,1.0710
1993,1.0702
2004,1.0710
2013,1.0694
2025,1.0662
2036,1.0702
2045,1.0694
2057,1.0694
2068,1.0758
2077,1.0694
2089,1.0702
2099,1.0702
2110,1.0702
2121,1.0694
2130,1.0686
2142,1.0702
2153,1.0694
2162,1.0702
2174,1.0653
2185,1.0718
2194,1.0702
2206,1.0702
2216,1.0662
2226,1.0702
2238,1.0718
2248,1.0702
2259,1.0662
2270,1.0694
2279,1.0702
2291,1.0702
2302,1.0678
2311,1.0678
2323,1.0670
2333,1.0702
2343,1.0694
2355,1.0750
2365,1.0734
2376,1.0718
2387,1.0686
2396,1.0702
2408,1.0702
2419,1.0702
2428,1.0742
2440,1.0694
2450,1.0653
2460,1.0726
2472,1.0710
2482,1.0710
2493,1.0702
2504,1.0702
2513,1.0710
2525,1.0694
2536,1.0653
2545,1.0694
2557,1.0653
2568,1.0742
2577,1.0702
2589,1.0694
2599,1.0645
2609,1.0702
2621,1.0726
2630,1.0702
2642,1.0702
2653,1.0702
2662,1.0702
2674,1.0702
2685,1.0710
2694,1.0702
2706,1.0718
2716,1.0678
2726,1.0653
2738,1.0726
2748,1.0726
2759,1.0702
2770,1.0637
2779,1.0702
2791,1.0702
2802,1.0702
2811,1.0670
2823,1.0702
2834,1.0710
2843,1.0686
2855,1.0718
2865,1.0686
2876,1.0702
2887,1.0702
2897,1.0686
2908,1.0726
2919,1.0710
2928,1.0718
2940,1.0702
2951,1.0694
2960,1.0702
2972,1.0702
2982,1.0629
2992,1.0710
3004,1.0694
3014,1.0702
3025,1.0702
3036,1.0678
3045,1.0678
3057,1.0702
3068,1.0742
3077,1.0629
3089,1.0645
3100,1.0718
3109,1.0694
3121,1.0718
3131,1.0686
3142,1.0686
3153,1.0702
3163,1.0702
3174,1.0694
3185,1.0694
3194,1.0702
3206,1.0742
3217,1.0702
3226,1.0710
3238,1.0742
3248,1.0629
3258,1.0718
3270,1.0718
3280,1.0694
3291,1.0750
3302,1.0678
3311,1.0686
3323,1.0726
3334,1.0734
3343,1.0702
3355,1.0702
3366,1.0702
3375,1.0758
3387,1.0662
3397,1.0750
3408,1.0742
3419,1.0702
3428,1.0702
3440,1.0702
3451,1.0662
3460,1.0686
3472,1.0710
3483,1.0678
3492,1.0702
3504,1.0710
3514,1.0702
3525,1.0645
3536,1.0750
3545,1.0750
3557,1.0702
3568,1.0702
3577,1.0621
3589,1.0678
3600,1.0742
3609,1.0694
3621,1.0702
3631,1.0702
3641,1.0694
3653,1.0710
3662,1.0742
3674,1.0750
3685,1.0694
3694,1.0670
3706,1.0726
3717,1.0702
3726,1.0702
3738,1.0702
3748,1.0702
3758,1.0710
3770,1.0702
3780,1.0742
3791,1.0710
3802,1.0694
3811,1.0702
3823,1.0710
3834,1.0718
3843,1.0678
3855,1.0702
3864,1.0694
3866,1.0702
3877,1.0702
3886,1.0710
3898,1.0702
3908,1.0710
3919,1.0726
3930,1.0629
3939,1.0694
3951,1.0702
3962,1.0702
3971,1.0702
3983,1.0662
3994,1.0670
4003,1.0702
4015,1.0629
4025,1.0710
4035,1.0694
4047,1.0678
4057,1.0694
4068,1.0710
4079,1.0694
4088,1.0742
4100,1.0678
4111,1.0742
4120,1.0702
4132,1.0702
4142,1.0702
4152,1.0710
4164,1.0678
4174,1.0702
4185,1.0694
4196,1.0678
4205,1.0702
4217,1.0702
4228,1.0662
4237,1.0694
4249,1.0702
4260,1.0758
4269,1.0726
4281,1.0702
4291,1.0718
4302,1.0702
4313,1.1193
4322,1.0726
4334,1.0710
4345,1.0694
4354,1.0645
4366,1.0718
4377,1.0718
4386,1.0734
4398,1.0678
4408,1.0742
4418,1.0702
4430,1.0710
4440,1.0629
4451,1.0694
4462,1.0702
4471,1.0670
4483,1.0678
4494,1.0702
4503,1.0629
4515,1.0710
4525,1.0678
4535,1.0702
4547,1.0629
4557,1.0653
4568,1.0678
4579,1.0702
4588,1.0710
4600,1.0718
4611,1.0653
4620,1.0678
4632,1.0726
4642,1.0710
4652,1.0702
4664,1.0694
4674,1.0702
4685,1.0678
4696,1.0653
4705,1.0702
4717,1.0710
4728,1.0694
4737,1.0726
4749,1.0718
4760,1.0750
4769,1.0694
4781,1.0710
4791,1.0774
4802,1.0637
4813,1.0710
4822,1.0702
4834,1.0726
4845,1.0597
4854,1.0702
4866,1.0702
4877,1.0702
4886,1.0033
4898,1.0694
4908,1.0758
4918,1.0710
4930,1.0653
4940,1.0702
4951,1.0678
4962,1.0742
4971,1.0702
4983,1.0670
4994,1.0718
5003,1.0702
5015,1.0662
5025,1.0710
5035,1.1097
5047,1.1677
5057,1.2032
5068,1.2918
5079,1.3579
5088,1.4046
5100,1.4433
5111,1.4441
5120,1.4336
5132,1.4175
5142,1.4054
5152,1.3869
5164,1.3812
5174,1.3869
5185,1.3780
5196,1.3796
5205,1.3796
5217,1.3796
5228,1.3514
5237,1.3224
5249,1.3232
5258,1.3152
5260,1.3111
5270,1.3071
5281,1.3144
5292,1.3240
5301,1.3273
5313,1.3337
5324,1.3337
5333,1.3144
5345,1.3337
5356,1.3401
5365,1.3410
5377,1.3385
5387,1.3393
5398,1.3434
5409,1.3353
5418,1.3313
5430,1.3401
5441,1.3418
5450,1.3369
5462,1.3450
5473,1.3426
5482,1.3385
5494,1.3377
5504,1.3369
5515,1.3385
5526,1.3401
5535,1.3385
5547,1.3401
5558,1.3353
5567,1.3401
5579,1.3385
5589,1.3401
5600,1.3385
5611,1.4546
5620,1.3410
5632,1.3401
5643,1.3329
5652,1.3385
5664,1.3353
5675,1.3482
5684,1.3418
5696,1.3393
5706,1.3401
5717,1.3385
5728,1.3410
5737,1.3385
5749,1.3369
5760,1.3401
5769,1.3393
5781,1.3369
5792,1.3434
5801,1.3393
5813,1.3385
5823,1.3321
5834,1.3458
5845,1.3369
5854,1.3434
5866,1.3385
5877,1.3410
5886,1.3385
5898,1.3329
5908,1.3393
5919,1.3401
5930,1.3410
5939,1.3385
5951,1.3337
5962,1.3385
5971,1.3410
5983,1.3385
5994,1.3434
6003,1.3369
6015,1.3426
6025,1.3418
6036,1.3369
6047,1.3426
6056,1.3426
6068,1.2716
6079,1.3385
6088,1.3401
6100,1.3458
6111,1.3434
6120,1.3426
6132,1.3466
6142,1.3490
6153,1.3482
6164,1.3458
6173,1.3506
6185,1.3410
6196,1.3530
6205,1.3466
6217,1.3418
6227,1.3466
6237,1.3506
6249,1.3530
6258,1.3482
6270,1.3522
6281,1.3466
6290,1.3490
6302,1.3490
6313,1.3450
6322,1.3482
6334,1.3498
6344,1.3466
6355,1.3498
6366,1.3450
6375,1.3418
6387,1.3434
6398,1.3466
6407,1.3466
6419,1.3450
6430,1.3538
6439,1.3418
6451,1.3498
6461,1.3538
6472,1.3466
6483,1.3482
6492,1.3434
6504,1.3458
6515,1.3514
6524,1.3466
6536,1.3434
6546,1.3482
6556,1.3490
6568,1.3458
6578,1.3522
6589,1.3482
6600,1.3498
6609,1.3458
6621,1.3498
6632,1.3450
6641,1.3538
6653,1.3498
6663,1.3426
6673,1.3482
6685,1.3442
6695,1.3530
6706,1.3498
6717,1.3490
6726,1.3466
6738,1.3442
6749,1.3410
6758,1.3466
6770,1.3498
6780,1.3466
6791,1.3490
6802,1.3434
6811,1.3530
6823,1.3538
6834,1.3498
6843,1.3434
6855,1.3506
6865,1.3466
6875,1.3450
6887,1.3466
6897,1.3522
6908,1.3474
6919,1.3514
6928,1.3506
6940,1.3450
6951,1.3490
6960,1.3450
6972,1.3466
6982,1.3498
6992,1.3466
7004,1.3490
7014,1.3514
7025,1.3522
7036,1.3506
7045,1.3490
7057,1.3450
7068,1.3490
7077,1.3458
7089,1.3450
7099,1.3458
7110,1.3466
7121,1.3538
7130,1.3434
7142,1.3498
7153,1.3474
7162,1.3410
7174,1.3482
7184,1.3434
7194,1.3466
7206,1.3458
7216,1.3434
7227,1.3530
7238,1.3522
7247,1.3514
7259,1.3458
7270,1.3514
7279,1.3482
7291,1.3530
7301,1.3514
7311,1.3466
7323,1.3530
7333,1.3458
7344,1.3490
7355,1.3466
7364,1.3530
7376,1.3490
7387,1.3466
7396,1.3538
7408,1.3498
7418,1.3434
7429,1.3450
7440,1.3498
7449,1.3426
7461,1.3490
7472,1.3458
7481,1.3482
7493,1.3466
7503,1.3401
7513,1.3538
7525,1.3482
7535,1.3450
7546,1.3426
7557,1.3410
7566,1.4707
7578,1.3466
7589,1.3498
7598,1.3530
7610,1.3522
7619,1.3482
7621,1.3490
7632,1.3530
7641,1.3458
7653,1.3498
7663,1.3410
7674,1.3538
7685,1.3490
7694,1.3458
7706,1.3482
7717,1.3514
7726,1.3442
7738,1.3530
7748,1.3466
7759,1.3498
7770,1.3458
7779,1.3450
7791,1.3514
7802,1.3466
7811,1.3466
7823,1.3563
7834,1.3482
7843,1.3522
7855,1.3434
7865,1.3498
7876,1.3522
7887,1.3418
7896,1.3466
7908,1.3450
7919,1.3506
7928,1.3474
7940,1.3442
7951,1.3490
7960,1.3458
7972,1.3482
7982,1.3466
7993,1.3450
8004,1.3442
8013,1.3434
8025,1.3506
8036,1.3466
8045,1.3426
8057,1.3466
8067,1.3466
8077,1.3466
8089,1.3144
8098,1.3514
8110,1.3434
8121,1.3547
8130,1.3482
8142,1.3498
8153,1.3458
8162,1.3466
8174,1.3466
8184,1.3490
8195,1.3538
8206,1.3410
8215,1.3498
8227,1.3506
8238,1.3426
8247,1.3490
8259,1.3530
8270,1.3538
8279,1.3434
8291,1.3426
8301,1.3490
8312,1.3490
8323,1.3538
8332,1.3458
8344,1.3587
8355,1.3410
8364,1.3547
8376,1.3426
8386,1.3498
8396,1.3393
8408,1.3538
8418,1.3498
8429,1.3538
8440,1.3530
8449,1.3426
8461,1.3498
8472,1.3434
8481,1.3482
8493,1.3514
8503,1.3442
8513,1.3450
8525,1.3498
8534,1.3522
8546,1.3498
8557,1.3498
8566,1.3450
8578,1.3482
8589,1.3514
8598,1.3538
8610,1.3530
8620,1.3530
8631,1.3506
8642,1.3466
8651,1.3482
8663,1.3514
8674,1.3450
8683,1.3522
8695,1.3434
8705,1.3514
8715,1.3450
8727,1.3514
8737,1.3498
8748,1.3482
8759,1.3458
8768,1.3514
8780,1.3498
8791,1.3498
8800,1.3498
8812,1.3450
8822,1.3514
8832,1.3426
8844,1.3450
8854,1.3490
8865,1.3474
8876,1.3410
8885,1.3466
8897,1.3474
8908,1.3410
8917,1.3466
8929,1.3466
8939,1.3450
8950,1.3530
8961,1.3498
8970,1.3530
8982,1.3538
8993,1.3498
9002,1.3506
9014,1.3514
9024,1.3538
9034,1.3442
9046,1.3522
9056,1.3498
9067,1.3434
9078,1.3442
9087,1.3522
9099,1.3401
9110,1.3514
9119,1.3466
9131,1.3442
9141,1.3498
9151,1.3514
9163,1.3490
9173,1.3547
9184,1.3482
9195,1.3450
9204,1.3506
9216,1.3498
9227,1.3538
9236,1.3450
9248,1.3450
9258,1.3514
9269,1.3514
9280,1.3410
9289,1.3450
9301,1.3490
9312,1.3490
9321,1.3434
9333,1.3482
9343,1.3482
9353,1.3458
9365,1.3458
9375,1.3418
9386,1.3426
9397,1.3514
9406,1.3466
9418,1.3498
9429,1.3474
9438,1.3514
9450,1.3442
9459,1.3466
9461,1.3506
9471,1.3410
9482,1.3522
9493,1.3393
9502,1.3450
9514,1.3514
9525,1.3410
9534,1.3466
9546,1.3498
9557,1.3482
9566,1.3538
9578,1.3490
9588,1.3458
9599,1.3547
9610,1.3498
9619,1.3458
9631,1.3490
9642,1.3458
9651,1.3482
9663,1.3458
9674,1.3498
9683,1.3434
9695,1.3506
9705,1.3434
9716,1.3490
9727,1.3410
9736,1.3450
9748,1.3466
9759,1.3514
9768,1.3466
9780,1.3482
9790,1.3498
9801,1.3450
9812,1.3498
9821,1.3538
9833,1.3434
9844,1.3410
9853,1.3442
9865,1.3498
9876,1.3490
9885,1.3514
9897,1.3498
9907,1.3458
9918,1.3490
9929,1.3474
9938,1.3329
9950,1.3466
9961,1.3490
9970,1.3434
9982,1.3482
9993,1.3192
10002,1.3522
10014,1.3458
10023,1.3466
10035,1.3450
10046,1.3466
10055,1.3047
10067,1.1749
10077,1.0436
10088,0.9195
10099,0.9284
10108,1.0226
10120,1.1580
10129,1.2370
10141,1.2531
10152,1.1749
10161,1.1298
10173,1.0694
10182,1.0186
10194,1.0162
10205,1.0621
10214,1.1048
10226,1.1766
10235,1.2168
10247,1.1846
10258,1.1435
10267,1.1048
10279,1.0887
10288,1.0847
10300,1.0976
10311,1.1177
10320,1.0919
10332,1.0831
10341,1.0847
10353,1.0960
10364,1.0839
10373,1.0911
10385,1.0960
10394,1.0871
10406,1.0960
10416,1.0960
10427,1.0992
10438,1.0936
10447,1.0960
10459,1.0936
10470,1.0960
10480,1.0960
10491,1.0952
10500,1.0968
10512,1.0960
10522,1.0960
10533,1.0976
10544,1.0968
10553,1.0944
10565,1.0944
10575,1.0960
10586,1.0960
10597,1.0936
10606,1.0944
10618,1.0960
10627,1.0968
10639,1.1016
10650,1.0976
10659,1.0968
10671,1.0919
10681,1.0968
10692,1.0968
10703,1.0952
10712,1.0960
10724,1.0936
10733,1.0960
10745,1.0984
10756,1.0952
10765,1.0927
10777,1.0927
10786,1.0960
10798,1.0960
10809,1.0968
10818,1.0960
10830,1.0968
10839,1.0960
10851,1.0968
10862,1.0960
10871,1.0968
10883,1.0960
10892,1.0960
10904,1.0968
10914,1.0960
10925,1.0960
10936,1.0976
10945,1.0927
10957,1.0960
10968,1.0960
10978,1.1008
10989,1.0960
10998,1.0927
11010,1.0952
11020,1.0960
11031,1.0984
11042,1.1161
11051,1.0968
11063,1.0936
11073,1.0960
11084,1.0903
11095,1.0960
11104,1.0952
11116,1.0960
11126,1.0960
11137,1.0960
11148,1.0952
11157,1.0879
11169,1.0968
11179,1.0952
11190,1.0968
11201,1.0936
11210,1.0976
11222,1.0944
11232,1.0976
11243,1.0936
11254,1.1008
11263,1.0968
11275,1.0952
11285,1.0919
11296,1.0952
11307,1.0903
11316,1.0960
11328,1.0952
11337,1.0976
11349,1.1016
11360,1.0960
11369,1.1000
11381,1.0936
11390,1.0984
11402,1.0960
11413,1.0960
11422,1.0976
11434,1.0960
11444,1.0960
11455,1.0944
11466,1.0960
11475,1.0952
11487,1.0952
11497,1.0887
11508,1.0960
11519,1.0984
11528,1.0960
11540,1.0919
11550,1.0960
11561,1.0960
11572,1.1000
11581,1.0952
11593,1.0919
11603,1.0968
11614,1.0927
11625,1.0960
11634,1.0919
11646,1.0984
11655,1.0903
11667,1.0944
11678,1.0960
11687,1.0936
11699,1.0960
11709,1.0944
11720,1.0936
11731,1.0984
11740,1.0960
11752,1.0944
11761,1.0927
11773,1.0976
11784,1.0960
11793,1.0960
11805,1.0960
11815,1.0976
11826,1.0960
11837,1.0960
11846,1.0960
11858,1.0952
11867,1.0960
11879,1.0976
11890,1.0968
11899,1.0968
11911,1.0952
11921,1.0960
11932,1.0879
11943,1.0936
11952,1.0927
11964,1.0960
11973,1.0936
11985,1.0968
11996,1.0992
12005,1.0960
12017,1.0960
12027,1.0968
12038,1.1000
12049,1.0952
12058,1.0952
12070,1.0960
12080,1.0968
12091,1.0944
12102,1.0976
12111,1.0968
12123,1.0968
12132,1.0960
12144,1.0968
12155,1.0952
12164,1.0911
12176,1.0984
12186,1.0936
12197,1.0960
12208,1.0936
12217,1.1032
12229,1.0927
12238,1.0984
12250,1.0960
12261,1.0911
12270,1.0927
12282,1.0960
12292,1.0952
12303,1.0984
12314,1.0960
12323,1.0984
12335,1.0936
12344,1.1000
12356,1.0944
12367,1.0952
12376,1.0323
12388,1.0952
12398,1.0952
12409,1.0960
12420,1.0927
12429,1.0952
12441,1.0936
12450,1.0911
12462,1.0960
12473,1.0992
12482,1.0984
12494,1.0960
12503,1.0936
12515,1.0984
12526,1.0960
12535,1.0960
12547,1.0952
12557,1.0952
12568,1.0976
12579,1.0960
12588,1.0960
12600,1.0960
12609,1.0992
12621,1.0936
12632,1.0903
12641,1.0976
12653,1.0960
12663,1.0944
12674,1.0919
12685,1.0968
12694,1.0960
12706,1.0968
12715,1.0976
12727,1.0952
12738,1.0911
12747,1.0960
12759,1.1032
12769,1.1008
12780,1.0936
12791,1.0960
12800,1.0952
12812,1.0960
12821,1.0927
12833,1.0903
12844,1.0992
12853,1.0960
12865,1.0960
12875,1.0927
12886,1.0960
12897,1.0936
12906,1.0944
12918,1.0952
12927,1.0944
12939,1.0919
12950,1.0984
12959,1.0968
12971,1.0960
12980,1.0936
12992,1.0960
13003,1.0960
13012,1.0936
13024,1.0952
13034,1.0968
13045,1.0968
13056,1.0968
13065,1.0960
13077,1.0952
13086,1.0936
13098,1.0903
13109,1.0960
13118,1.1000
13130,1.0960
13140,1.0936
13151,1.0936
13162,1.0952
13171,1.0984
13183,1.0960
13192,1.0960
13204,1.0984
13215,1.0968
13224,1.1008
13236,1.0960
13245,1.0960
13257,1.0976
13268,1.0919
13277,1.0944
13289,1.0960
13299,1.0944
13310,1.0936
13321,1.0976
13330,1.0944
13342,1.0911
13351,1.0960
13363,1.0960
13374,1.0960
13383,1.0911
13395,1.0887
13405,1.0984
13416,1.0960
13427,1.0968
13436,1.0952
13448,1.0936
13457,1.0952
13469,1.0976
13480,1.0960
13489,1.0960
13501,1.0960
13511,1.0960
13522,1.0984
13533,1.0968
13542,1.0976
13554,1.0968
13563,1.0960
13575,1.0936
13586,1.0944
13595,1.0976
13607,1.0976
13617,1.0903
13628,1.0960
13639,1.0960
13648,1.0960
13660,1.0919
13670,1.0960
13681,1.0960
13692,1.0952
13701,1.0911
13713,1.0984
13722,1.1008
13734,1.0960
13745,1.0960
13754,1.0952
13766,1.0960
13776,1.0919
13787,1.0984
13798,1.1000
13807,1.0936
13819,1.0952
13828,1.0960
13840,1.0919
13851,1.0960
13860,1.0960
13872,1.0968
13882,1.0960
13893,1.0952
13904,1.0936
13913,1.0944
13925,1.0968
13935,1.0952
13946,1.0968
13957,1.0960
13966,1.0968
13978,1.0960
13988,1.0952
13999,1.0952
14010,1.0919
14019,1.0976
14031,1.0960
14041,1.0952
14052,1.0919
14063,1.0984
14072,1.1008
14084,1.0960
14094,1.0919
14105,1.0968
14116,1.0911
14125,1.0944
14137,1.0887
14147,1.0944
14158,1.0960
14169,1.0718
14178,1.0944
14190,1.0984
14199,1.0960
14211,1.0944
14222,1.0936
14231,1.1008
14243,1.0984
14253,1.0960
14264,1.0936
14275,1.0952
14284,1.0944
14296,1.0960
14306,1.0952
14317,1.0960
14328,1.0960
14337,1.0960
14349,1.0968
14359,1.0968
14370,1.0960
14381,1.0960
14390,1.0960
14402,1.0984
14412,1.0936
14423,1.0960
14434,1.0944
14443,1.0960
14455,1.0960
14465,1.0952
14476,1.0960
14487,1.0952
14496,1.0960
14508,1.0887
14518,1.0960
14529,1.0919
14540,1.0944
14549,1.0984
14561,1.0960
14571,1.0968
14582,1.0992
14593,1.0968
14602,1.0944
14614,1.0968
14624,1.0960
14635,1.0960
14646,1.0984
14655,1.0976
14667,1.0960
14677,1.0968
14688,1.0968
14699,1.0960
14708,1.0919
14720,1.0839
14730,1.0871
14741,1.0984
14752,1.0968
14761,1.0984
14773,1.0960
14783,1.0960
14794,1.0952
14805,1.0960
14814,1.0911
14826,1.1008
14835,1.0960
14847,1.0960
14858,1.0952
14867,1.0936
14879,1.0952
14889,1.0976
14900,1.0968
14911,1.0944
14920,1.0960
14932,1.0919
14942,1.0960
14953,1.0960
14964,1.1016
14973,1.0960
14985,1.0919
14995,1.0992
15006,1.0936
15017,1.0960
15026,1.0936
15038,1.0960
15048,1.1347
15059,1.1911
15070,1.2370
15079,1.3079
15091,1.3837
15101,1.4240
15112,1.4578
15123,1.4610
15132,1.4586
15144,1.4352
15153,1.4272
15165,1.4095
15176,1.4070
15185,1.4070
15197,1.4022
15207,1.4054
15218,1.3917
15229,1.3555
15238,1.3498
15250,1.3458
15260,1.3482
15271,1.3498
15282,1.3490
15291,1.3538
15303,1.3530
15312,1.3514
15324,1.3530
15335,1.3490
15344,1.3547
15356,1.3538
15365,1.3547
15377,1.3538
15388,1.3538
15397,1.3563
15409,1.3563
15418,1.3538
15430,1.3530
15441,1.3538
15450,1.3538
15462,1.3587
15471,1.3490
15483,1.3538
15494,1.3530
15504,1.3555
15515,1.3514
15524,1.3538
15536,1.3506
15546,1.3547
15557,1.3538
15568,1.3555
15577,1.3514
15589,1.3490
15598,1.3490
15600,1.3579
15610,1.3555
15621,1.3482
15632,1.3538
15641,1.3490
15653,1.3547
15662,1.3506
15674,1.3555
15685,1.3595
15694,1.3538
15706,1.3595
15716,1.3547
15727,1.3538
15738,1.3563
15747,1.3538
15759,1.3522
15768,1.3538
15780,1.3547
15791,1.3538
15800,1.3538
15812,1.3555
15822,1.3538
15833,1.3563
15844,1.3522
15853,1.3538
15865,1.3538
15875,1.3530
15886,1.3538
15897,1.3547
15906,1.3530
15918,1.3563
15928,1.3587
15939,1.3579
15950,1.3538
15959,1.3538
15971,1.3538
15980,1.3579
15992,1.3538
16003,1.3555
16012,1.3538
16024,1.3587
16033,1.3579
16045,1.3547
16056,1.3538
16065,1.3538
16077,1.3538
16086,1.3571
16098,1.3538
16109,1.3538
16119,1.3530
16130,1.3538
16139,1.3547
16151,1.3538
16161,1.3538
16172,1.3547
16183,1.3490
16192,1.3547
16204,1.3538
16214,1.3555
16225,1.3547
16236,1.3555
16245,1.3538
16257,1.3538
16267,1.3522
16278,1.3538
16289,1.3547
16298,1.3538
16310,1.3538
16320,1.3538
16331,1.3547
16342,1.3538
16351,1.3514
16363,1.3547
16372,1.3595
16384,1.3530
16395,1.3571
16404,1.3514
16416,1.3555
16426,1.3547
16437,1.3538
16448,1.3538
16457,1.3498
16469,1.3547
16478,1.3538
16490,1.3514
16501,1.3538
16510,1.3530
16522,1.3547
16531,1.3538
16543,1.3538
16553,1.3506
16564,1.3563
16575,1.3538
16584,1.3530
16596,1.3563
16607,1.3538
16616,1.3547
16628,1.3538
16637,1.3587
16649,1.3611
16659,1.3555
16670,1.3579
16681,1.3530
16690,1.3538
16702,1.3538
16712,1.3538
16723,1.3522
16734,1.3563
16743,1.3538
16755,1.3538
16765,1.3579
16776,1.3538
16787,1.3563
16796,1.3547
16808,1.3538
16818,1.3514
16829,1.3522
16840,1.3538
16849,1.3530
16861,1.3547
16870,1.3538
16882,1.3547
16893,1.3482
16902,1.3530
16914,1.3514
16923,1.3571
16935,1.3538
16945,1.3538
16955,1.3579
16967,1.3538
16976,1.3538
16988,1.3514
16999,1.3538
17008,1.3563
17020,1.3547
17029,1.3595
17041,1.3538
17051,1.3522
17062,1.3514
17073,1.3595
17082,1.3563
17094,1.3490
17104,1.3538
17115,1.3538
17126,1.3571
17135,1.3530
17147,1.3530
17157,1.3547
17168,1.3538
17179,1.3530
17188,1.3547
17200,1.3530
17210,1.3538
17221,1.3538
17232,1.3530
17241,1.3538
17253,1.3530
17262,1.3538
17274,1.3498
17285,1.3538
17294,1.3538
17306,1.3538
17316,1.3555
17327,1.3514
17338,1.3538
17347,1.3514
17359,1.3530
17368,1.4111
17380,1.3547
17391,1.3514
17400,1.3538
17412,1.3538
17421,1.3555
17433,1.3538
17443,1.3563
17454,1.3579
17465,1.3538
17474,1.3538
17486,1.3538
17497,1.3571
17506,1.3538
17518,1.3514
17527,1.3498
17539,1.3538
17549,1.3538
17560,1.3538
17571,1.3571
17580,1.3514
17592,1.3530
17602,1.3547
17613,1.3563
17624,1.3514
17633,1.3538
17645,1.3555
17654,1.3579
17666,1.3538
17677,1.3555
17686,1.3538
17698,1.3538
17708,1.3538
17719,1.3563
17730,1.3538
17739,1.3538
17751,1.3530
17760,1.3522
17772,1.3538
17783,1.3538
17792,1.3522
17804,1.3563
17813,1.3538
17825,1.3538
17834,1.3538
17836,1.3547
17847,1.3538
17856,1.3587
17868,1.3555
17877,1.3571
17889,1.3595
17899,1.3579
17910,1.3538
17921,1.3547
17930,1.3538
17942,1.3538
17952,1.3538
17963,1.3466
17974,1.3579
17983,1.3530
17995,1.3538
18005,1.3547
18016,1.3555
18027,1.3522
18036,1.3555
18048,1.3522
18058,1.3530
18069,1.3555
18080,1.3579
18089,1.3538
18101,1.3538
18110,1.3538
18122,1.3563
18133,1.3547
18142,1.3538
18154,1.3490
18164,1.3538
18175,1.3563
18186,1.3538
18195,1.3538
18207,1.3514
18217,1.3555
18228,1.3611
18239,1.3538
18248,1.3538
18260,1.3514
18270,1.3506
18281,1.3547
18292,1.3498
18301,1.3538
18313,1.3498
18322,1.3538
18334,1.3538
18345,1.3579
18354,1.3563
18366,1.3555
18375,1.3498
18387,1.3547
18398,1.3538
18407,1.3555
18419,1.3498
18428,1.3530
18440,1.3538
18451,1.3514
18461,1.3538
18472,1.3547
18481,1.3579
18493,1.3538
18503,1.3482
18514,1.3611
18525,1.3498
18534,1.3579
18546,1.3595
18555,1.3490
18557,1.3538
18567,1.3490
18578,1.3538
18589,1.3538
18598,1.3595
18610,1.3522
18619,1.3522
18631,1.2297
18642,1.3555
18651,1.3538
18663,1.3547
18673,1.3538
18684,1.3579
18695,1.3538
18704,1.3538
18716,1.3538
18725,1.3514
18737,1.3587
18748,1.3538
18757,1.3538
18769,1.3538
18779,1.3538
18790,1.3547
18801,1.3538
18810,1.3555
18822,1.3538
18832,1.3530
18843,1.3522
18854,1.3498
18863,1.3555
18875,1.3538
18885,1.3595
18896,1.3538
18907,1.3547
18916,1.3522
18928,1.3579
18937,1.3538
18949,1.3522
18960,1.3547
18969,1.3538
18981,1.3538
18990,1.3538
19002,1.3555
19013,1.3530
19022,1.3555
19034,1.3563
19043,1.3538
19055,1.3538
19066,1.3530
19075,1.3538
19087,1.3538
19096,1.3522
19108,1.3514
19118,1.3530
19129,1.3538
19140,1.3547
19149,1.3530
19161,1.3555
19171,1.3538
19182,1.3547
19193,1.3563
19202,1.3514
19214,1.3522
19224,1.3538
19235,1.3547
19246,1.3571
19255,1.3587
19267,1.3538
19277,1.3538
19288,1.3530
19299,1.3563
19308,1.3506
19320,1.3571
19329,1.3555
19341,1.3538
19352,1.3538
19361,1.3498
19373,1.3538
19383,1.3490
19394,1.3538
19405,1.3571
19414,1.3547
19426,1.3522
19435,1.3587
19447,1.3603
19458,1.3538
19467,1.3530
19479,1.3538
19488,1.3538
19500,1.3538
19510,1.3563
19521,1.3538
19532,1.3555
19541,1.3071
19553,1.3538
19564,1.3538
19573,1.3547
19585,1.3530
19594,1.3506
19606,1.3555
19616,1.3538
19627,1.3547
19638,1.3538
19647,1.3571
19659,1.3538
19669,1.3426
19680,1.3595
19691,1.3538
19700,1.3538
19712,1.3514
19722,1.3530
19733,1.3522
19744,1.3538
19753,1.3563
19765,1.3538
19775,1.3498
19786,1.3563
19797,1.3547
19806,1.3563
19818,1.3547
19827,1.3538
19839,1.3611
19850,1.3522
19859,1.3538
19871,1.3563
19881,1.3522
19892,1.3555
19903,1.3538
19912,1.3538
19924,1.3538
19934,1.3643
19945,1.3547
19956,1.3579
19965,1.3514
19977,1.3547
19986,1.3547
19998,1.3538
20009,1.3538
20018,1.3555
20030,1.3579
20039,1.3522
20051,1.3538
20062,1.2999
20072,1.1774
20083,1.0210
20092,0.9203
20104,0.9211
20115,1.0444
20124,1.1564
20136,1.2765
20145,1.2741
20157,1.1814
20168,1.0847
20178,1.0323
20189,0.9920
20198,1.0081
20210,1.0960
20220,1.1475
20231,1.2136
20242,1.2644
20251,1.2370
20263,1.1991
20273,1.1475
20284,1.0887
20295,1.0484
20304,1.0323
20316,1.0597
20326,1.0500
20337,1.0573
20348,1.0919
20357,1.1274
20369,1.1459
20379,1.1459
20390,1.1347
20401,1.1371
20410,1.1451
20422,1.1475
20432,1.1475
20443,1.1347
20454,1.1218
20463,1.1097
20475,1.1145
20484,1.1064
20496,1.1081
20507,1.1056
20516,1.1089
20528,1.1073
20538,1.1129
20549,1.1121
20560,1.1081
20569,1.1073
20581,1.1089
20591,1.1097
20602,1.1081
20613,1.0992
20622,1.1008
20634,1.0444
20644,1.1048
20655,1.1048
20666,1.1073
20675,1.1073
20687,1.1048
20697,1.1177
20708,1.1089
20719,1.1097
20728,1.1129
20740,1.1097
20750,1.1113
20761,1.1105
20772,1.1129
20781,1.1097
20793,1.1081
20803,1.1242
20814,1.1097
20825,1.1089
20834,1.1073
20846,1.1089
20856,1.1105
20867,1.1097
20878,1.0831
20887,1.1145
20899,1.1064
20909,1.1081
20920,1.1089
20931,1.1105
20940,1.1145
20952,1.1137
20962,1.1064
20973,1.1097
20984,1.1081
20993,1.1113
21005,1.1113
21015,1.1089
21026,1.1056
21037,1.1105
21046,1.1064
21058,1.1097
21068,1.1056
21079,1.1113
21090,1.1113
21099,1.1073
21111,1.1129
21121,1.1040
21132,1.1032
21143,1.1137
21152,1.1064
21164,1.1129
21174,1.1073
21185,1.1081
21196,1.1105
21205,1.1081
21217,1.1089
21227,1.1169
21238,1.1008
21249,1.1048
21258,1.1105
21270,1.1032
21280,1.1064
21291,1.1145
21302,1.1081
21311,1.1129
21323,1.1073
21333,1.1113
21344,1.1081
21355,1.1081
21364,1.1193
21376,1.1129
21386,1.1081
21397,1.1129
21408,1.1073
21417,1.1097
21429,1.1105
21439,1.1081
21450,1.1081
21461,1.1121
21470,1.1040
21482,1.1073
21492,1.1105
21503,1.1048
21514,1.1073
21523,1.1064
21535,1.1113
21545,1.1097
21556,1.1089
21567,1.1121
21576,1.1081
21588,1.1081
21598,1.1073
21609,1.1137
21620,1.1064
21629,1.1000
21641,1.0992
21651,1.1089
21662,1.1105
21673,1.1040
21682,1.1089
21694,1.1073
21704,1.1129
21715,1.1056
21726,1.1105
21735,1.1048
21747,1.1097
21757,1.1073
21768,1.1137
21779,1.1105
21788,1.1081
21800,1.1024
21810,1.1145
21821,1.1161
21832,1.1056
21841,1.1081
21853,1.1081
21863,1.1064
21874,1.1129
21885,1.1129
21894,1.1081
21906,1.1048
21916,1.1064
21927,1.1097
21938,1.1105
21947,1.1081
21959,1.1089
21969,1.1081
21980,1.1113
21991,1.1008
22000,1.1105
22012,1.1097
22022,1.1089
22033,1.1089
22044,1.1145
22053,1.1081
22065,1.1073
22075,1.1073
22086,1.1048
22097,1.1081
22106,1.1169
22118,1.1081
22128,1.1064
22139,1.1000
22150,1.1105
22159,1.1089
22171,1.1145
22181,1.1169
22192,1.1040
22203,1.1081
22212,1.1048
22224,1.1129
22233,1.1105
22235,1.1105
22245,1.1040
22256,1.1073
22267,1.1048
22276,1.1105
22288,1.1113
22298,1.1048
22309,1.1097
22320,1.0984
22329,1.1081
22341,1.1032
22351,1.1129
22362,1.1137
22373,1.1040
22382,1.1073
22394,1.1089
22404,1.1097
22415,1.1137
22426,1.1121
22435,1.1064
22447,1.1064
22457,1.1105
22468,1.1032
22479,1.1097
22488,1.1064
22500,1.1113
22510,1.1089
22521,1.1105
22532,1.1129
22541,1.1064
22553,1.1371
22563,1.1121
22574,1.1056
22585,1.1048
22594,1.1064
22606,1.1105
22616,1.1097
22627,1.1056
22638,1.1113
22647,1.1097
22659,1.1032
22669,1.1113
22680,1.1097
22691,1.1113
22700,1.1137
22712,1.1081
22722,1.1081
22733,1.1105
22744,1.1089
22753,1.1048
22765,1.1089
22775,1.1081
22786,1.1081
22797,1.1113
22806,1.1064
22818,1.1097
22828,1.1129
22839,1.1048
22850,1.1185
22859,1.1145
22871,1.1097
22881,1.1048
22892,1.1081
22903,1.1048
22912,1.1073
22924,1.1081
22934,1.1105
22945,1.1073
22956,1.1113
22965,1.1137
22977,1.1097
22987,1.1056
22998,1.1064
23009,1.1081
23018,1.1097
23030,1.1081
23040,1.1081
23051,1.1064
23062,1.1064
23071,1.1113
23083,1.1145
23093,1.1097
23104,1.1081
23115,1.1145
23124,1.1097
23136,1.1097
23146,1.1097
23157,1.1081
23168,1.1113
23177,1.1089
23189,1.1105
23199,1.1105
23210,1.1073
23221,1.1081
23230,1.1129
23242,1.1040
23252,1.1073
23263,1.1089
23274,1.1048
23283,1.1177
23295,1.1097
23304,1.1081
23306,1.1081
23316,1.1048
23327,1.1064
23338,1.1089
23347,1.1097
23359,1.1113
23369,1.1129
23380,1.1097
23391,1.1016
23400,1.1105
23412,1.1105
23422,1.1081
23433,1.1113
23444,1.1081
23453,1.1113
23465,1.1097
23475,1.1016
23486,1.1064
23497,1.1105
23506,1.1089
23518,1.1040
23528,1.0984
23539,1.1081
23550,1.1048
23559,1.1089
23571,1.1048
23581,1.1064
23592,1.1097
23603,1.1081
23612,1.1032
23624,1.1105
23634,1.1081
23645,1.1073
23656,1.1081
23665,1.1081
23677,1.1081
23687,1.1064
23698,1.1073
23709,1.1081
23718,1.1113
23730,1.1097
23740,1.1081
23751,1.0291
23762,1.1048
23771,1.1040
23783,1.1097
23793,1.1081
23804,1.1169
23815,1.1137
23824,1.1048
23836,1.1137
23846,1.1137
23857,1.1121
23868,1.1193
23877,1.1121
23889,1.1137
23899,1.1121
23910,1.1089
23921,1.1016
23930,1.1105
23942,1.1097
23952,1.1129
23963,1.1097
23974,1.1081
23983,1.1073
23995,1.1145
24005,1.1081
24016,1.1081
24027,1.1105
24036,1.1081
24048,1.1121
24058,1.1137
24069,1.1105
24080,1.1073
24089,1.1129
24101,1.1129
24111,1.1097
24122,1.1121
24133,1.1081
24142,1.1097
24154,1.1097
24164,1.1064
24175,1.1137
24186,1.1105
24195,1.1129
24207,1.1073
24217,1.1105
24228,1.1129
24239,1.1064
24248,1.1064
24260,1.1073
24270,1.1097
24281,1.1056
24292,1.1129
24301,1.1169
24313,1.1129
24323,1.1048
24334,1.1073
24345,1.1008
24354,1.1081
24366,1.1113
24376,1.1145
24387,1.1081
24398,1.1129
24407,1.1145
24419,1.1121
24429,1.1105
24440,1.1081
24451,1.1081
24460,1.1113
24472,1.0960
24482,1.1097
24493,1.1089
24504,1.1097
24513,1.1081
24525,1.1048
24535,1.1081
24546,1.1089
24557,1.1097
24566,1.1089
24578,1.1105
24588,1.1137
24599,1.1048
24610,1.1097
24619,1.1081
24631,1.1113
24642,1.1073
24652,1.1048
24663,1.1105
24672,1.1089
24684,1.1113
24694,1.1113
24705,1.1097
24716,1.1064
24725,1.1105
24737,1.1089
24747,1.1064
24758,1.1081
24769,1.1073
24778,1.1105
24790,1.1097
24800,1.1040
24811,1.1081
24822,1.1008
24831,1.1089
24843,1.1064
24853,1.1089
24864,1.1073
24875,1.1097
24884,1.1000
24896,1.1073
24907,1.1105
24916,1.1105
24928,1.1016
24937,1.1073
24949,1.1121
24959,1.1056
24970,1.1105
24981,1.1064
24990,1.1121
25002,1.1073
25013,1.1032
25023,1.1081
25034,1.1073
25043,1.1081
25055,1.1113
25065,1.1475
25076,1.1983
25087,1.2346
25096,1.3071
25108,1.3756
25117,1.4143
25119,1.4199
25129,1.4465
25140,1.4505
25151,1.4449
25160,1.4312
25172,1.4264
25181,1.4183
25193,1.4135
25204,1.4111
25213,1.4175
25225,1.4103
25235,1.4135
25246,1.3909
25257,1.3643
25266,1.3506
25278,1.3522
25287,1.3466
25299,1.3466
25310,1.3458
25319,1.3530
25331,1.3538
25340,1.3555
25352,1.3538
25363,1.3563
25373,1.3538
25384,1.3538
25393,1.3555
25405,1.3555
25415,1.3555
25425,1.3587
25437,1.3538
25446,1.3522
25458,1.3627
25468,1.3563
25479,1.3563
25490,1.3555
25499,1.3538
25511,1.3530
25521,1.3555
25532,1.3538
25543,1.3555
25552,1.3555
25564,1.3538
25574,1.3538
25585,1.3538
25596,1.3538
25605,1.3538
25617,1.3587
25627,1.3538
25638,1.3555
25649,1.3555
25658,1.3538
25670,1.3555
25679,1.3538
25691,1.3538
25702,1.3498
25711,1.3563
25723,1.3555
25732,1.3498
25744,1.3563
25755,1.3547
25765,1.3547
25776,1.3522
25785,1.3587
25797,1.3587
25808,1.3611
25817,1.3563
25829,1.3538
25839,1.3587
25850,1.3514
25861,1.3555
25870,1.3555
25882,1.3522
25891,1.3530
25903,1.3547
25914,1.3555
25923,1.3538
25935,1.3530
25945,1.3547
25956,1.3627
25967,1.3514
25976,1.3619
25988,1.3555
25998,1.3619
26009,1.3587
26020,1.3579
26029,1.3538
26041,1.3563
26050,1.3579
