99,530
110,531
120,531
131,531
141,531
151,532
162,531
173,531
183,531
193,530
204,531
215,530
225,531
235,530
245,530
257,531
267,531
277,530
287,531
297,530
309,531
319,531
329,530
339,532
350,531
361,532
371,531
381,530
392,531
402,531
413,531
423,530
434,530
444,530
454,531
465,530
476,530
486,531
496,530
506,531
518,530
528,531
538,531
548,532
559,531
570,531
580,531
590,530
601,530
612,530
622,531
632,531
643,530
653,531
664,530
674,530
685,530
695,530
705,531
716,530
727,530
737,531
747,531
757,533
769,531
779,531
789,531
799,530
809,531
821,531
831,531
841,531
851,531
862,531
873,530
883,530
893,530
904,531
914,530
925,530
935,531
946,530
956,531
966,531
977,531
988,532
998,530
1008,530
1019,530
1030,531
1040,531
1050,531
1061,530
1072,531
1082,530
1092,530
1103,531
1114,530
1124,530
1134,531
1145,530
1156,531
1166,530
1176,530
1186,532
1198,531
1208,531
1218,532
1228,530
1240,531
1250,530
1260,530
1270,531
1282,530
1292,531
1302,530
1312,531
1324,531
1334,531
1344,530
1354,531
1366,531
1376,530
1386,531
1396,530
1408,531
1418,531
1428,531
1438,532
1449,530
1460,531
1470,531
1480,530
1491,530
1502,530
1512,530
1522,531
1533,530
1544,530
1554,531
1564,530
1575,531
1586,531
1596,532
1606,530
1617,530
1628,530
1638,532
1648,531
1659,531
1670,531
1680,531
1690,531
1701,532
1712,530
1722,531
1732,530
1743,530
1754,531
1764,530
1774,531
1785,530
1796,531
1806,531
1816,530
1827,530
1838,531
1848,530
1858,530
1869,531
1880,531
1890,531
1900,531
1911,531
1922,531
1932,531
1942,530
1953,530
1964,530
1974,530
1984,531
1994,530
2006,532
2016,530
2026,530
2036,531
2048,530
2058,531
2068,530
2078,530
2089,531
2100,531
2110,532
2120,531
2131,531
2142,530
2152,531
2162,531
2173,531
2184,530
2194,531
2204,531
2215,531
2226,530
2236,531
2246,530
2257,531
2268,531
2278,530
2288,530
2299,530
2310,531
2320,531
2330,531
2341,532
2352,531
2362,531
2372,531
2383,530
2394,531
2404,531
2414,531
2425,531
2436,530
2446,531
2456,530
2467,530
2478,530
2488,531
2498,530
2509,530
2520,531
2530,530
2540,531
2551,531
2562,531
2572,531
2582,531
2593,531
2604,531
2614,531
2624,531
2635,530
2646,530
2656,531
2666,530
2677,531
2688,531
2698,530
2708,531
2718,530
2729,530
2740,531
2750,530
2760,530
2771,531
2782,531
2792,531
2802,532
2813,531
2824,532
2834,530
2844,530
2855,531
2866,530
2876,531
2886,530
2897,530
2908,530
2918,530
2928,531
2939,530
2950,530
2960,530
2970,531
2981,530
2992,530
3002,532
3012,531
3023,532
3034,531
3044,530
3054,531
3065,530
3076,531
3086,531
3096,530
3107,530
3118,531
3128,530
3138,531
3149,530
3160,530
3170,531
3180,531
3191,531
3202,530
3212,530
3222,531
3233,532
3244,531
3254,531
3264,532
3275,530
3286,531
3296,530
3306,531
3317,531
3328,530
3338,532
3348,530
3359,531
3369,530
3380,530
3390,531
3400,530
3411,531
3422,531
3432,530
3442,531
3453,531
3464,531
3474,531
3484,531
3495,530
3506,531
3516,530
3526,531
3537,531
3548,530
3558,530
3568,530
3579,530
3590,531
3600,530
3610,530
3621,532
3632,530
3642,531
3652,531
3663,530
3674,531
3684,531
3694,531
3705,532
3716,532
3726,531
3736,531
3747,531
3758,530
3768,530
3778,530
3789,531
3800,531
3810,531
3820,531
3831,531
3842,530
3852,531
3862,531
3873,531
3884,530
3894,530
3904,531
3915,531
3926,531
3936,531
3946,531
3956,532
3968,530
3978,531
3988,531
3998,530
4009,531
4020,531
4030,530
4040,530
4051,530
4062,531
4072,531
4082,531
4093,530
4104,531
4114,530
4124,530
4135,531
4146,530
4156,531
4166,531
4177,531
4188,531
4198,531
4208,531
4219,531
4230,530
4240,531
4250,530
4261,530
4272,531
4282,530
4292,531
4303,531
4314,531
4324,531
4334,531
4345,531
4356,530
4366,531
4376,530
4387,531
4398,531
4408,532
4418,531
4429,531
4440,531
4450,530
4460,531
4471,532
4482,530
4492,531
4502,531
4513,530
4524,530
4534,530
4544,530
4554,531
4566,530
4576,531
4586,531
4596,530
4608,531
4618,530
4628,531
4638,532
4649,531
4660,531
4670,531
4680,531
4691,530
4702,531
4712,530
4722,531
4733,530
4744,531
4754,531
4764,530
4775,530
4786,530
4796,530
4806,531
4817,530
4828,531
4838,530
4848,530
4859,531
4870,532
4880,531
4890,531
4901,530
4912,530
4922,531
4932,530
4943,530
4954,531
4964,530
4974,530
4985,531
4996,531
5006,531
5016,530
5027,530
5038,531
5048,530
5058,531
5069,530
5080,531
5090,531
5100,531
5111,531
5122,531
5132,531
5142,531
5152,531
5164,530
5174,530
5184,531
5194,530
5206,531
5216,530
5226,530
5236,531
5248,530
5258,531
5268,530
5278,530
5289,531
5300,530
5310,531
5320,532
5331,531
5342,531
5352,531
5362,530
5373,531
5384,531
5394,530
5404,531
5415,530
5426,531
5436,531
5446,531
5457,530
5468,531
5478,530
5488,531
5499,530
5510,530
5520,531
5530,530
5541,531
5552,531
5562,531
5572,531
5583,530
5594,531
5604,531
5614,530
5625,531
5636,531
5646,530
5656,531
5667,530
5678,530
5688,531
5698,530
5709,530
5720,530
5730,530
5740,531
5750,530
5762,531
5772,532
5782,531
5792,531
5804,531
5814,530
5824,530
5834,530
5846,531
5856,531
5866,530
5876,531
5888,531
5898,530
5908,530
5918,530
5929,530
5940,531
5950,531
5960,530
5971,531
5982,531
5992,531
6002,532
6013,530
6024,533
6034,531
6044,530
6055,531
6066,531
6076,531
6086,531
6097,531
6108,530
6118,530
6128,530
6139,531
6150,531
6160,530
6170,531
6181,530
6192,531
6202,531
6212,530
6223,532
6234,530
6244,531
6254,531
6265,531
6276,530
6286,531
6296,531
6306,532
6318,530
6328,530
6338,531
6348,530
6360,530
6370,531
6380,531
6390,531
6402,530
6412,531
6422,530
6432,530
6444,532
6454,531
6464,532
6474,531
6486,531
6496,530
6506,532
6516,530
6528,530
6538,531
6548,531
6558,531
6569,531
6580,530
6590,531
6600,530
6611,531
6622,531
6632,530
6642,530
6653,531
6664,530
6674,531
6684,531
6695,531
6706,532
6716,531
6726,530
6737,531
6748,530
6758,530
6768,531
6779,530
6790,531
6800,531
6810,530
6821,532
6832,530
6842,530
6852,530
6863,530
6874,531
6884,531
6894,531
6905,532
6916,531
6926,531
6936,531
6947,531
6958,531
6968,531
6978,530
6989,531
7000,530
7010,531
7020,532
7031,530
7042,530
7052,531
7062,530
7072,530
7084,531
7094,530
7104,531
7114,531
7126,531
7136,531
7146,531
7156,532
7168,530
7178,530
7188,531
7198,531
7209,531
7220,530
7230,530
7240,531
7251,530
7262,530
7272,531
7282,531
7293,531
7304,531
7314,530
7324,531
7335,530
7346,531
7356,532
7366,531
7377,531
7388,531
7398,530
7408,531
7419,531
7430,531
7440,530
7450,530
7461,530
7472,531
7482,530
7492,531
7503,530
7514,530
7524,531
7534,531
7545,530
7556,530
7566,530
7576,531
7587,531
7598,531
7608,531
7618,531
7629,530
7640,531
7650,530
7660,531
7671,531
7682,530
7692,530
7702,531
7713,530
7724,531
7734,531
7744,529
7754,531
7766,530
7776,530
7786,531
7796,530
7808,531
7818,530
7828,532
7838,532
7849,530
7860,531
7870,531
7880,531
7891,530
7902,531
7912,530
7922,531
7933,531
7944,531
7954,531
7964,530
7975,530
7986,531
7996,530
8006,531
8017,530
8028,531
8038,531
8048,531
8059,530
8070,531
8080,531
8090,531
8101,531
8112,531
8122,531
8132,530
8143,530
8154,531
8164,530
8174,530
8185,531
8196,530
8206,531
8216,530
8227,530
8238,531
8248,530
8258,531
8269,531
8280,531
8290,531
8300,530
8311,530
8322,532
8332,531
8342,531
8353,532
8364,531
8374,530
8384,530
8395,530
8406,531
8416,531
8426,530
8437,531
8448,531
8458,531
8468,530
8478,530
8489,531
8500,530
8510,530
8520,531
8531,530
8542,530
8552,530
8562,530
8573,532
8584,531
8594,532
8604,531
8615,531
8626,531
8636,530
8646,530
8657,530
8668,530
8678,530
8688,531
8699,530
8710,530
8720,531
8730,530
8741,531
8752,530
8762,530
8772,531
8783,530
8794,530
8804,531
8814,531
8825,531
8836,531
8846,532
8856,531
8867,530
8878,530
8888,531
8898,530
8909,530
8920,530
8930,530
8940,531
8951,530
8962,530
8972,531
8982,530
8993,530
9004,531
9014,530
9024,531
9034,530
9046,530
9056,531
9066,530
9076,531
9088,532
9098,531
9108,531
9118,530
9129,531
9140,530
9150,530
9160,530
9171,531
9182,530
9192,530
9202,531
9213,530
9224,531
9234,530
9244,530
9255,531
9266,530
9276,530
9286,531
9297,530
9308,531
9318,530
9328,531
9339,532
9350,530
9360,531
9370,531
9381,530
9392,531
9402,530
9412,531
9423,531
9434,530
9444,531
9454,531
9465,530
9476,530
9486,531
9496,530
9507,531
9518,531
9528,530
9538,531
9549,530
9560,530
9570,531
9580,530
9591,532
9602,530
9612,531
9622,531
9633,530
9644,530
9654,531
9664,530
9675,531
9686,531
9696,530
9706,531
9717,530
9728,530
9738,531
9748,531
9759,530
9769,531
9780,530
9790,531
9801,530
9811,530
9822,532
9832,531
9843,531
9853,531
9864,530
9874,531
9885,530
9895,531
9906,531
9916,531
9927,531
9937,530
9948,530
9958,530
9968,530
9979,531
9990,531
10000,530
10011,530
10021,531
10032,530
10042,530
10053,531
10063,531
10074,531
10085,531
10095,531
10105,531
10116,530
10127,531
10137,531
10147,530
10159,531
10169,530
10179,530
10189,531
10201,530
10211,531
10221,531
10232,530
10243,531
10253,530
10264,530
10274,531
10285,530
10295,531
10306,531
10316,531
10327,530
10338,532
10348,531
10358,531
10369,531
10380,530
10390,531
10400,531
10412,530
10422,531
10432,530
10442,530
10454,530
10464,531
10474,531
10485,530
10496,530
10506,531
10516,530
10527,530
10537,531
10548,530
10559,531
10569,530
10579,531
10591,532
10601,530
10611,531
10621,531
10633,530
10643,531
10653,530
10664,530
10675,530
10685,531
10695,531
10706,531
10717,530
10727,530
10738,531
10748,530
10759,530
10769,531
10780,530
10790,530
10801,530
10812,531
10822,532
10832,531
10844,531
10854,531
10864,531
10874,531
10886,531
10896,530
10906,532
10917,530
10928,530
10938,531
10948,530
10959,531
10970,530
10980,530
10991,531
11001,530
11012,531
11022,530
11033,530
11043,530
11054,531
11065,531
11075,531
11085,531
11096,531
11107,531
11117,531
11127,530
11139,531
11149,530
11159,530
11169,530
11181,531
11191,531
11201,530
11212,530
11223,530
11233,530
11244,530
11254,531
11265,531
11275,530
11286,531
11296,530
11307,531
11318,532
11328,531
11338,531
11348,531
11360,530
11370,530
11380,530
11392,530
11402,531
11412,530
11422,531
11433,530
11444,530
11454,531
11465,531
11475,531
11486,531
11496,530
11507,531
11517,531
11528,531
11539,531
11549,530
11559,532
11571,531
11581,531
11591,531
11601,531
11613,531
11623,532
11633,530
11644,531
11655,531
11665,530
11675,531
11686,531
11697,530
11707,531
11718,530
11728,531
11739,531
11749,531
11760,530
11770,531
11781,531
11792,531
11802,531
11812,531
11823,531
11834,532
11844,531
11854,531
11866,530
11876,530
11886,531
11897,530
11908,531
11918,530
11928,531
11939,530
11950,530
11960,530
11971,531
11981,530
11992,530
12002,530
12013,530
12023,531
12034,531
12045,530
12055,531
12065,530
12076,531
12087,531
12097,531
12107,531
12119,531
12129,530
12139,531
12149,530
12161,530
12171,531
12181,531
12192,530
12203,531
12213,530
12224,531
12234,530
12244,530
12255,531
12266,530
12276,531
12286,530
12298,530
12308,531
12318,531
12328,532
12340,532
12350,531
12360,531
12371,531
12382,531
12392,531
12402,531
12413,530
12424,531
12434,530
12445,531
12455,531
12466,530
12477,530
12487,531
12497,531
12508,530
12519,531
12529,531
12539,531
12551,531
12561,530
12571,532
12581,531
12593,531
12603,532
12613,530
12624,531
12635,530
12645,531
12655,531
12666,531
12677,531
12687,530
12698,530
12708,530
12719,531
12730,530
12740,531
12750,532
12761,530
12772,531
12782,530
12792,530
12804,530
12814,531
12824,532
12834,531
12846,531
12856,532
12866,530
12877,530
12888,531
12898,530
12908,531
12919,530
12930,530
12940,531
12951,530
12961,530
12972,531
12983,530
12993,531
13003,530
13014,531
13025,531
13035,530
13045,530
13057,531
13067,531
13077,531
13087,531
13099,532
13109,530
13119,531
13130,530
13140,531
13151,531
13161,531
13172,531
13182,530
13193,530
13204,531
13214,530
13224,531
13235,530
13246,531
