
102,331
104,331
106,331
109,331
111,331
114,331
116,331
118,331
121,331
123,331
126,331
129,331
131,331
134,331
136,331
139,331
141,331
143,331
146,331
148,331
151,331
153,332
155,331
158,331
160,332
162,331
165,331
167,331
171,331
173,330
175,331
178,331
180,331
183,331
185,331
187,331
190,331
192,331
195,332
197,331
199,331
202,331
204,331
206,332
209,331
211,332
215,332
217,331
219,332
222,332
224,332
227,332
229,333
231,332
234,332
236,333
239,332
241,333
243,333
246,333
248,333
251,334
253,333
256,333
259,334
261,334
263,335
266,334
268,335
271,334
273,335
275,335
278,336
280,336
283,336
285,337
287,337
290,337
292,338
295,338
297,338
300,339
303,339
305,340
308,342
310,341
312,342
315,342
317,342
319,340
322,341
324,340
327,340
329,341
331,341
334,341
336,341
339,341
342,341
344,341
347,341
349,341
352,341
354,341
356,341
359,341
361,342
364,341
366,341
368,342
371,341
373,341
375,341
378,341
380,341
384,341
386,341
388,340
391,342
393,342
396,342
398,341
400,342
403,341
405,341
408,341
410,342
412,342
415,341
417,342
419,342
422,342
424,341
428,342
430,341
432,341
435,341
437,341
440,341
442,341
444,341
447,340
449,343
452,341
454,342
456,341
459,341
461,342
464,341
466,341
468,341
472,342
474,342
476,341
479,341
481,341
484,340
486,342
488,341
491,341
493,341
496,341
498,342
500,341
503,341
505,342
508,341
510,342
513,341
516,341
518,341
521,341
523,342
525,341
528,341
530,341
533,341
535,341
537,342
540,341
542,341
544,341
547,341
549,341
552,341
555,341
557,341
560,341
562,341
565,341
567,342
569,342
572,342
574,342
577,341
579,341
581,341
584,341
586,341
589,341
591,342
593,341
596,341
599,341
601,341
604,342
606,341
609,341
611,341
613,342
616,341
618,341
621,341
623,342
625,342
628,341
630,341
633,341
635,341
637,341
641,341
643,341
646,341
648,342
650,342
653,341
655,341
657,342
660,341
662,342
665,342
667,341
669,341
672,342
674,342
677,342
679,342
681,341
685,341
687,342
690,341
692,342
694,341
697,341
699,342
702,342
704,341
706,341
709,341
711,342
714,342
716,341
718,341
721,341
723,342
726,341
729,341
731,341
734,342
736,343
738,341
741,341
743,341
746,342
748,342
750,341
753,341
755,341
758,341
760,342
762,341
765,342
768,342
771,341
773,342
775,342
778,341
780,341
782,341
785,341
787,341
790,341
792,341
794,341
797,342
799,341
802,342
804,341
806,341
809,342
812,341
815,341
817,341
819,341
822,342
824,340
827,342
829,341
831,341
834,342
836,341
838,341
841,341
843,341
846,341
848,341
850,341
854,341
856,341
859,341
861,340
863,341
866,341
868,341
871,341
873,340
875,341
878,341
880,341
883,341
885,340
887,341
890,340
892,341
894,341
898,340
900,341
903,341
905,340
907,340
910,341
912,341
915,341
917,340
919,341
922,341
924,340
927,340
929,341
931,341
934,340
936,340
940,340
942,340
944,341
947,340
949,340
951,340
954,340
956,340
959,340
961,340
963,340
966,340
968,339
971,339
973,339
975,339
978,339
980,339
984,338
986,338
988,338
991,337
993,338
996,337
998,339
1000,337
1003,336
1005,337
1008,336
1010,337
1012,336
1015,336
1017,336
1020,336
1022,335
1026,335
1028,335
1031,336
1033,335
1035,334
1038,334
1040,334
1043,335
1045,334
1048,334
1050,333
1052,334
1055,333
1057,333
1060,333
1062,333
1065,333
1068,332
1071,332
1073,332
1075,332
1078,332
1080,332
1083,331
1085,331
1088,332
1090,331
1092,330
1095,330
1097,331
1100,331
1102,330
1105,331
1107,331
1111,330
1113,330
1115,330
1118,330
1120,331
1123,330
1125,330
1128,329
1130,329
1132,330
1135,329
1137,328
1140,329
1142,329
1145,330
1147,329
1150,329
1153,330
1155,330
1158,331
1160,330
1163,331
1165,330
1168,330
1170,330
1172,330
1175,331
1177,330
1180,330
1182,330
1185,331
1187,330
1190,331
1192,330
1195,330
1198,330
1200,330
1203,331
1205,330
1208,330
1210,331
1212,330
1215,331
1217,331
1220,331
1222,330
1225,330
1227,330
1230,331
1232,330
1234,331
1238,330
1240,330
1243,330
1245,330
1248,331
1250,329
1252,330
1255,330
1257,330
1260,331
1262,330
1265,330
1267,330
1270,330
1272,331
1274,329
1277,330
1280,330
1283,330
1285,330
1288,330
1290,330
1292,331
1295,329
1297,329
1300,329
1302,329
1305,330
1307,329
1310,329
1312,329
1314,329
1317,330
1319,329
1323,329
1325,329
1328,330
1330,330
1332,329
1335,330
1337,331
1340,330
1342,330
1345,330
1347,330
1350,331
1352,330
1354,330
1357,330
1359,330
1362,330
1364,330
1368,330
1370,330
1372,330
1375,330
1377,329
1380,330
1382,331
1385,329
1387,330
1390,330
1392,330
1394,331
1397,330
1399,329
1402,329
1404,330
1408,331
1410,330
1412,330
1415,330
1417,330
1420,329
1422,330
1425,330
1427,330
1430,330
1432,330
1434,330
1437,330
1439,330
1442,329
1444,330
1447,330
1449,330
1452,331
1455,330
1457,330
1460,330
1462,330
1465,330
1467,330
1470,329
1472,329
1474,330
1477,330
1479,329
1482,331
1484,330
1487,330
1489,329
1491,331
1495,330
1497,331
1500,330
1502,329
1505,330
1507,330
1510,330
1512,330
1514,330
1517,330
1519,330
1522,330
1524,329
1527,329
1529,330
1531,330
1534,329
1537,330
1540,330
1542,330
1545,329
1547,331
1550,330
1552,330
1554,331
1557,330
1559,330
1562,330
1564,330
1567,330
1569,329
1571,330
1574,330
1576,330
1580,330
1582,329
1585,330
1587,330
1590,329
1592,330
1594,330
1597,330
1599,330
1602,330
1604,330
1607,330
1609,330
1611,331
1614,330
1616,330
1619,330
1622,330
1625,330
1627,330
1629,330
1632,330
1634,330
1637,330
1639,330
1642,330
1644,331
1647,331
1649,331
1651,331
1654,330
1656,332
1659,330
1661,331
1665,331
1667,331
1669,332
1672,331
1674,331
1677,332
1679,332
1682,332
1684,333
1686,332
1689,333
1691,333
1694,333
1696,334
1699,334
1701,336
1704,334
1707,334
1709,335
1712,336
1714,336
1717,336
1719,336
1722,336
1724,337
1726,337
1729,337
1731,337
1734,338
1736,339
1739,339
1741,339
1744,340
1746,341
1748,340
1752,341
1754,341
1757,342
1759,342
1762,341
1764,340
1766,341
1769,340
1771,341
1774,340
1776,341
1779,341
1781,341
1784,341
1786,341
1788,341
1792,341
1794,341
1797,340
1799,341
1802,341
1804,341
1806,341
1809,340
1811,341
1814,341
1816,341
1819,341
1821,342
1824,340
1826,341
1828,341
1831,341
1833,341
1837,340
1839,341
1842,340
1844,341
1846,341
1849,342
1851,340
1854,341
1856,341
1859,341
1861,342
1864,341
1866,342
1868,340
1871,341
1873,341
1876,341
1879,341
1882,341
1884,341
1886,341
1889,341
1891,341
1894,341
1896,341
1899,341
1901,341
1904,341
1906,341
1908,341
1911,341
1913,341
1916,341
1918,342
1922,342
1924,341
1926,340
1929,341
1931,341
1934,341
1936,341
1939,341
1941,341
1944,341
1946,340
1948,340
1951,341
1953,341
1956,341
1958,341
1961,341
1964,341
1966,340
1969,340
1971,341
1974,340
1976,342
1979,340
1981,341
1984,341
1986,341
1988,340
1991,341
1993,341
1996,342
1998,341
2001,341
2003,341
2006,341
2009,342
2011,340
2014,341
2016,341
2019,341
2021,342
2024,341
2026,341
2028,341
2031,341
2033,341
2036,341
2038,340
2041,342
2043,341
2045,340
2049,341
2051,340
2054,342
2056,341
2059,340
2061,341
2064,340
2066,342
2068,340
2071,340
2073,341
2076,341
2078,341
2081,341
2083,341
2085,342
2088,341
2091,341
2094,341
2096,341
2099,341
2101,341
2104,341
2106,341
2108,341
2111,341
2113,341
2116,340
2118,340
2121,340
2123,341
2125,341
2128,341
2130,340
2134,340
2136,340
2139,340
2141,341
2144,341
2146,340
2148,340
2151,341
2153,340
2156,341
2158,341
2161,340
2163,341
2165,340
2168,342
2170,340
2173,340
2176,340
2179,340
2181,340
2184,340
2186,340
2188,340
2191,340
2193,340
2196,341
2198,339
2201,341
2203,340
2205,340
2208,339
2210,339
2213,340
2215,338
2219,338
2221,338
2224,338
2226,339
2228,338
2231,338
2233,338
2236,337
2238,337
2241,336
2243,336
2245,336
2248,336
2250,335
2253,335
2255,334
2258,335
2260,334
2264,334
2266,333
2268,333
2271,334
2273,332
2276,332
2278,332
2281,331
2283,332
2285,331
2288,331
2290,330
2293,331
2295,330
2298,330
2300,330
2304,331
2306,331
2308,330
2311,330
2313,330
2316,331
2318,330
2321,329
2323,330
2325,329
2328,330
2330,329
2333,330
2335,329
2338,330
2340,330
2343,329
2345,330
2348,331
2351,330
2353,330
2356,329
2358,330
2361,330
2363,329
2365,329
2368,329
2370,329
2373,330
2375,329
2378,329
2380,329
2383,329
2385,330
2387,330
2391,330
2393,330
2396,330
2398,329
2401,330
2403,330
2405,331
2408,330
2410,330
2413,330
2415,330
2418,331
2420,330
2423,330
2425,330
2427,330
2430,330
2433,330
2436,330
2438,330
2441,330
2443,331
2445,330
2448,330
2450,331
2453,330
2455,330
2458,331
2460,330
2463,331
2465,330
2467,330
2470,330
2472,330
2476,331
2478,330
2481,330
2483,330
2485,330
2488,330
2490,330
2493,330
2495,330
2498,330
2500,329
2503,331
2505,330
2507,331
2510,330
2512,330
2515,330
2518,330
2521,331
2523,329
2525,330
2528,329
2530,330
2533,330
2535,330
2538,329
2540,329
2543,330
2545,329
2547,329
2550,330
2552,331
2555,330
2557,330
2561,330
2563,330
2565,331
2568,330
2570,329
2573,330
2575,330
2578,330
2580,330
2583,330
2585,329
2587,330
2590,330
2592,330
2595,329
2597,330
2600,330
2603,329
2605,330
2608,330
2610,331
2613,330
2615,330
2618,331
2620,330
2623,332
2625,329
2627,330
2630,329
2632,330
2635,330
2637,330
2640,329
2642,329
2644,330
2648,329
2650,329
2653,329
2655,331
2658,330
2660,329
2663,330
2665,329
2667,331
2670,329
2672,330
2675,330
2677,330
2680,331
2682,330
2684,329
2688,329
2690,330
2693,329
2695,330
2698,330
2700,330
2703,330
2705,330
2707,330
2710,330
2712,331
2715,330
2717,330
2720,330
2722,331
2724,330
2727,329
2729,329
2733,330
2735,329
2738,330
2740,330
2743,330
2745,329
2747,330
2750,330
2752,330
2755,330
2757,331
2760,330
2762,330
2764,330
2767,329
2769,330
2772,330
2775,330
2778,331
2780,330
2783,330
2785,330
2787,331
2790,330
2792,330
2795,330
2797,330
2800,330
2802,330
2804,330
2807,330
2809,330
2812,330
2814,331
2818,330
2820,330
2823,331
2825,331
2827,332
2830,330
2832,331
2835,331
2837,331
2840,331
2842,333
2844,331
2847,332
2849,332
2852,332
2854,333
2857,333
2860,334
2863,333
2865,333
2867,334
2870,333
2872,335
2875,334
2877,334
2880,335
2882,335
2884,336
2887,337
2889,336
2892,337
2894,337
2897,338
2899,338
2903,338
2905,339
2907,339
2910,338
2912,339
2915,340
2917,340
2920,341
2922,341
2924,341
2927,341
2929,342
2932,341
2934,340
2937,341
2939,341
2942,341
2945,340
2947,340
2950,340
2952,341
2955,340
2957,341
2960,341
2962,342
2964,341
2967,341
2969,340
2972,340
2974,341
2977,341
2979,340
2982,341
2984,341
2987,341
2990,340
2992,340
2995,341
2997,341
3000,341
3002,340
3004,341
3007,342
3009,340
3012,341
3014,341
3017,340
3019,341
3022,342
3024,341
3026,341
3030,341
3032,342
3035,340
3037,341
3040,341
3042,341
3044,341
3047,341
3049,341
3052,341
3054,340
3057,341
3059,341
3062,341
3064,341
3066,341
3069,341
3072,341
3075,340
3077,342
3080,341
3082,341
3084,341
3087,341
3089,341
3092,340
3094,341
3097,341
3099,341
3102,340
3104,340
3106,341
3109,342
3111,340
3115,341
3117,341
3120,341
3122,341
3124,341
3127,341
3129,341
3132,341
3134,342
3137,340
3139,341
3141,341
3144,340
3146,340
3149,341
3151,341
3154,341
3156,340
3160,341
3162,341
3164,341
3167,341
3169,341
3172,341
3174,341
3177,341
3179,342
3181,341
3184,340
3186,341
3189,340
3191,341
3194,341
3196,341
3200,340
3202,341
3204,341
3207,341
3209,341
3212,342
3214,341
3217,341
3219,341
3221,341
3224,342
3226,341
3229,340
3231,341
3234,341
3236,342
3239,341
3241,340
3244,341
3247,341
3249,341
3252,341
3254,340
3257,341
3259,340
3261,340
3264,340
3266,340
3269,341
3271,341
3274,340
3276,340
3279,340
3281,341
3283,341
3287,340
3289,341
3292,340
3294,341
3297,340
3299,340
3301,340
3304,340
3306,340
3309,340
3311,340
3314,341
3316,340
3319,339
3321,340
3323,339
3326,341
3329,340
3332,340
3334,340
3337,339
3339,340
3341,338
3344,338
3346,338
3349,339
3351,338
3354,337
3356,337
3359,338
3361,337
3363,337
3366,337
3368,337
3372,336
3374,336
3377,336
3379,335
3381,335
3384,335
3386,334
3389,334
3391,334
3394,333
3396,333
3399,332
3401,332
3403,332
3406,332
3408,332
3411,331
3414,331
3417,331
3419,331
3421,331
3424,330
3426,330
3429,330
3431,330
3434,330
3436,330
3439,330
3441,329
3443,330
3446,329
3448,329
3451,329
3453,330
3457,330
3459,330
3461,330
3464,330
3466,330
3469,330
3471,330
3474,330
3476,329
3479,330
3481,329
3483,329
3486,329
3488,329
3491,329
3493,329
3496,329
3499,329
3501,329
3504,329
3506,329
3509,329
3511,330
3514,330
3516,330
3519,330
3521,330
3523,331
3526,329
3528,329
3531,330
3533,329
3536,330
3538,330
3540,330
3544,331
3546,330
3549,330
3551,330
3554,330
3556,330
3559,330
3561,330
3563,330
3566,330
3568,331
3571,330
3573,330
3576,331
3578,331
3580,330
3584,330
3586,330
3589,330
3591,330
3594,330
3596,330
3599,330
3601,331
3603,329
3606,330
3608,330
3611,330
3613,330
3616,330
3618,330
3620,330
3623,330
3625,330
3629,330
3631,329
3634,331
3636,330
3639,330
3641,330
3643,330
3646,330
3648,330
3651,329
3653,330
3656,329
3658,330
3660,330
3663,329
3665,330
3668,330
3671,330
3674,330
3676,329
3679,330
3681,329
3683,329
3686,329
3688,331
3691,330
3693,330
3696,329
3698,330
3700,330
3703,330
3705,330
3708,330
3710,330
3714,330
3716,330
3719,330
3721,329
3723,330
3726,329
3728,330
3731,329
3733,330
3736,330
3738,330
3740,330
3743,331
3745,330
3748,330
3750,330
3753,330
3756,330
3759,330
3761,330
3763,329
3766,330
3768,330
3771,330
3773,330
3776,330
3778,330
3780,330
3783,330
3785,330
3788,331
3790,330
3793,330
3795,330
3799,331
3801,330
3803,330
3806,330
3808,330
3811,330
3813,330
3816,330
3818,330
3820,330
3823,330
3825,330
3828,330
3830,330
3833,329
3835,329
3838,330
3841,330
3843,330
3846,330
3848,330
3851,330
3853,330
3856,330
3858,329
3860,330
3863,330
3865,329
3868,330
3870,330
3873,330
3875,330
3878,330
3880,330
3883,330
3886,330
3888,330
3891,330
3893,330
3896,330
3898,330
3900,330
3903,330
3905,330
3908,331
3910,330
3913,331
3915,331
3918,331
3920,331
3922,330
3926,331
3928,331
3931,330
3933,330
3936,331
3938,331
3940,332
3943,331
3945,331
3948,332
3950,332
3953,333
3955,331
3958,332
3960,332
3962,333
3965,333
3968,332
3971,333
3973,333
3976,333
3978,333
3980,333
3983,333
3985,334
3988,334
3990,334
3993,335
3995,334
3998,335
4000,335
4002,336
4005,336
4007,337
4011,336
4013,336
4016,336
4018,338
4020,337
4023,338
4025,338
4028,338
4030,338
4033,338
4035,339
4038,339
4040,340
4042,341
4045,340
4047,341
4050,342
4052,342
4056,342
4058,341
4060,341
4063,341
4065,341
4068,341
4070,341
4073,341
4075,341
4078,341
4080,341
4082,341
4085,341
4087,341
4090,341
4092,341
4096,341
4098,341
4100,341
4103,341
4105,341
4108,340
4110,341
4113,342
4115,341
4118,342
4120,341
4122,341
4125,341
4127,342
4130,341
4132,341
4135,341
4137,341
4140,341
4143,341
4145,342
4148,341
4150,341
4153,341
4155,342
4158,341
4160,341
4162,341
4165,341
4167,340
4170,341
4172,342
4175,341
4177,341
4179,341
4183,341
4185,341
4188,341
4190,341
4193,341
4195,341
4198,341
4200,341
4202,341
4205,341
4207,341
4210,341
4212,341
4215,342
4217,341
4219,341
4222,342
4225,341
4228,342
4230,341
4233,341
4235,342
4238,342
4240,341
4242,341
4245,341
4247,342
4250,341
4252,341
4255,341
4257,341
4259,341
4262,340
4264,341
4268,341
4270,341
4273,342
4275,341
4278,341
4280,341
4282,342
4285,341
4287,341
4290,341
4292,342
4295,341
4297,341
4299,341
4302,341
4304,342
4307,341
4310,341
4313,341
4315,341
4318,342
4320,341
4322,341
4325,342
4327,341
4330,342
4332,341
4335,341
4337,342
4339,341
4342,341
4344,341
4347,341
4349,341
4353,341
4355,341
4358,342
4360,341
4362,341
4365,341
4367,340
4370,342
4372,341
4375,341
4377,341
4379,341
4382,341
4384,341
4387,341
4389,341
4392,342
4395,341
4398,341
4400,341
4402,341
4405,341
4407,342
4410,341
4412,340
4415,341
4417,341
4419,341
4422,341
4424,341
4427,341
4429,341
4432,341
4434,341
4438,341
4440,341
4442,341
4445,341
4447,342
4450,341
4452,341
4455,341
4457,341
4459,342
4462,341
4464,342
4467,340
4469,340
4472,341
4474,341
4477,341
4480,341
4482,341
4485,341
4487,341
4490,341
4492,341
4495,341
4497,341
4499,341
4502,341
4504,341
4507,341
4509,341
4512,341
4514,341
4517,341
4519,341
4521,341
4525,340
4527,341
4530,341
4532,341
4535,341
4537,341
4539,341
4542,341
4544,342
4547,341
4549,341
4552,341
4554,341
4557,341
4559,341
4561,341
4564,341
4567,341
4570,341
4572,341
4575,341
4577,341
4579,341
4582,341
4584,341
4587,341
4589,342
4592,341
4594,340
4597,341
4599,342
4601,341
4604,341
4606,341
4610,341
4612,341
4615,341
4617,341
4619,341
4622,341
4624,341
4627,341
4629,341
4632,341
4634,341
4637,341
4639,340
4641,340
4644,342
4646,341
4649,341
4652,341
4655,341
4657,341
4659,341
4662,341
4664,341
4667,341
4669,341
4672,340
4674,341
4677,341
4679,340
4681,341
4684,341
4686,341
4689,341
4691,341
4695,341
4697,341
4699,342
4702,341
4704,341
4707,341
4709,342
4712,341
4714,341
4717,341
4719,341
4721,341
4724,340
4726,342
4729,341
4731,341
4734,341
4737,341
4739,341
4742,341
4744,340
4747,341
4749,341
4752,340
4754,341
4757,341
4759,341
4761,341
4764,342
4766,341
4769,341
4771,341
4774,341
4776,341
4779,341
4782,341
4784,340
4787,341
4789,340
4792,341
4794,341
4797,341
4799,341
4801,341
4804,341
4806,341
4809,341
4811,341
4814,341
4816,341
4818,341
4822,341
4824,341
4827,341
4829,341
4832,341
4834,341
4837,341
4839,341
4841,341
4844,341
4846,341
4849,341
4851,341
4854,341
4856,341
4858,341
4861,341
4864,342
4867,341
4869,341
4872,341
4874,342
4877,340
4879,341
4881,341
4884,341
4886,341
4889,341
4891,341
4894,341
4896,341
4898,341
4901,341
4903,341
4907,342
4909,341
4912,341
4914,341
4917,341
4919,342
4921,340
4924,341
4926,341
4929,342
4931,341
4934,341
4936,341
4938,341
4941,341
4943,341
4946,341
4948,341
4952,341
4954,341
4957,341
4959,341
4961,341
4964,341
4966,341
4969,341
4971,342
4974,342
4976,341
4978,340
4981,341
4983,342
4986,341
4988,341
4992,340
4994,341
4997,341
4999,340
5001,340
5004,340
5006,341
5009,341
5011,341
5014,340
5016,341
5018,340
5021,341
5023,340
5026,340
5028,341
5031,340
5033,341
5037,340
5039,340
5041,340
5044,339
5046,339
5049,339
5051,340
5054,340
5056,339
5058,339
5061,339
5063,339
5066,338
5068,338
5071,339
5073,339
5076,338
5079,338
5081,337
5084,337
5086,337
5089,336
5091,336
5094,336
5096,336
5098,336
5101,335
5103,335
5106,334
5108,334
5111,334
5113,333
5115,333
5118,333
5121,333
5124,333
5126,332
5129,332
5131,332
5134,331
5136,331
5138,331
5141,331
5143,331
5146,330
5148,330
5151,330
5153,330
5155,330
5158,330
5160,329
5164,329
5166,329
5169,330
5171,329
5174,330
5176,331
5178,330
5181,330
5183,329
5186,329
5188,330
5191,329
5193,330
5195,330
5198,329
5200,330
5203,330
5206,329
5209,329
5211,329
5214,330
5216,329
5218,329
5221,329
5223,329
5226,330
5228,330
5231,330
5233,330
5235,330
5238,330
5240,330
5243,330
5245,331
5249,332
5251,330
5254,331
5256,331
5258,332
5261,331
5263,330
5266,330
5268,331
5271,331
5273,330
5275,331
5278,331
5280,331
5283,331
5285,330
5288,331
5291,331
5294,330
5296,330
5298,330
5301,330
5303,331
5306,330
5308,330
5311,330
5313,331
5315,330
5318,330
5320,330
5323,330
5325,330
5328,330
5330,330
5334,330
5336,331
5338,330
5341,330
5343,330
5346,331
5348,330
5351,329
5353,330
5355,330
5358,330
5360,330
5363,330
5365,329
5368,329
5370,330
5373,330
5376,329
5378,330
5381,330
5383,330
5386,330
5388,329
5391,330
5393,330
5395,329
5398,330
5400,330
5403,330
5405,330
5408,330
5410,330
5413,330
5415,330
5417,330
5421,330
5423,330
5426,330
5428,330
5431,330
5433,330
5435,330
5438,331
5440,330
5443,331
5445,332
5448,330
5450,331
5453,331
5455,332
5457,331
5460,332
5463,332
5466,332
5468,332
5471,332
5473,333
5475,334
5478,333
5480,334
5483,335
5485,334
5488,334
5490,334
5493,334
5495,335
5497,334
5500,336
5502,335
5506,335
5508,336
5511,337
5513,336
5515,337
5518,337
5520,338
5523,338
5525,338
5528,339
5530,339
5533,339
5535,339
5537,339
5540,340
5542,340
5545,340
5548,340
5551,340
5553,341
5555,342
5558,341
5560,341
5563,341
5565,341
5568,341
5570,340
5573,340
5575,341
5577,341
5580,341
5582,341
5585,342
5587,341
5591,341
5593,341
5595,341
5598,341
5600,340
5603,340
5605,340
5608,340
5610,341
5613,340
5615,340
5617,341
5620,341
5622,341
5625,341
5627,341
5630,341
5633,340
5635,341
5638,341
5640,340
5643,341
5645,341
5648,340
5650,341
5653,341
5655,341
5657,341
5660,340
5662,341
5665,341
5667,341
5670,341
5672,341
5675,341
5678,340
5680,341
5683,341
5685,341
5688,341
5690,341
5693,340
5695,340
5697,340
5700,340
5702,340
5705,340
5707,339
5710,340
5712,339
5714,339
5718,339
5720,339
5723,338
5725,339
5728,338
5730,338
5733,337
5735,337
5737,337
5740,336
5742,336
5745,335
5747,334
5750,334
5752,334
5754,333
5757,333
5760,333
5763,332
5765,331
5768,332
5770,332
5773,331
5775,331
5777,330
5780,330
5782,330
5785,330
5787,331
5790,331
5792,330
5794,330
5797,330
5799,329
5803,330
5805,330
5808,330
5810,330
5813,330
5815,331
5817,331
5820,331
5822,331
5825,331
5827,331
5830,332
5832,331
5834,332
5837,331
5839,332
5842,331
5844,330
5848,331
5850,330
5853,331
5855,330
5857,330
5860,331
5862,331
5865,331
5867,331
5870,331
5872,332
5874,332
5877,331
5879,332
5882,331
5884,332
5888,332
5890,332
5893,333
5895,333
5897,332
5900,333
5902,333
5905,333
5907,334
5910,333
5912,334
5914,334
5917,335
5919,335
5922,335
5924,336
5927,336
5929,337
5933,336
5935,337
5937,337
5940,338
5942,337
5945,338
5947,338
5950,339
5952,339
5954,339
5957,340
5959,340
5962,341
5964,341
5967,341
5969,341
5972,342
5975,341
5977,341
5980,341
5982,341
5985,340
5987,340
5990,341
5992,341
5994,341
5997,340
5999,340
6002,341
6004,341
6007,341
6009,341
6012,340
6014,340
6017,341
6020,340
6022,340
6025,340
6027,341
6030,341
6032,341
6034,341
6037,341
6039,340
6042,340
6044,340
6047,340
6049,340
6052,341
6054,340
6056,340
6060,340
6062,340
6065,341
6067,340
6070,341
6072,341
6074,340
6077,341
6079,340
6082,341
6084,340
6087,340
6089,340
6092,340
6094,340
6096,340
6099,339
6102,339
6105,338
6107,337
6110,338
6112,337
6114,336
6117,336
6119,336
6122,336
6124,334
6127,335
6129,334
6132,333
6134,333
