99,238
102,239
104,239
106,239
109,239
111,239
114,238
116,239
118,238
121,239
123,239
126,238
129,239
131,239
134,239
136,238
139,238
141,239
143,238
146,239
148,239
151,239
153,238
155,239
158,239
160,238
162,238
165,238
167,238
171,239
173,239
175,238
178,238
180,238
183,239
185,238
187,239
190,238
192,239
195,238
197,238
199,239
202,239
204,239
207,239
209,239
211,238
215,238
217,238
220,238
222,239
224,239
227,239
229,238
231,238
234,238
236,238
239,239
241,239
243,238
246,239
248,239
251,238
253,239
256,239
259,239
261,239
264,238
266,238
268,238
271,238
273,238
276,238
278,238
280,238
283,238
285,239
288,238
290,238
292,239
295,238
297,239
300,238
303,239
305,239
308,238
310,239
312,238
315,239
317,238
320,238
322,238
324,239
327,238
329,238
332,239
334,239
336,239
339,238
342,239
345,239
347,239
349,238
352,238
354,239
356,238
359,239
361,239
364,238
366,239
368,238
371,239
373,239
376,238
378,239
380,238
384,238
386,238
389,238
391,239
393,239
396,239
398,238
401,238
403,239
405,238
408,239
410,238
413,239
415,239
417,239
420,238
422,238
424,239
428,239
430,238
433,238
435,238
437,238
440,239
442,238
445,238
447,239
449,238
452,238
454,239
457,239
459,238
461,238
464,238
466,238
470,239
472,238
474,239
477,238
479,238
481,239
484,238
486,238
489,238
491,239
493,239
496,238
498,238
501,238
503,239
505,239
508,238
510,239
514,239
516,238
518,238
521,238
523,239
526,238
528,238
530,238
533,239
535,238
538,238
540,239
542,238
545,239
547,238
549,238
552,238
555,239
558,239
560,238
562,238
565,238
567,238
570,239
572,239
574,239
577,238
579,239
582,239
584,239
586,238
589,239
591,239
593,239
596,238
599,239
602,240
604,238
606,239
609,239
611,239
614,238
616,239
618,239
621,239
623,239
626,239
628,239
630,239
633,239
635,238
638,239
641,239
643,238
646,239
648,238
650,239
653,238
655,239
658,239
660,239
662,238
665,239
667,238
670,240
672,239
674,239
677,238
679,239
683,239
685,238
687,239
690,239
692,239
695,239
697,238
699,238
702,239
704,238
707,240
709,239
711,239
714,239
716,239
718,240
721,238
723,238
727,238
729,238
731,239
734,239
736,239
739,239
741,239
743,240
746,238
748,238
751,239
753,238
755,240
758,238
760,238
763,238
765,239
768,239
771,238
773,239
775,238
778,238
780,239
783,238
785,238
787,239
790,239
792,238
795,239
797,238
799,238
802,238
804,239
807,239
809,239
812,239
815,239
817,239
820,238
822,239
824,239
827,239
829,239
831,239
834,239
836,239
839,239
841,238
843,239
846,238
848,238
851,238
854,237
856,239
859,238
861,239
864,238
866,239
868,238
871,238
873,239
876,238
878,239
880,239
883,238
885,239
887,239
890,239
892,239
896,238
898,239
900,239
903,238
905,239
908,239
910,238
912,238
915,239
917,239
920,239
922,239
924,239
927,238
929,239
932,238
934,238
936,239
940,239
942,239
944,239
947,238
949,239
952,238
954,239
956,239
959,238
961,238
964,239
966,238
968,239
971,239
973,239
976,239
978,238
980,239
984,238
986,239
989,239
991,238
993,239
996,238
998,239
1000,238
1003,239
1005,239
1008,239
1010,238
1013,238
1015,237
1018,237
1020,236
1022,236
1026,235
1028,235
1031,234
1033,234
1036,233
1038,233
1040,232
1043,230
1045,230
1048,229
1050,229
1053,228
1055,226
1058,226
1060,225
1062,225
1065,224
1068,224
1071,223
1073,223
1076,222
1078,221
1080,222
1083,222
1085,221
1088,221
1090,221
1093,221
1095,221
1098,220
1100,220
1102,220
1105,220
1107,221
1111,220
1113,219
1116,219
1118,218
1120,218
1123,218
1125,216
1128,215
1130,215
1133,214
1135,213
1138,211
1140,211
1142,209
1145,207
1147,205
1150,204
1153,201
1156,198
1158,194
1160,191
1163,188
1165,184
1168,179
1170,173
1173,167
1175,161
1178,153
1180,144
1182,132
1185,120
1187,106
1190,90
1192,70
1196,46
1198,26
1200,25
1203,25
1205,26
1207,25
1210,25
1212,25
1215,25
1217,25
1219,25
1222,24
1224,25
1226,25
1229,25
1231,25
1234,25
1236,25
1239,24
1242,25
1244,25
1247,24
1249,25
1251,25
1254,25
1256,25
1258,25
1261,24
1263,25
1266,25
1268,25
1270,26
1273,26
1275,30
1278,39
1281,47
1283,55
1286,64
1288,71
1290,80
1293,88
1295,95
1298,103
1300,108
1302,114
1305,117
1307,122
1310,126
1312,127
1315,127
1317,128
1320,128
1323,128
1325,128
1328,128
1330,127
1333,128
1335,128
1338,128
1340,127
1342,127
1345,128
1347,128
1350,126
1352,127
1355,128
1357,128
1360,126
1362,127
1364,128
1368,128
1370,128
1373,128
1375,128
1378,128
1380,129
1382,129
1385,129
1387,129
1390,129
1392,129
1395,129
1397,129
1399,130
1402,130
1404,129
1408,129
1410,128
1413,129
1415,130
1418,130
1420,130
1422,130
1425,129
1427,129
1430,129
1432,130
1435,130
1437,130
1439,130
1442,130
1444,129
1447,130
1449,130
1453,130
1455,130
1458,130
1460,130
1462,130
1465,130
1467,131
1470,131
1472,130
1475,130
1477,130
1479,130
1482,131
1484,131
1487,132
1489,131
1492,130
1495,131
1498,131
1500,131
1502,131
1505,131
1507,130
1510,131
1512,132
1515,131
1517,131
1519,131
1522,132
1524,132
1527,131
1529,132
1532,133
1534,133
1538,133
1540,132
1542,132
1545,133
1547,132
1550,132
1552,132
1555,133
1557,133
1559,133
1562,133
1564,133
1567,133
1569,133
1572,134
1574,133
1577,133
1580,133
1582,132
1585,133
1587,134
1590,133
1592,133
1595,132
1597,132
1599,133
1602,133
1604,133
1607,133
1609,132
1612,133
1614,133
1617,132
1619,133
1622,132
1625,133
1627,132
1630,133
1632,133
1635,133
1637,133
1639,133
1642,133
1644,132
1647,133
1649,132
1652,133
1654,133
1657,134
1659,133
1661,133
1665,133
1667,133
1670,133
1672,133
1675,133
1677,132
1679,133
1682,132
1684,131
1687,132
1689,132
1692,133
1694,133
1696,132
1699,132
1701,133
1704,132
1707,133
1710,133
1712,132
1715,132
1717,132
1719,132
1722,133
1724,133
1727,132
1729,132
1732,133
1734,133
1736,133
1739,132
1741,132
1744,133
1746,132
1750,132
1752,133
1755,132
1757,132
1759,132
1762,133
1764,133
1767,133
1769,132
1772,132
1774,132
1776,133
1779,133
1781,131
1784,132
1786,132
1789,133
1792,133
1795,132
1797,132
1799,133
1802,132
1804,133
1807,132
1809,132
1812,132
1814,132
1816,133
1819,132
1821,132
1824,132
1826,132
1829,132
1831,132
1835,133
1837,132
1839,132
1842,131
1844,132
1847,132
1849,132
1852,132
1854,132
1856,132
1859,132
1861,133
1864,132
1866,132
1869,132
1871,132
1874,132
1876,132
1879,132
1882,132
1884,132
1887,132
1889,131
1892,132
1894,132
1896,133
1899,132
1901,132
1904,131
1906,132
1909,132
1911,132
1914,133
1916,132
1918,132
1922,132
1924,132
1927,132
1929,131
1932,131
1934,131
1936,132
1939,132
1941,132
1944,131
1946,132
1949,132
1951,132
1954,132
1956,131
1958,132
1961,131
1964,131
1967,131
1969,131
1972,131
1974,131
1976,131
1979,132
1981,132
1984,131
1986,131
1989,131
1991,132
1994,131
1996,132
1998,131
2001,131
2003,132
2007,132
2009,131
2012,130
2014,131
2016,131
2019,133
2021,131
2024,131
2026,131
2029,132
2031,131
2034,132
2036,130
2038,131
2041,131
2043,131
2046,132
2049,131
2052,130
2054,131
2056,131
2059,131
2061,132
2064,133
2066,131
2069,131
2071,130
2074,131
2076,131
2078,131
2081,132
2083,131
2086,130
2088,130
2092,131
2094,131
2096,131
2099,130
2101,130
2104,130
2106,131
2109,131
2111,131
2114,130
2116,131
2118,132
2121,131
2123,130
2126,130
2128,132
2131,131
2134,130
2136,130
2139,130
2141,131
2144,132
2146,130
2149,130
2151,131
2154,131
2156,131
2158,130
2161,130
2163,131
2166,131
2168,132
2171,130
2173,130
2176,130
2179,131
2181,131
2184,130
2186,130
2189,130
2191,130
2194,131
2196,132
2198,130
2201,130
2203,130
2206,131
2208,131
2211,130
2213,130
2215,130
2219,130
2221,132
2224,130
2226,129
2229,129
2231,130
2234,131
2236,131
2238,130
2241,129
2243,129
2246,130
2248,130
2251,131
2253,130
2255,130
2258,130
2260,131
2264,131
2266,132
2269,130
2271,129
2274,129
2276,130
2278,131
2281,130
2283,129
2286,130
2288,130
2291,130
2293,130
2295,129
2298,130
2300,130
2304,130
2306,130
2309,129
2311,130
2314,130
2316,130
2318,130
2321,129
2323,130
2326,130
2328,130
2331,130
2333,129
2335,129
2338,130
2340,130
2343,130
2345,130
2349,130
2351,130
2354,130
2356,131
2358,130
2361,129
2363,130
2366,130
2368,131
2371,130
2373,129
2375,129
2378,130
2380,131
2383,130
2385,130
2388,129
2391,131
2394,132
2396,131
2398,130
2401,130
2403,130
2406,130
2408,130
2411,130
2413,131
2415,131
2418,130
2420,129
2423,130
2425,130
2428,130
2430,131
2434,131
2436,131
2438,130
2441,131
2443,130
2446,130
2448,131
2451,130
2453,130
2455,129
2458,131
2460,130
2463,130
2465,130
2468,130
2470,131
2473,129
2476,130
2478,130
2481,130
2483,130
2486,130
2488,130
2491,129
2493,130
2495,130
2498,130
2500,130
2503,129
2505,130
2508,130
2510,130
2513,131
2515,130
2518,130
2521,129
2523,129
2526,130
2528,130
2531,130
2533,130
2535,131
2538,131
2540,131
2543,130
2545,130
2548,130
2550,130
2553,130
2555,130
2557,130
2561,130
2563,130
2566,130
2568,130
2571,130
2573,130
2575,129
2578,130
2580,130
2583,130
2585,130
2588,130
2590,131
2593,129
2595,130
2597,129
2600,129
2603,130
2606,130
2608,130
2611,130
2613,130
2615,129
2618,130
2620,129
2623,129
2625,129
2628,129
2630,131
2633,130
2635,130
2637,130
2640,130
2642,130
2646,130
2648,129
2651,130
2653,130
2655,129
2658,129
2660,129
2663,130
2665,130
2668,130
2670,130
2673,130
2675,130
2677,129
2680,129
2682,130
2685,129
2688,130
2691,131
2693,130
2695,129
2698,129
2700,129
2703,130
2705,130
2708,131
2710,130
2713,130
2715,129
2717,130
2720,130
2722,131
2725,129
2727,129
2731,129
2733,130
2735,130
2738,129
2740,129
2743,130
2745,130
2748,130
2750,129
2753,130
2755,129
2757,130
2760,130
2762,129
2765,130
2767,130
2770,130
2772,129
2775,129
2778,131
2780,130
2783,130
2785,129
2788,129
2790,129
2793,130
2795,130
2797,129
2800,130
2802,129
2805,130
2807,129
2810,129
2812,129
2814,130
2818,129
2820,129
2823,130
2825,130
2828,130
2830,129
2833,130
2835,130
2837,129
2840,129
2842,129
2845,130
2847,130
2850,128
2852,129
2854,130
2857,130
2860,129
2863,129
2865,130
2868,130
2870,129
2873,129
2875,129
2877,130
2880,130
2882,129
2885,129
2887,128
2890,129
2892,129
2894,129
2897,130
2899,130
2903,130
2905,129
2908,129
2910,130
2913,130
2915,129
2917,129
2920,130
2922,130
2925,130
2927,129
2930,129
2932,129
2934,130
2937,130
2939,129
2942,129
2945,129
2948,130
2950,129
2953,129
2955,129
2957,130
2960,130
2962,129
2965,129
2967,129
2970,130
2972,129
2974,130
2977,129
2979,129
2982,130
2984,129
2988,130
2990,129
2993,130
2995,130
2997,129
3000,129
3002,130
3005,129
3007,130
3010,129
3012,128
3014,130
3017,130
3019,130
3022,130
3024,129
3027,129
3030,128
3033,130
3035,129
3037,129
3040,129
3042,129
3045,128
3047,128
3050,130
3052,130
3054,129
3057,129
3059,130
3062,128
3064,129
3067,129
3069,129
3073,130
3075,129
3077,129
3080,129
3082,129
3085,128
3087,129
3090,129
3092,129
3094,129
3097,130
3099,129
3102,128
3104,129
3107,130
3109,129
3112,130
3115,129
3117,129
3120,129
3122,130
3125,129
3127,129
3130,129
3132,129
3134,130
3137,129
3139,128
3142,129
3144,130
3147,129
3149,128
3152,128
3154,129
3156,129
3160,128
3162,130
3165,129
3167,129
3170,128
3172,129
3174,130
3177,129
3179,128
3182,128
3184,129
3187,129
3189,129
3192,129
3194,128
3196,129
3200,130
3202,129
3205,129
3207,129
3210,129
3212,129
3214,129
3217,129
3219,128
3222,129
3224,128
3227,128
3229,128
3231,129
3234,128
3236,129
3239,130
3241,129
3245,129
3247,129
3250,129
3252,128
3254,128
3257,129
3259,130
3262,129
3264,129
3267,129
3269,129
3271,130
3274,128
3276,129
3279,129
3281,128
3284,129
3287,128
3290,129
3292,129
3294,129
3297,129
3299,129
3302,129
3304,128
3307,129
3309,129
3311,129
3314,128
3316,129
3319,129
3321,130
3324,129
3326,129
3330,128
3332,128
3334,129
3337,129
3339,128
3342,128
3344,128
3347,128
3349,128
3351,128
3354,128
3356,128
3359,129
3361,129
3364,128
3366,128
3369,128
3372,129
3374,128
3377,128
3379,128
3382,129
3384,129
3387,129
3389,128
3391,128
3394,128
3396,129
3399,129
3401,128
3404,128
3406,129
3409,129
3411,129
3414,128
3417,128
3419,128
3422,129
3424,129
3427,129
3429,129
3431,129
3434,129
3436,129
3439,128
3441,129
3444,129
3446,128
3449,128
3451,128
3453,129
3457,128
3459,128
3462,128
3464,129
3467,129
3469,128
3471,128
3474,129
3476,129
3479,128
3481,128
3484,129
3486,129
3489,128
3491,128
3493,128
3496,129
3499,128
3502,128
3504,129
3507,128
3509,129
3511,128
3514,129
3516,129
3519,129
3521,128
3524,128
3526,128
3529,129
3531,129
3533,129
3536,128
3538,128
3542,128
3544,128
3547,129
3549,129
3551,129
3554,128
3556,128
3559,129
3561,128
3564,129
3566,128
3569,128
3571,128
3573,129
3576,129
3578,128
3581,128
3584,128
3587,129
3589,129
3591,128
3594,128
3596,128
3599,129
3601,129
3604,128
3606,128
3609,128
3611,128
3613,129
3616,128
3618,128
3621,128
3623,129
3627,128
3629,129
3631,128
3634,128
3636,128
3639,128
3641,128
3644,128
3646,128
3649,128
3651,129
3653,128
3656,128
3658,128
3661,128
3663,128
3666,128
3668,128
3671,128
3674,129
3676,128
3679,128
3681,128
3684,128
3686,128
3689,128
3691,128
3693,128
3696,128
3698,128
3701,129
3703,128
3706,128
3708,128
3710,128
3714,128
3716,128
3719,127
3721,127
3724,128
3726,128
3729,128
3731,128
3733,128
3736,128
3738,128
3741,128
3743,127
3746,128
3748,128
3750,128
3753,127
3756,128
3759,128
3761,128
3764,128
3766,127
3769,128
3771,128
3773,128
3776,128
3778,128
3781,127
3783,127
3786,128
3788,128
3790,128
3793,128
3795,127
3799,127
3801,128
3804,128
3806,128
3809,127
3811,127
3813,128
3816,128
3818,128
3821,128
3823,128
3826,128
3828,128
3830,126
3833,127
3835,127
3838,128
3841,128
3844,128
3846,128
3849,126
3851,128
3853,128
3856,128
3858,128
3861,127
3863,126
3866,127
3868,128
3870,128
3873,127
3875,126
3878,126
3880,127
3884,128
3886,126
3889,127
3891,126
3893,126
3896,127
3898,126
3901,125
3903,123
3906,121
3908,121
3910,120
3913,119
3915,120
3918,120
3920,118
3923,118
3926,118
3929,118
3931,117
3933,116
3936,117
3938,117
3941,116
3943,115
3946,114
3948,114
3950,113
3953,112
3955,112
3958,112
3960,112
3963,110
3965,110
3969,111
3971,110
3973,109
3976,110
3978,109
3981,108
3983,108
3986,107
3988,106
3990,107
3993,106
3995,104
3998,104
4000,104
4003,101
4005,100
4008,100
4011,97
4013,96
4016,95
4018,93
4020,92
4023,90
4025,89
4028,87
4030,86
4032,84
4035,82
4037,80
4040,78
4042,76
4044,73
4047,71
4049,68
4051,65
4055,61
4057,58
4060,54
4062,50
4064,46
4067,41
4069,36
4072,32
4074,29
4076,27
4079,26
4081,26
4083,26
4086,26
4088,32
4091,40
4093,49
4096,58
4099,67
4101,76
4104,85
4106,94
4108,103
4111,112
4113,119
4116,126
4118,133
4120,141
4123,146
4125,153
4128,161
4130,166
4133,171
4135,177
4139,183
4141,189
4143,193
4146,198
4148,203
4151,208
4153,212
4156,217
4158,222
4160,226
4163,230
4165,234
4168,238
4170,243
4173,247
4175,249
4178,253
4180,257
4183,260
4186,264
4188,267
4191,270
4193,272
4196,275
4198,278
4200,280
4203,282
4205,285
4208,287
4210,288
4213,290
4215,292
4218,294
4220,294
4222,296
4226,297
4228,298
4231,298
4233,299
4236,299
4238,300
4240,300
4243,300
4245,300
4248,300
4250,300
4253,300
4255,300
4258,300
4260,299
4262,300
4265,299
4268,299
4271,299
4273,300
4276,300
4278,299
4280,298
4283,300
4285,299
4288,300
4290,300
4293,300
4295,300
4298,300
4300,301
4302,301
4305,302
4307,302
4311,303
4313,303
4316,303
4318,304
4320,305
4323,305
4325,305
4328,306
4330,306
4333,306
4335,306
4338,307
4340,307
4342,307
4345,308
4347,308
4350,308
4353,308
4356,309
4358,309
4360,309
4363,309
4365,309
4368,309
4370,309
4373,309
4375,309
4378,309
4380,309
4382,309
4385,308
4387,309
4390,309
4392,309
4396,308
4398,307
4400,307
4403,308
4405,308
4408,307
4410,308
4413,307
4415,308
4418,308
4420,308
4422,308
4425,307
4427,307
4430,307
4432,307
4435,308
4438,308
4440,308
4443,307
4445,308
4448,308
4450,307
4453,308
4455,307
4458,307
4460,308
4462,306
4465,306
4467,307
4470,307
4472,307
4475,306
4477,307
4480,307
4483,306
4485,306
4488,307
4490,306
4493,306
4495,306
4498,306
4500,306
4502,306
4505,306
4507,306
4510,305
4512,306
4515,306
4517,306
4519,305
4523,306
4525,307
4528,305
4530,306
4533,306
4535,305
4538,307
4540,305
4542,305
4545,305
4547,306
4550,305
4552,305
4555,306
4557,305
4559,305
4562,305
4564,305
4568,305
4570,306
4573,305
4575,305
4578,305
4580,305
4582,305
4585,305
4587,305
4590,305
4592,305
4595,305
4597,305
4599,304
4602,305
4604,305
4608,305
4610,304
4613,304
4615,305
4618,304
4620,304
4622,305
4625,304
4627,304
4630,304
4632,304
4635,304
4637,304
4639,304
4642,304
4644,303
4647,304
4649,304
4653,305
4655,304
4658,305
4660,304
4662,303
4665,303
4667,303
4670,304
4672,304
4675,303
4677,303
4679,304
4682,303
4684,304
4687,303
4689,304
4692,303
4695,303
4698,304
4700,303
4702,303
4705,303
4707,303
4710,303
4712,304
4715,303
4717,304
4719,303
4722,303
4724,303
4727,303
4729,303
4732,303
4734,303
4737,303
4740,303
4742,303
4745,303
4747,303
4750,302
4752,303
4755,304
4757,303
4759,302
4762,303
4764,302
4767,303
4769,302
4772,302
4774,302
4776,302
4780,302
4782,302
4785,302
4787,302
4790,302
4792,302
4794,302
4797,302
4799,303
4802,302
4804,303
4807,302
4809,302
4812,303
4814,302
4816,301
4819,302
4822,303
4825,301
4827,302
4830,301
4832,302
4834,301
4837,302
4839,301
4842,302
4844,302
4847,301
4849,301
4852,301
4854,302
4856,302
4859,301
4861,301
4865,301
4867,302
4870,301
4872,301
4874,301
4877,302
4879,301
4882,301
4884,301
4887,301
4889,301
4892,301
4894,301
4896,301
4899,301
4901,302
4904,301
4907,301
4910,301
4912,301
4914,301
4917,300
4919,301
4922,301
4924,301
4927,301
4929,300
4932,301
4934,301
4936,301
4939,300
4941,300
4944,301
4946,301
4950,300
4952,300
4954,301
4957,300
4959,301
4962,300
4964,300
4967,300
4969,300
4972,300
4974,300
4976,300
4979,300
4981,300
4984,300
4986,300
4989,300
4992,300
4994,300
4997,300
4999,301
5002,300
5004,300
5007,300
5009,301
5012,300
5014,300
5016,300
5019,300
5021,299
5024,300
5026,299
5029,300
5031,300
5033,299
5037,300
5039,299
5042,299
5044,300
5047,299
5049,299
5052,299
5054,300
5056,299
5059,299
5061,300
5064,300
5066,299
5069,300
5071,299
5073,299
5076,299
5079,299
5082,299
5084,299
5087,300
5089,299
5092,299
5094,299
5096,299
5099,298
5101,299
5104,299
5106,299
5109,299
5111,298
5113,299
5116,299
5118,299
5122,299
5124,298
5127,299
5129,298
5132,298
5134,298
5136,299
5139,299
5141,299
5144,298
5146,298
5149,298
5151,300
5153,299
5156,298
5158,298
5161,298
5164,299
5167,298
5169,298
5172,298
5174,298
5176,298
5179,298
5181,298
5184,298
5186,298
5189,298
5191,298
5193,298
5196,299
5198,297
5201,298
5203,298
5207,299
5209,298
5212,298
5214,298
5216,298
5219,298
5221,298
5224,298
5226,298
5229,298
5231,297
5233,298
5236,298
5238,298
5241,298
5243,298
5246,297
5249,297
5252,298
5254,298
5256,297
5259,298
5261,298
5264,298
5266,299
5269,298
5271,298
5273,298
5276,297
5278,297
5281,297
5283,298
5286,298
5288,297
5292,297
5294,297
5296,297
5299,298
5301,297
5304,297
5306,297
5309,297
5311,297
5313,297
5316,297
5318,297
5321,297
5323,297
5326,297
5328,298
5331,297
5334,297
5336,297
5339,298
5341,297
5344,297
5346,297
5349,297
5351,297
5353,297
5356,297
5358,297
5361,297
5363,297
5366,296
5368,297
5371,297
5373,297
5376,297
5379,296
5381,297
5384,297
5386,296
5389,297
5391,297
5393,297
5396,297
5398,296
5401,297
5403,296
5406,297
5408,296
5411,296
5413,297
5415,296
5419,296
5421,297
5424,296
5426,296
5429,296
5431,296
5433,297
5436,297
5438,297
5441,296
5443,296
5446,297
5448,296
5451,296
5453,296
5455,296
5458,296
5460,297
5464,296
5466,297
5469,297
5471,297
5473,296
5476,296
5478,296
5481,296
5483,296
5486,296
5488,296
5491,297
5493,296
5495,296
5498,296
5500,296
5504,297
5506,296
5509,296
5511,295
5513,296
5516,297
5518,296
5521,296
5523,296
5526,296
5528,295
5531,296
5533,296
5535,296
5538,296
5540,296
5543,295
5545,296
5549,296
5551,296
5553,296
5556,296
5558,295
5561,296
5563,295
5566,295
5568,296
5571,296
5573,296
5575,295
5578,296
5580,296
5583,295
5585,296
5588,295
5591,295
5593,296
5596,295
5598,295
5601,295
5603,295
5606,296
5608,295
5611,295
5613,295
5615,295
5618,295
5620,295
5623,296
5625,295
5628,295
5630,295
5633,295
5636,295
5638,295
5641,295
5643,295
5646,295
5648,295
5651,295
5653,295
5655,295
5658,295
5660,295
5663,295
5665,295
5668,296
5670,296
5672,295
5676,295
5678,295
5681,294
5683,295
5686,295
5688,295
5691,294
5693,294
5695,295
5698,295
5700,295
5703,295
5705,295
5708,294
5710,294
5712,296
5715,294
5718,295
5721,295
5723,295
5726,294
5728,295
5731,294
5733,294
5735,295
5738,295
5740,295
5743,294
5745,294
5748,294
5750,294
5752,295
5755,295
5757,294
5761,294
5763,294
5766,295
5768,294
5771,295
5773,295
5775,294
5778,295
5780,295
5783,294
5785,295
5788,294
5790,295
5792,294
5795,294
5797,294
5800,294
5803,294
5806,294
5808,294
5811,295
5813,294
5815,294
5818,294
5820,294
5823,295
5825,294
5828,294
5830,294
5832,294
5835,294
5837,294
5840,294
5842,294
5846,294
5848,293
5851,294
5853,294
5855,295
5858,294
5860,293
5863,294
5865,293
5868,294
5870,294
5872,294
5875,294
5877,294
5880,294
5882,294
5885,294
5888,294
5891,294
5893,294
5895,294
5898,293
5900,295
5903,294
5905,293
5908,294
5910,294
5912,293
5915,294
5917,294
5920,294
5922,294
5925,294
5927,294
5931,294
5933,294
5935,293
5938,294
5940,293
5943,293
5945,293
5948,293
5950,294
5952,293
5955,294
5957,293
5960,294
5962,293
5965,293
5967,293
5970,294
5972,293
5975,293
5978,294
5980,294
5983,294
5985,294
5988,294
5990,293
5992,292
5995,292
5997,292
6000,292
6002,293
6005,292
6007,292
6010,292
6012,291
6014,292
6018,291
6020,292
6023,291
6025,291
6028,291
6030,290
6032,291
6035,291
6037,290
6040,290
6042,290
6045,289
6047,289
6050,289
6052,289
6054,289
6057,289
6060,288
6063,288
6065,288
6068,288
6070,288
6072,288
6075,287
6077,287
6080,288
6082,288
6085,287
6087,288
6090,288
6092,287
6094,286
6097,287
6099,286
6103,287
6105,287
6108,286
6110,286
6112,286
6115,285
6117,287
6120,287
6122,286
6125,286
6127,286
6130,286
6132,286
6134,286
6137,287
6139,287
6142,288
6145,288
6148,288
6150,289
6152,289
6155,289
6157,289
6160,289
6162,289
6165,289
6167,289
6170,289
6172,289
6174,290
6177,289
6179,289
6182,289
6184,290
6188,289
6190,290
6192,289
6195,290
6197,289
6200,289
6202,290
6205,290
6207,290
6210,290
6212,290
6214,290
6217,290
6219,291
6222,291
6224,291
6227,291
6230,291
6232,290
6235,291
6237,290
6240,292
6242,289
6245,290
6247,290
6250,290
6252,291
6254,291
6257,290
6259,290
6262,290
6264,290
6267,291
6269,291
6272,292
6275,291
6277,292
6280,291
6282,291
6285,292
6287,293
6289,292
6292,292
6294,293
6297,293
6299,292
6302,293
6304,293
6307,294
6309,293
6311,293
6315,293
6317,294
6320,294
6322,294
6325,294
6327,294
6329,294
6332,295
6334,295
6337,295
6339,295
6342,296
6344,295
6347,296
6349,296
6351,296
6354,297
6356,297
6360,297
6362,298
6365,298
6367,298
6369,298
6372,299
6374,299
6377,299
6379,300
6382,299
6384,300
6387,300
6389,300
6391,300
6394,300
6396,300
6400,301
6402,301
6405,301
6407,301
6409,301
6412,302
6414,302
6417,302
6419,302
6422,302
6424,303
6427,303
6429,303
6431,304
6434,304
6436,304
6439,304
6441,304
6445,305
6447,304
6449,306
6452,305
6454,306
6457,306
6459,305
6462,306
6464,306
6467,306
6469,307
6471,307
6474,308
6476,308
6479,307
6481,308
6484,308
6487,308
6489,309
6492,309
6494,310
6497,309
6499,309
6502,309
6504,309
6507,309
6509,309
6511,309
6514,310
6516,309
6519,310
6521,310
6524,310
6526,311
6529,310
6532,311
6534,311
6537,311
6539,311
6542,311
6544,311
6547,312
6549,311
6551,311
6554,312
6556,311
6559,313
6561,312
6564,312
6566,312
6568,312
6572,313
6574,311
6577,311
6579,312
6582,312
6584,312
6587,313
6589,313
6591,313
6594,313
6596,313
6599,313
6601,313
6604,314
6606,313
6608,313
6611,313
6614,313
6617,314
6619,314
6622,314
6624,313
6627,313
6629,314
6631,314
6634,314
6636,316
6639,315
6641,314
6644,314
6646,315
6648,315
6651,315
6653,315
6657,315
6659,315
6662,314
6664,315
6667,314
6669,315
6671,315
6674,315
6676,314
6679,314
6681,315
6684,314
6686,315
6688,315
6691,315
6693,315
6696,315
6699,315
6702,316
6704,315
6707,315
6709,315
6711,315
6714,316
6716,315
6719,316
6721,316
6724,315
6726,315
6728,315
6731,315
6733,316
6736,316
6738,316
6742,316
6744,316
6747,317
6749,316
6751,316
6754,316
6756,317
6759,315
6761,316
6764,316
6766,316
6768,317
6771,316
6773,316
6776,316
6778,316
6781,315
6784,316
6786,316
6789,316
6791,316
6794,316
6796,316
6799,316
6801,316
6804,317
6806,317
6808,316
6811,316
6813,316
6816,316
6818,317
6821,317
6823,317
6825,316
6829,316
6831,316
6834,318
6836,317
6839,317
6841,317
6844,317
6846,317
6848,317
6851,317
6853,318
6856,317
6858,317
6861,317
6863,317
6865,317
6868,317
6871,318
6874,317
6876,317
6879,318
6881,317
6884,317
6886,318
6888,318
6891,318
6893,318
6896,318
6898,318
6901,319
6903,319
6905,319
6908,318
6910,319
6914,318
6916,319
6919,319
6921,319
6924,320
6926,319
6928,319
6931,320
6933,320
6936,321
6938,320
6941,320
6943,321
6945,320
6948,321
6950,321
6953,322
6956,323
6959,322
6961,322
6964,323
6966,324
6968,324
6971,324
6973,324
6976,325
6978,324
6981,325
6983,325
6985,325
6988,326
6990,326
6993,326
6995,325
6999,326
7001,326
7004,327
7006,326
7008,327
7011,327
7013,327
7016,326
7018,327
7021,328
7023,326
7025,327
7028,327
7030,327
7033,327
7035,328
7038,328
7041,327
7044,327
7046,328
7048,327
7051,328
7053,328
7056,328
7058,329
7061,329
7063,329
7065,329
7068,329
7070,330
7073,329
7075,330
7078,329
7080,329
7084,330
7086,331
7088,330
7091,330
7093,329
7096,330
7098,330
7101,330
7103,331
7105,331
7108,331
7110,331
7113,331
7115,331
7118,331
7120,331
7123,331
7126,330
7128,331
7131,332
7133,331
7136,332
7138,332
7141,333
7143,332
7145,333
7148,333
7150,334
7153,335
7155,334
7158,334
7160,335
7163,335
7165,334
7168,334
7171,335
7173,335
7176,334
7178,334
7181,334
7183,335
7185,335
7188,335
7190,335
7193,335
7195,334
7198,334
7200,334
7203,335
7205,335
7207,335
7211,335
7213,335
7216,334
7218,336
7221,334
7223,335
7225,334
7228,334
7230,335
7233,334
7235,334
7238,335
7240,334
7243,334
7245,334
7247,334
7250,334
7252,333
7256,334
7258,333
7261,333
7263,334
7265,333
7268,333
7270,333
7273,333
7275,333
7278,332
7280,332
7283,332
7285,333
7287,333
7290,332
7292,332
7296,333
7298,332
7301,332
7303,332
7305,332
7308,333
7310,333
7313,332
7315,333
7318,333
7320,332
7323,332
7325,332
7327,332
7330,332
7332,333
7335,332
7337,332
7341,333
7343,332
7345,332
7348,331
7350,333
7353,332
7355,332
7358,332
7360,332
7363,331
7365,332
7367,332
7370,332
7372,332
7375,331
7377,332
7380,332
7383,331
7385,332
7388,332
7390,331
7393,331
7395,332
7398,332
7400,332
7403,332
7405,332
7407,331
7410,332
7412,331
7415,332
7417,332
7420,332
7422,332
7425,331
7428,332
7430,332
7433,331
7435,332
7438,331
7440,331
7443,332
7445,331
7447,331
7450,331
7452,331
7455,332
7457,331
7460,331
7462,331
7464,331
7468,331
7470,331
7473,332
7475,331
7478,331
7480,331
7483,331
7485,331
7487,331
7490,330
7492,331
7495,331
7497,330
7500,331
7502,331
7504,330
7507,330
7510,330
7513,330
7515,330
7518,330
7520,330
7523,330
7525,330
7527,330
7530,329
7532,329
7535,329
7537,331
7540,329
7542,329
7544,329
7547,329
7549,329
7553,329
7555,328
7558,329
7560,328
7563,328
7565,328
7567,328
7570,329
7572,328
7575,328
7577,327
7580,327
7582,328
7584,328
7587,327
7589,328
7592,328
7595,327
7598,327
7600,327
7603,328
7605,327
7607,327
7610,326
7612,326
7615,327
7617,326
7620,327
7622,326
7624,327
7627,326
7629,325
7632,326
7634,325
7638,326
7640,326
7643,325
7645,325
7647,326
7650,325
7652,326
7655,325
7657,326
7660,326
7662,325
7664,325
7667,325
7669,326
7672,325
7674,325
7677,325
7680,326
7683,324
7685,325
7687,325
7690,325
7692,325
7695,324
7697,324
7700,324
7702,324
7704,324
7707,324
7709,324
7712,324
7714,323
7717,324
7719,324
7723,324
7725,324
7727,324
7730,323
7732,323
7735,324
7737,323
7740,323
7742,324
7744,323
7747,323
7749,323
7752,323
7754,324
7757,324
7759,323
7762,323
7764,323
7767,323
7770,324
7772,323
7775,324
7777,323
7780,323
7782,323
7784,324
7787,324
7789,324
7792,323
7794,324
7797,323
7799,324
7802,324
7804,323
7806,324
7810,323
7812,323
7815,323
7817,323
7820,324
7822,324
7824,324
7827,324
7829,323
7832,323
7834,323
7837,323
7839,323
7842,323
7844,323
7846,322
7849,323
7852,323
7855,323
7857,323
7860,323
7862,322
7864,322
7867,323
7869,322
7872,323
7874,323
7877,323
7879,323
7882,323
7884,322
7886,323
7889,323
7891,323
7895,322
7897,323
7900,323
7902,323
7904,323
7907,322
7909,323
7912,323
7914,323
7917,323
7919,323
7922,324
7924,324
7926,324
7929,324
7931,324
7934,325
7937,324
7940,324
7942,324
7944,325
7947,324
7949,324
7952,325
7954,325
7957,325
7959,325
7962,324
7964,325
7966,325
7969,325
7971,325
7974,325
7976,325
7980,326
7982,326
7984,326
7987,325
7989,327
7992,326
7994,326
7997,327
7999,328
8002,327
8004,328
8006,328
8009,328
8011,328
8014,328
8016,328
8019,328
8022,329
8024,329
8027,328
8029,328
8032,328
8034,329
8037,329
8039,328
8042,329
8044,329
8046,329
8049,329
8051,330
8054,329
8056,329
8059,328
8061,329
8064,328
8067,329
8069,330
8072,329
8074,329
8077,329
8079,328
8082,329
8084,329
8086,329
8089,328
8091,328
8094,328
8096,328
8099,328
8101,329
8103,328
8107,328
8109,327
8112,327
8114,328
8117,327
8119,328
8122,328
8124,327
8126,327
8129,327
8131,328
8134,327
8136,327
8139,327
8141,327
8143,326
8146,326
8148,325
8152,326
8154,326
8157,325
8159,325
8162,325
8164,324
8166,324
8169,324
8171,325
8174,323
8176,324
8179,323
8181,323
8183,324
8186,323
8188,323
8192,323
8194,323
8197,324
8199,323
8202,323
8204,323
8206,323
8209,323
8211,322
8214,322
8216,323
8219,323
8221,322
8223,322
8226,322
8228,322
8231,322
8233,322
8237,322
8239,322
8242,322
8244,321
8246,321
8249,322
8251,322
8254,322
8256,322
8259,321
8261,322
8263,322
8266,321
8268,321
8271,322
8273,323
8276,321
8279,321
8282,322
8284,321
8286,322
8289,322
8291,322
8294,322
8296,322
8299,322
8301,322
8303,322
8306,323
8308,322
8311,322
8313,323
8316,322
8318,324
8322,323
8324,323
8326,323
8329,324
8331,323
8334,323
8336,324
8339,323
8341,324
8343,324
8346,323
8348,324
8351,325
8353,325
8356,324
8358,324
8361,325
8364,325
8366,325
8369,325
8371,325
8374,325
8376,325
8379,325
8381,325
8383,326
8386,326
8388,325
8391,326
8393,326
8396,327
8398,326
8401,327
8403,327
8406,327
8409,327
8411,326
8414,327
8416,326
8419,327
8421,327
8423,326
8426,327
8428,327
8431,327
8433,327
8436,327
8438,327
8441,327
8443,327
8445,327
8449,327
8451,328
8454,328
8456,327
8459,327
8461,328
8463,328
8466,328
8468,328
8471,328
8473,328
8476,328
8478,328
8481,328
8483,329
8485,328
8488,328
8491,329
8494,328
8496,328
8499,329
8501,329
8503,329
8506,329
8508,328
8511,329
8513,328
8516,329
8518,329
8521,329
8523,329
8525,328
8528,329
8530,329
8534,329
8536,329
8539,329
8541,329
8543,329
8546,328
8548,329
8551,329
8553,329
8556,329
8558,327
8561,328
8563,328
8565,328
8568,328
8570,328
8573,328
8576,327
8579,327
8581,327
8583,327
8586,327
8588,327
8591,326
8593,327
8596,326
8598,325
8601,326
8603,326
8605,325
8608,324
8610,324
8613,324
8615,324
8619,324
8621,323
8623,323
8626,323
8628,322
8631,322
8633,322
8636,323
8638,323
8641,322
8643,322
8645,321
8648,322
8650,322
8653,321
8655,322
8658,321
8660,320
8663,320
8666,320
8668,320
8671,321
8673,320
8676,320
8678,320
8681,320
8683,320
8685,320
8688,320
8690,320
8693,319
8695,320
8698,319
8700,319
8702,320
8706,320
8708,320
8711,319
8713,319
8716,320
8718,320
8720,320
8723,319
8725,320
8728,320
8730,320
8733,320
8735,321
8738,320
8740,320
8742,320
8745,320
8748,320
8751,321
8753,321
8756,321
8758,320
8760,321
8763,321
8765,320
8768,321
8770,321
8773,321
8775,320
8778,321
8780,321
8782,321
8785,321
8787,321
8791,321
8793,320
8796,320
8798,321
8800,321
8803,322
8805,321
8808,321
8810,321
8813,321
8815,321
8818,321
8820,321
8822,321
8825,321
8827,321
8830,321
8833,321
8836,322
8838,321
8840,321
8843,321
8845,321
8848,321
8850,322
8853,321
8855,322
8858,322
8860,321
8862,321
8865,321
8867,322
8870,321
8872,321
8876,322
8878,321
8880,321
8883,321
8885,322
8888,322
8890,321
8893,321
8895,321
8898,322
8900,322
8902,321
8905,321
8907,322
8910,321
8912,322
8915,321
8918,321
8920,322
8923,322
8925,321
8928,321
8930,321
8933,322
8935,322
8938,321
8940,322
8942,321
8945,322
8947,321
8950,322
8952,322
8955,322
8957,322
8960,321
8963,321
8965,322
8968,322
8970,322
8973,322
8975,321
8978,322
8980,321
8982,322
8985,322
8987,322
8990,322
8992,321
8995,322
8997,321
8999,322
9003,322
9005,321
9008,321
9010,322
9013,321
9015,322
9018,322
9020,321
9022,322
9025,321
9027,321
9030,322
9032,322
9035,322
9037,322
9039,322
9042,321
9044,322
9048,322
9050,322
9053,322
9055,323
9058,322
9060,322
9062,322
9065,322
9067,322
9070,322
9072,322
9075,322
9077,322
9079,322
9082,322
9084,322
9088,322
9090,322
9093,322
9095,322
9098,321
9100,322
9102,322
9105,322
9107,322
9110,322
9112,322
9115,322
9117,322
9119,322
9122,322
9124,322
9127,321
9129,321
9133,322
9135,322
9138,322
9140,322
9142,322
9145,322
9147,322
9150,322
9152,322
9155,322
9157,322
9159,321
9162,322
9164,322
9167,322
9169,322
9172,322
9175,322
9178,322
9180,322
9182,322
9185,322
9187,323
9190,322
9192,322
9195,322
9197,322
9199,322
9202,323
9204,322
9207,322
9209,321
9212,321
9214,321
9218,320
9220,320
9222,320
9225,319
9227,319
9230,319
9232,318
9235,318
9237,317
9239,317
9242,316
9244,315
9247,314
9249,314
9252,315
9254,312
9257,311
9260,312
9262,310
9265,310
9267,308
9270,308
9272,307
9275,306
9277,305
9279,304
9282,304
9284,303
9287,301
9289,300
9292,299
9294,297
9297,297
9299,295
9302,293
9305,292
9307,290
9310,289
9312,286
9315,284
9317,282
9319,280
9322,275
9324,272
9327,269
9329,265
9332,259
9334,254
9337,249
9339,242
9341,235
9345,226
9347,216
9350,206
9352,194
9355,181
9357,165
9359,149
9362,134
9364,113
9367,89
9369,60
9372,27
9374,24
9376,24
9379,25
9381,24
9383,24
9387,24
9389,24
9392,24
9394,24
9396,23
9399,24
9401,24
9404,24
9406,25
9408,24
9411,24
9413,24
9415,25
9418,24
9420,24
9423,24
9425,24
9427,25
9431,24
9433,24
9436,24
9438,24
9440,24
9443,24
9445,24
9447,24
9450,25
9452,24
9455,24
9457,24
9459,24
9462,24
9464,24
9467,24
9469,24
9472,24
9475,24
9477,24
9479,24
9482,24
9484,24
9487,24
9489,24
9491,24
9494,24
9496,24
9499,24
9501,24
9503,24
9506,24
9508,24
9510,24
9513,24
9516,24
9519,24
9521,24
9523,24
9526,24
9528,24
9531,25
9533,24
9535,24
9538,24
9540,24
9542,24
9545,24
9547,24
9550,24
9552,24
9554,24
9558,24
9560,24
9563,24
9565,24
9567,24
9570,24
9572,24
9575,24
9577,24
9579,24
9582,24
9584,24
9586,24
9589,24
9591,24
9594,24
9596,24
9598,24
9602,24
9604,25
9607,24
9609,24
9611,24
9614,24
9616,24
9618,24
9621,24
9623,24
9626,24
9628,24
9630,24
9633,24
9635,24
9638,24
9640,24
9643,24
9646,24
9648,24
9650,24
9653,24
9655,24
9658,24
9660,24
9662,24
9665,24
9667,24
9669,23
9672,24
9674,24
9677,24
9679,24
9681,25
9684,24
9687,24
9690,24
9692,24
9694,24
9697,24
9699,24
9701,23
9704,25
9706,24
9709,24
9711,24
9713,23
9716,24
9718,24
9721,24
9723,24
9725,25
9729,24
9731,24
9733,24
9736,24
9738,24
9741,24
9743,24
9745,24
9748,25
9750,24
9753,24
9755,24
9757,23
9760,24
9762,24
9764,24
9767,24
9769,25
9773,24
9775,24
9777,24
9780,24
9782,24
9785,24
9787,24
9789,24
9792,25
9794,24
9796,24
9799,24
9801,24
9804,24
9806,24
9808,24
9811,24
9814,24
9817,24
9819,24
9821,24
9824,24
9826,24
9828,24
9831,24
9833,25
9836,25
9838,24
9840,24
9843,24
9845,24
9848,24
9850,24
9852,24
9856,24
9858,25
9860,24
9863,24
9865,24
9868,24
9870,24
9872,24
9875,24
9877,24
9880,24
9882,24
9884,24
9887,24
9889,24
9891,24
9894,24
9896,24
9900,24
9902,24
9904,24
9907,24
9909,24
9912,24
9914,24
9916,24
9919,24
9921,24
9923,24
9926,24
9928,24
9931,24
9933,25
9935,24
9938,24
9940,24
9944,24
9946,24
9948,24
9951,24
9953,24
9955,24
9958,24
9960,24
9963,24
9965,24
9967,24
9970,24
9972,24
9975,24
9977,25
9979,23
9982,24
9985,25
9987,24
9990,24
9992,23
9995,24
9997,24
9999,24
10002,24
10004,24
10007,24
10009,24
10011,24
10014,24
10016,24
10019,24
10021,24
10024,24
10027,24
10029,24
10032,24
10034,24
10037,24
10039,24
10042,24
10044,24
10046,24
10049,24
10051,24
10054,24
10056,24
10059,24
10061,24
10063,24
10066,24
10068,24
10072,24
10074,24
10077,24
10079,24
10081,24
10084,24
10086,24
10089,24
10091,25
10094,24
10096,24
10098,24
10101,24
10103,24
10106,24
10108,24
10112,24
10114,24
10116,24
10119,24
10121,24
10124,24
10126,24
10129,24
10131,24
10133,24
10136,24
10138,24
10141,24
10143,24
10146,24
10148,24
10150,24
10153,24
10156,24
10159,24
10161,24
10164,24
10166,25
10168,24
10171,24
10173,24
10176,25
10178,24
10181,25
10183,24
10185,24
10188,24
10190,24
10193,24
10195,24
10199,25
10201,24
10203,24
10206,25
10208,25
10211,24
10213,24
10216,24
10218,24
10220,25
10223,24
10225,24
10228,24
10230,25
10233,24
10235,24
10237,25
10241,24
10243,25
10246,24
10248,24
10251,24
10253,25
10255,24
10258,25
10260,24
10263,24
10265,24
10268,24
10270,24
10272,25
10275,25
10277,25
10280,25
10283,25
10286,24
10288,24
10290,25
10293,24
10295,24
10298,24
10300,24
10303,24
10305,25
10307,24
10310,25
10312,25
10315,25
10317,25
10320,26
10322,26
10324,35
10328,42
10330,59
10333,92
10335,101
10338,148
10340,169
10343,189
10345,203
10348,208
10350,215
10353,237
10355,257
10358,267
10360,279
10362,293
10365,304
10368,314
10371,324
10373,330
10376,336
10378,342
10381,346
10383,354
10386,361
10388,366
10391,371
10393,376
10396,379
10398,382
10401,386
10403,387
10406,389
10408,388
10412,389
10414,387
10417,386
10419,387
10422,384
10424,383
10426,382
10429,380
10431,379
10434,378
10436,376
10439,376
10441,374
10444,374
10446,374
10449,373
10451,373
10455,372
10457,372
10460,373
10462,373
10465,372
10467,373
10470,373
10472,372
10475,372
10477,372
10480,373
10482,373
10484,373
10487,374
10489,372
10492,371
10494,372
10498,370
10500,370
10503,368
10505,367
10508,366
10510,364
10513,363
10515,362
10518,360
10520,359
10523,358
10525,355
10528,353
10530,350
10533,349
10535,347
10539,346
10541,345
10544,342
10546,342
10548,341
10551,340
10553,340
10556,339
10558,339
10561,340
10563,338
10566,338
10568,338
10571,339
10573,338
10576,337
10578,337
10582,337
10584,338
10587,338
10589,337
10592,337
10594,337
10597,336
10599,336
10602,337
10604,337
10607,336
10609,336
10611,336
10614,337
10616,336
10619,337
10621,336
10625,336
10627,337
10630,336
10632,337
10635,338
10637,338
10640,336
10642,337
10645,337
10647,337
10650,337
10652,337
10655,337
10657,337
10660,338
10662,337
10665,338
10668,338
10671,338
10673,337
10675,338
10678,337
10680,338
10683,338
10685,338
10688,339
10690,338
10693,338
10695,338
10698,338
10700,339
10703,339
10705,338
10708,339
10711,339
10714,339
10716,339
10719,340
10721,340
10724,339
10726,339
10729,339
10731,340
10734,341
10736,341
10738,341
10741,341
10743,341
10746,340
10748,341
10752,342
10754,342
10757,341
10759,342
10762,342
10764,342
10767,343
10769,343
10772,342
10774,343
10777,342
10779,342
10782,343
10784,342
10787,342
10789,342
10792,343
10795,342
10798,341
10800,341
10802,341
10805,340
10807,340
10810,340
10812,339
10815,339
10817,339
10820,339
10822,338
10825,338
10827,337
10830,336
10832,336
10835,336
10838,335
10841,335
10843,334
10846,334
10848,335
10851,334
10853,333
10856,333
10858,333
10861,332
10863,331
10865,331
10868,331
10870,330
10873,329
10875,328
10878,328
10881,327
10884,326
10886,326
10889,325
10891,325
10894,324
10896,322
10899,322
10901,321
10904,320
10906,320
10909,319
10911,317
10914,317
10916,315
10919,315
10921,315
10924,313
10927,311
10929,311
10932,310
10934,310
10937,308
10939,306
10942,306
10944,304
10947,303
10949,302
10952,301
10954,300
10957,299
10959,298
10962,297
10964,295
10968,295
10970,293
10973,292
10975,291
10978,290
10980,288
10983,288
10985,286
10987,284
10990,283
10992,281
10995,280
10997,278
11000,277
11002,274
11005,273
11008,272
11011,270
11013,268
11016,267
11018,265
11021,263
11023,262
11026,261
11028,259
11031,258
11033,257
11036,256
11038,254
11041,252
11043,251
11046,250
11048,249
11051,248
11054,246
11056,245
11059,244
11061,244
11064,243
11066,243
11069,241
11071,241
11074,240
11076,242
11079,244
11081,244
11084,246
11086,247
11089,249
11091,249
11095,249
11097,249
11100,250
11102,250
11105,249
11107,248
11110,248
11112,248
11114,248
11117,247
11119,247
11122,247
11124,246
11127,245
11129,245
11132,244
11134,243
11138,241
11140,239
11143,237
11145,235
11148,234
11150,231
11153,230
11155,228
11158,225
11160,222
11163,219
11165,215
11168,212
11170,208
11173,205
11175,203
11177,201
11181,200
11183,200
11186,199
11188,200
11191,201
11193,204
11196,208
11198,212
11201,218
11203,223
11206,228
11208,233
11211,237
11213,242
11216,247
11218,251
11222,256
11224,260
11227,264
11229,268
11232,272
11234,275
11236,279
11239,282
11241,286
11244,288
11246,292
11249,297
11251,300
11254,304
11256,308
11259,310
11261,314
11265,318
11267,321
11270,323
11272,323
11275,324
11277,325
11280,324
11282,325
11285,326
11287,326
11290,326
11292,325
11295,326
11297,325
11299,326
11302,326
11304,325
11308,324
11310,324
11313,321
11315,320
11318,318
11320,316
11323,315
11325,312
11328,310
11330,309
11333,306
11335,303
11338,301
11340,298
11343,295
11345,292
11348,289
11351,286
11354,283
11356,280
11359,276
11361,272
11363,266
11366,259
11368,254
11371,249
11373,244
11376,240
11378,235
11381,232
11383,230
11386,228
11388,226
11392,226
11394,225
11397,227
11399,228
11402,229
11404,231
11407,230
11409,231
11412,231
11414,232
11417,234
11419,234
11422,232
11424,232
11426,229
11429,227
11431,223
11435,221
11437,220
11440,218
11442,216
11445,213
11447,212
11450,209
11452,202
11455,197
11457,195
11460,193
11462,193
11465,192
11467,193
11470,193
11472,194
11475,196
11478,197
11481,199
11483,200
11486,202
11488,203
11490,205
11493,206
11495,208
11498,209
11500,213
11503,218
11505,221
11508,222
11510,225
11513,228
11515,232
11518,236
11521,239
11524,243
11526,247
11529,251
11531,256
11534,259
11536,262
11539,266
11541,269
11544,272
11546,274
11549,276
11551,277
11553,278
11556,279
11558,279
11561,280
11564,280
11567,281
11569,280
11572,280
11574,280
11577,279
11579,278
11582,276
11584,275
11587,273
11589,271
11592,269
11594,267
11597,265
11599,263
11602,262
11604,261
11608,258
11610,257
11613,256
11615,253
11617,252
11620,249
11622,246
11625,244
11627,240
11630,237
11632,234
11635,230
11637,228
11640,224
11642,221
11645,218
11648,215
11651,212
11653,209
11656,205
11658,202
11661,199
11663,196
11666,193
11668,190
11671,188
11673,184
11676,181
11678,178
11680,175
11683,172
11685,170
11688,168
11691,165
11694,163
11696,161
11699,159
11701,157
11704,156
11706,153
11709,152
11711,150
11714,148
11716,146
11719,144
11721,142
11724,142
11726,141
11729,140
11731,140
11735,139
11737,140
11740,139
11742,140
11744,141
11747,143
11749,144
11752,147
11754,149
11757,155
11759,158
11762,163
11764,167
11767,170
11769,174
11772,177
11774,181
11778,186
11780,189
11783,193
11785,196
11788,198
11790,200
11793,204
11795,209
11798,211
11800,215
11803,216
11805,220
11807,222
11810,223
11812,226
11815,227
11817,231
11821,232
11823,232
11826,235
11828,235
11831,237
11833,241
11836,242
11838,241
11841,241
11843,242
11846,242
11848,242
11851,243
11853,242
11856,243
11858,243
11862,242
11864,242
11867,242
11869,243
11871,244
11874,244
11876,245
11879,246
11881,246
11884,247
11886,250
11889,252
11891,253
11894,254
11896,255
11899,257
11901,258
11905,259
11907,261
11910,262
11912,263
11915,264
11917,265
11920,265
11922,266
11925,266
11927,266
11929,266
11932,266
11934,266
11937,266
11939,266
11942,266
11944,263
11948,258
11950,256
11953,255
11955,252
11958,251
11960,252
11963,251
11965,249
11968,247
11970,245
11973,243
11975,241
11978,239
11980,238
11983,236
11985,236
11988,234
11991,234
11993,232
11996,231
11998,230
12001,228
12003,227
12006,225
12008,222
12011,219
12013,217
12016,216
12018,214
12021,212
12023,210
12026,208
12028,205
12032,204
12034,204
12037,202
12039,203
12042,203
12044,203
12047,205
12049,204
12052,205
12054,205
12056,205
12059,206
12061,206
12064,207
12066,208
12069,208
12071,209
12075,209
12077,210
12080,212
12082,212
12085,214
12087,215
12090,216
12092,218
12095,219
12097,220
12100,222
12102,222
12105,224
12107,224
12110,226
12112,226
12115,226
12118,227
12120,228
12123,229
12125,230
12128,231
12130,231
12133,234
12135,235
12138,235
12140,236
12143,239
12145,241
12148,243
12150,246
12153,248
12155,249
12158,250
12161,251
12164,250
12166,251
12169,250
12171,248
12174,246
12176,244
12179,242
12181,239
12183,238
12186,238
12188,237
12191,236
12193,234
12196,232
12198,230
12201,228
12204,227
12207,226
12209,226
12212,224
12214,222
12217,222
12219,221
12222,220
12224,220
12227,220
12229,221
12232,220
12234,221
12237,221
12239,222
12242,223
12244,223
12247,224
12250,226
12252,227
12255,229
12257,229
12260,230
12262,231
12265,232
12267,233
12270,234
12272,234
12275,235
12277,234
12280,234
12282,233
12285,232
12288,231
12291,230
12293,229
12296,227
12298,227
12301,227
12303,227
12306,227
12308,228
12310,227
12313,228
12315,228
12318,229
12320,230
12323,230
12325,231
12328,233
12331,234
12334,234
12336,236
12339,236
12341,237
12344,237
12346,238
12349,238
12351,238
12354,238
12356,238
12359,238
12361,238
12364,239
12366,239
12369,239
12371,240
12374,242
12377,242
12379,244
12382,245
12384,244
12387,244
12389,243
12392,245
12394,248
12397,252
12399,256
12402,262
12404,266
12407,271
12409,276
12412,282
12414,287
12418,292
12420,296
12423,299
12425,301
12428,298
12430,293
12433,303
12435,303
12437,302
12440,302
12442,302
12445,301
12447,302
12450,301
12452,301
12455,300
12457,300
12461,299
12463,299
12466,298
12468,298
12471,296
12473,296
12476,295
12478,293
12481,294
12483,293
12486,293
12488,292
12491,292
12493,292
12496,292
12498,292
12500,292
12504,290
12506,289
12509,289
12511,288
12514,288
12516,288
12519,285
12521,285
12524,284
12526,283
12529,284
12531,283
12534,282
12536,281
12539,280
12541,278
12545,275
12547,275
12550,274
12552,272
12555,272
12557,270
12560,269
12562,270
12564,269
12567,270
12569,270
12572,271
12574,272
12577,274
12579,276
12582,278
12584,279
12588,281
12590,282
12593,284
12595,286
12598,287
12600,287
12603,288
12605,289
12608,290
12610,290
12613,290
12615,292
12618,292
12620,289
12623,284
12625,280
12627,278
12631,276
12633,273
12636,270
12638,266
12641,260
12643,254
12646,249
12648,243
12651,237
12653,232
12656,225
12658,220
12661,215
12663,210
12666,206
12668,202
12672,200
12674,196
12677,194
12679,192
12682,191
12684,189
12687,188
12689,187
12691,187
12694,186
12696,187
12699,188
12701,189
12704,191
12706,193
12709,195
12711,198
12715,202
12717,207
12720,212
12722,217
12725,223
12727,229
12730,235
12732,242
12735,248
12737,253
12740,259
12742,265
12745,270
12747,276
12750,280
12752,285
12754,290
12758,293
12760,297
12763,301
12765,305
12768,309
12770,312
12773,315
12775,318
12778,320
12780,322
12783,324
12785,326
12788,328
12790,329
12793,331
12795,332
12798,332
12801,333
12804,334
12806,334
12809,335
12811,335
12814,335
12816,336
12818,336
12821,336
12823,336
12826,337
12828,337
12831,336
12833,336
12836,337
12838,337
12841,338
12844,336
12847,336
12849,338
12852,337
12854,337
12857,337
12859,338
12862,338
12864,338
12867,338
12869,338
12871,338
12874,338
12876,338
12879,338
12881,339
12884,338
12887,338
12890,338
12892,339
12895,339
12897,338
12900,339
12902,339
12905,338
12907,338
12910,339
12912,338
12915,339
12917,339
12920,339
12922,339
12924,340
12928,339
12930,339
12933,339
12935,339
12938,339
12940,339
12943,340
12945,339
12948,339
12950,339
12953,339
12955,339
12958,339
12960,338
12963,339
12965,339
12968,340
12971,339
12974,339
12976,340
12979,339
12981,340
12984,340
12986,340
12988,340
12991,340
12993,339
12996,340
12998,340
13001,340
13003,340
13006,340
13008,340
13011,340
13014,340
13017,341
13019,340
13022,340
13024,341
13027,340
13029,340
13032,340
13034,340
13037,340
13039,340
13042,341
13044,340
13046,340
13049,340
13051,340
13054,339
13057,341
13060,340
13062,340
13065,340
13067,341
13070,340
13072,340
13075,340
13077,340
13080,340
13082,340
13085,340
13087,339
13090,340
13092,339
13095,340
13097,340
13101,340
13103,340
13106,339
13108,339
13110,340
13113,340
13115,340
13118,340
13120,339
13123,340
13125,339
13128,339
13130,340
13133,340
13135,340
13138,339
13140,339
13144,339
13146,338
13149,338
13151,337
13154,336
13156,335
13159,333
13161,330
13164,327
13166,324
13169,318
13171,317
13173,321
13176,320
13178,320
13181,320
13184,318
13187,317
13189,317
13192,315
13194,315
13197,314
13199,313
13202,311
13204,309
13207,309
13209,309
13212,307
13214,306
13217,307
13219,306
13222,305
13224,304
13228,304
13230,304
13233,304
13235,303
13237,302
13240,302
13242,302
13245,301
13247,300
13250,301
13252,301
13255,303
13257,305
13260,306
13262,309
13265,311
13267,313
13271,315
13273,317
13276,318
13278,318
13281,319
13283,320
13286,320
13288,320
13291,320
13293,318
13296,319
13298,318
13300,318
13303,317
13305,316
13308,316
13310,314
13314,314
13316,314
13319,312
13321,311
13324,311
13326,309
13329,308
13331,307
13334,306
13336,306
13339,304
13341,304
13344,303
13346,302
13349,302
13351,301
13355,300
13357,299
13360,298
13362,297
13364,297
13367,297
13369,297
13372,297
13374,297
13377,297
13379,298
13382,298
13384,299
13387,299
13389,299
13392,299
13394,300
13398,301
13400,301
13403,302
13405,302
13408,302
13410,302
13413,302
13415,302
13418,303
13420,303
13423,302
13425,302
13427,303
13430,303
13432,303
13435,303
13437,303
13441,302
13443,301
13446,301
13448,302
13451,302
13453,301
13456,300
13458,299
13461,298
13463,298
13466,297
13468,297
13471,297
13473,296
13476,295
13478,296
13481,295
13484,294
13487,294
13489,293
13491,293
13494,293
13496,294
13499,292
13501,292
13504,292
13506,292
13509,292
13511,292
13514,291
13516,292
13519,292
13521,292
13524,291
13527,291
13530,292
13532,292
13535,292
13537,292
13540,291
13542,291
13545,291
13547,290
13550,290
13552,290
13554,289
13557,288
13559,286
13562,286
13564,285
13568,282
13570,280
13573,278
13575,277
13578,274
13580,272
13583,269
13585,266
13588,263
13590,261
13593,257
13595,256
13598,252
13600,249
13603,246
13605,243
13608,241
13611,238
13614,236
13616,234
13618,231
13621,227
13623,224
13626,220
13628,217
13631,213
13633,208
13636,204
13638,200
13641,195
13643,191
13646,186
13648,181
13651,176
13654,172
13657,166
13659,161
13662,156
13664,151
13667,146
13669,141
13672,137
13674,132
13676,129
13679,126
13681,123
13684,120
13686,118
13689,116
13691,114
13694,111
13697,110
13700,108
13702,107
13705,108
13707,106
13710,106
13712,107
13715,106
13717,106
13720,104
13722,104
13725,104
13727,103
13730,104
13732,104
13735,104
13737,104
13740,102
13743,103
13745,103
13748,103
13750,103
13753,101
13755,102
13758,102
13760,101
13763,103
13765,103
13768,104
13770,105
13773,105
13775,108
13778,108
13780,110
13784,112
13786,115
13789,117
13791,120
13794,123
13796,126
13799,129
13801,133
13803,136
13806,139
13808,143
13811,145
13813,149
13816,152
13818,156
13821,159
13824,162
13827,165
13829,168
13832,172
13834,174
13837,177
13839,179
13842,181
13844,182
13847,183
13849,184
13852,185
13854,186
13857,186
13859,187
13862,187
13864,186
13867,186
13870,185
13872,185
13875,184
13877,183
13880,182
13882,182
13885,183
13887,181
13890,182
13892,183
13895,182
13897,183
13900,182
13902,183
13905,184
13907,185
13911,185
13913,186
13916,187
13918,188
13921,189
13923,191
13926,193
13928,193
13930,193
13933,196
13935,196
13938,195
13940,195
13943,194
13945,194
13948,194
13950,194
13954,195
13956,194
13959,195
13961,194
13964,196
13966,195
13969,196
13971,197
13974,198
13976,199
13979,199
13981,200
13984,202
13986,203
13989,204
13991,206
13993,208
13997,210
13999,213
14002,214
14004,216
14007,216
14009,218
14012,220
14014,221
14017,222
14019,224
14022,223
14024,225
14027,226
14029,227
14032,228
14034,230
14038,231
14040,232
14043,233
14045,233
14048,234
14050,234
14053,235
14055,235
14057,235
14060,236
14062,236
14065,236
14067,236
14070,236
14072,236
14075,235
14077,234
14081,235
14083,234
14086,234
14088,234
14091,233
14093,234
14096,233
14098,233
14101,233
14103,232
14106,233
14108,233
14111,233
14113,233
14116,233
14118,233
14120,233
14124,233
14126,233
14129,233
14131,233
14134,234
14136,233
14139,232
14141,232
14144,232
14146,232
14149,232
14151,231
14154,231
14156,231
14159,230
14161,229
14164,230
14167,230
14170,229
14172,229
14175,228
14177,229
14180,229
14182,227
14184,227
14187,227
14189,228
14192,226
14194,225
14197,226
14199,226
14202,226
14204,226
14208,226
14210,226
14213,224
14215,222
14218,221
14220,219
14223,219
14225,216
14228,215
14230,213
14233,212
14235,210
14238,208
14240,207
14243,206
14245,204
14247,203
14251,202
14253,202
14256,203
14258,203
14261,206
14263,207
14266,209
14268,211
14271,213
14273,216
14276,218
14278,220
14281,223
14283,224
14286,225
14288,226
14291,227
14294,228
14297,228
14299,230
14302,230
14304,230
14307,233
14309,233
14311,233
14314,234
14316,235
14319,235
14321,237
14324,239
14326,242
14329,243
14331,245
14334,246
14337,247
14340,248
14342,248
14345,248
14347,250
14350,251
14352,251
14355,252
14357,253
14360,253
14362,253
14365,255
14367,256
14370,255
14372,256
14374,256
14377,257
14380,258
14383,257
14385,257
14388,258
14390,258
14393,258
14395,258
14398,260
14400,260
14403,259
14405,260
14408,261
14410,261
14413,261
14415,262
14418,262
14420,263
14424,264
14426,265
14429,266
14431,267
14433,267
14436,267
14438,268
14441,269
14443,270
14446,270
14448,272
14451,272
14453,274
14456,274
14458,275
14461,277
14464,278
14467,279
14469,280
14472,281
14474,283
14477,283
14479,284
14482,286
14484,286
14487,287
14489,288
14492,290
14494,292
14496,293
14499,293
14501,295
14504,296
14507,298
14510,299
14512,299
14515,301
14517,302
14520,304
14522,304
14525,305
14527,307
14530,307
14532,308
14535,310
14537,310
14540,312
14542,312
14545,314
14547,314
14551,315
14553,315
14556,317
14558,317
14560,318
14563,320
14565,320
14568,321
14570,321
14573,323
14575,323
14578,323
14580,324
14583,324
14585,324
14588,326
14590,325
14594,326
14596,326
14599,327
14601,328
14604,328
14606,328
14609,328
14611,328
14614,329
14616,329
14619,329
14621,330
14623,329
14626,329
14628,330
14631,330
14633,329
14637,329
14639,330
14642,329
14644,329
14647,329
14649,330
14652,329
14654,329
14657,328
14659,327
14662,329
14664,328
14667,327
14669,327
14672,327
14674,328
14678,327
14680,327
14683,327
14685,326
14687,326
14690,326
14692,327
14695,327
14697,327
14700,327
14702,327
14705,327
14707,328
14710,327
14712,327
14715,329
14717,328
14721,327
14723,328
14726,328
14728,330
14731,329
14733,329
14736,329
14738,329
14741,329
14743,329
14746,329
14748,331
14750,330
14753,329
14755,330
14758,330
14760,332
14764,330
14766,331
14769,331
14771,331
14774,331
14776,331
14779,331
14781,332
14784,332
14786,332
14789,332
14791,331
14794,331
14796,332
14799,332
14801,332
14804,332
14807,332
14810,332
14812,332
14814,332
14817,332
14819,332
14822,333
14824,332
14827,333
14829,333
14832,333
14834,333
14837,334
14839,333
14842,333
14844,333
14848,333
14850,334
14853,333
14855,333
14858,334
14860,334
14863,335
14865,334
14868,335
14870,335
14873,334
14875,335
14877,334
14880,334
14882,336
14885,334
14887,335
14891,334
14893,334
14896,335
14898,334
14901,334
14903,335
14906,334
14908,334
14911,334
14913,334
14916,335
14918,334
14921,334
14923,335
14926,334
14928,334
14931,335
14934,334
14937,335
14939,334
14941,334
14944,334
14946,334
14949,335
14951,334
14954,334
14956,335
14959,334
14961,334
14964,335
14966,334
14969,335
14971,334
14974,334
14977,334
14980,335
14982,334
14985,335
14987,335
14990,334
14992,334
14995,334
14997,334
15000,334
15002,334
15004,333
15007,334
15009,334
15012,335
15014,334
15017,334
15020,334
15023,335
15025,334
15028,334
15030,334
15033,334
15035,334
15038,334
15040,334
15043,334
15045,335
15048,334
15050,335
15053,334
15055,334
15058,335
15060,334
15064,335
15066,334
15068,334
15071,334
15073,334
15076,334
15078,335
15081,334
15083,335
15086,334
15088,334
15091,335
15093,334
15096,334
15098,334
15101,334
15104,334
15107,334
15109,334
15112,334
15114,334
15117,334
15119,334
15122,333
15124,334
15127,334
15129,334
15131,334
15134,334
15136,334
15139,334
15141,334
15144,334
15147,334
15150,335
15152,334
15155,334
15157,335
15160,334
15162,334
15165,334
15167,335
15170,334
15172,334
15175,334
15177,334
15180,334
15182,334
15185,334
15187,333
15191,335
15193,334
15195,335
15198,335
15200,334
15203,333
15205,333
15208,333
15210,334
15213,333
15215,334
15218,334
15220,333
15223,334
15225,334
15228,333
15230,334
15234,335
15236,334
15239,334
15241,333
15244,334
15246,334
15249,334
15251,334
15254,333
15256,333
15258,334
15261,334
15263,335
15266,335
15268,334
15271,334
15273,334
15277,334
15279,334
15282,334
15284,334
15287,333
15289,334
15292,334
15294,334
15297,334
15299,334
15302,333
15304,334
15307,333
15309,334
15312,334
15314,334
15318,334
15320,334
15322,334
15325,334
15327,334
15330,334
15332,334
15335,334
15337,334
15340,334
15342,334
15345,334
15347,334
15350,334
15352,334
15355,334
15357,334
15361,333
15363,333
15366,334
15368,334
15371,334
15373,334
15376,334
15378,334
15381,334
15383,333
15385,334
15388,333
15390,334
15393,334
15395,334
15398,334
15400,334
15404,333
15406,333
15409,334
15411,334
15414,334
15416,334
15419,334
15421,333
15424,334
15426,334
15429,334
15431,334
15434,334
15436,334
15439,334
15441,334
15444,334
15447,334
15449,334
15452,334
15454,334
15457,333
15459,333
15462,333
15464,335
15467,334
15469,333
15472,334
15474,334
15477,334
15479,334
15482,334
15484,334
15488,334
15490,333
15493,334
15495,334
15498,336
15500,334
15503,333
15505,333
15508,334
15510,333
15512,333
15515,334
15517,334
15520,333
15522,333
15525,334
15527,334
15531,334
15533,334
15536,333
15538,334
15541,333
15543,334
15546,334
15548,334
15551,334
15553,333
15556,334
15558,334
15561,333
15563,334
15566,334
15568,333
15571,334
15574,333
15576,333
15579,334
15581,334
15584,333
15586,333
15589,333
15591,335
15594,333
15596,334
15599,335
15601,334
15604,334
15606,334
15609,333
15611,334
15614,334
15617,333
15620,334
15622,333
15625,333
15627,333
15630,334
15632,334
15635,333
15637,333
15639,334
15642,333
15644,334
15647,334
15649,333
15652,334
15654,333
15657,333
15660,333
15663,334
15665,334
15668,333
15670,333
15673,335
15675,333
15678,333
15680,334
15683,333
15685,334
15688,333
15690,333
15693,334
15695,334
15698,334
15700,335
15703,334
15706,335
15708,334
15711,333
15713,334
15716,333
15718,333
15721,333
15723,333
15726,333
15728,333
15731,334
15733,333
15736,333
15738,334
15741,333
15744,333
15747,334
15749,334
15752,333
15754,334
15757,333
15759,334
15762,333
15764,334
15766,334
15769,333
15771,334
15774,333
15776,333
15779,334
15781,334
15784,333
15787,334
15790,333
15792,333
15795,333
15797,333
15800,334
15802,333
15805,334
15807,333
15810,333
15812,333
15815,334
15817,333
15820,334
15822,333
15825,333
15827,334
15830,334
15833,334
15835,333
15838,333
15840,334
15843,333
15845,333
15848,334
15850,334
15853,334
15855,333
15858,333
15860,334
15863,334
15865,334
15868,333
15870,333
15874,333
15876,333
15879,333
15881,334
15884,334
15886,333
15889,333
15891,333
15893,334
15896,334
15898,334
15901,333
15903,333
15906,334
15908,334
15911,334
15913,335
15917,333
15919,333
15922,332
15924,333
15927,334
15929,333
15932,333
15934,333
15937,333
15939,333
15942,333
15944,333
15947,334
15949,334
15952,333
15954,333
15956,333
15960,334
15962,333
15965,334
15967,334
15970,333
15972,333
15975,333
15977,334
15980,334
15982,333
15985,333
15987,334
15990,333
15992,334
15995,333
15997,334
16001,335
16003,334
16006,334
16008,333
16011,333
16013,334
16016,333
16018,333
16020,334
16023,333
16025,333
16028,333
16030,333
16033,334
16035,334
16038,333
16040,334
16044,333
16046,334
16049,333
16051,333
16054,334
16056,333
16059,333
16061,334
16064,334
16066,334
16069,334
16071,333
16074,333
16076,333
16078,333
16081,333
16083,333
16087,334
16089,333
16092,333
16094,333
16097,333
16099,333
16102,334
16104,333
16107,333
16109,333
16112,333
16114,334
16117,333
16119,333
16122,333
16124,333
16128,333
16130,333
16133,333
16135,334
16137,333
16140,333
16142,333
16145,333
16147,334
16150,334
16152,333
16155,333
16157,333
16160,333
16162,333
16165,333
16167,334
16171,333
16173,333
16176,333
16178,334
16181,333
16183,334
16186,333
16188,333
16191,333
16193,333
16196,333
16198,333
16200,334
16203,333
16205,333
16208,333
16210,333
16214,333
16216,333
16219,332
16221,333
16224,333
16226,332
16229,333
16231,333
16234,334
16236,333
16239,333
16241,333
16244,334
16246,333
16249,333
16251,333
16254,333
16257,333
16260,333
16262,333
16264,334
16267,333
16269,333
16272,333
16274,333
16277,334
16279,333
16282,333
16284,333
16287,333
16289,333
16292,333
16294,333
16297,333
16300,333
16303,333
16305,333
16308,333
16310,334
16313,333
16315,333
16318,333
16320,333
16323,333
16325,333
16327,333
16330,333
16332,333
16335,333
16337,333
16340,333
16343,334
16346,333
16348,334
16351,333
16353,333
16356,333
16358,333
16361,333
16363,333
16366,333
16368,333
16371,332
16373,333
16376,333
16378,333
16381,334
16384,333
16387,333
16389,333
16391,333
16394,333
16396,333
16399,334
16401,333
16404,332
16406,333
16409,334
16411,333
16414,333
16416,333
16419,333
16421,333
16424,333
16427,332
16430,333
16432,334
16435,334
16437,333
16440,333
16442,333
16445,332
16447,333
16450,333
16452,333
16454,333
16457,333
16459,333
16462,334
16464,334
16467,333
16470,333
16473,333
16475,333
16478,333
16480,333
16483,334
16485,333
16488,333
16490,333
16493,333
16495,334
16498,334
16500,333
16503,333
16505,333
16508,333
16510,333
16514,333
16516,334
16518,333
16521,333
16523,333
16526,333
16528,333
16531,334
16533,333
16536,333
16538,333
16541,332
16543,333
16546,333
16548,334
16551,333
16553,333
16557,333
16559,333
16562,333
16564,334
16567,333
16569,333
16572,333
16574,333
16577,333
16579,333
16581,334
16584,333
16586,333
16589,333
16591,333
16594,333
16596,334
16600,333
16602,333
16605,333
16607,333
16610,333
16612,333
16615,333
16617,333
16620,333
16622,333
16625,333
16627,333
16630,334
16632,333
16635,333
16637,332
16641,333
16643,333
16645,333
16648,333
16650,333
16653,333
16655,333
16658,333
16660,333
16663,334
16665,333
16668,333
16670,332
16673,334
16675,333
16678,333
16680,333
16684,333
16686,333
16689,333
16691,332
16694,333
16696,333
16699,333
