time_ms,adc
100,1.08
101,1.08
103,1.08
104,1.08
106,1.08
107,1.08
109,1.08
110,1.08
112,1.08
114,1.08
115,1.08
117,1.08
118,1.08
120,1.08
121,1.08
123,1.08
125,1.08
126,1.07
129,1.08
130,1.08
132,1.08
133,1.07
135,1.08
136,1.08
138,1.08
140,1.07
141,1.08
143,1.08
144,1.08
146,1.08
147,1.08
149,1.08
151,1.07
152,1.07
154,1.07
155,1.08
157,1.08
158,1.07
160,1.08
161,1.08
163,1.08
165,1.08
166,1.08
168,1.08
169,1.07
172,1.08
173,1.08
175,1.08
177,1.08
178,1.08
180,1.08
181,1.08
183,1.07
184,1.07
186,1.08
187,1.07
189,1.08
191,1.08
192,1.07
194,1.07
195,1.08
197,1.08
198,1.08
200,1.08
202,1.08
203,1.07
205,1.07
206,1.07
208,1.07
209,1.08
211,1.08
212,1.08
215,1.08
217,1.07
218,1.08
220,1.08
221,1.08
223,1.08
224,1.07
226,1.07
228,1.07
229,1.08
231,1.08
232,1.08
234,1.08
235,1.08
237,1.08
238,1.08
240,1.08
242,1.08
243,1.08
245,1.08
246,1.08
248,1.08
249,1.08
251,1.08
253,1.08
254,1.07
257,1.08
258,1.08
260,1.07
261,1.07
263,1.08
264,1.07
266,1.08
268,1.08
269,1.07
271,1.07
272,1.08
274,1.07
275,1.07
277,1.08
279,1.08
280,1.07
282,1.08
283,1.08
285,1.07
286,1.08
288,1.08
289,1.07
291,1.07
293,1.07
294,1.08
296,1.08
297,1.08
300,1.08
301,1.07
303,1.08
305,1.07
306,1.08
308,1.08
309,1.07
311,1.08
312,1.08
314,1.08
316,1.08
317,1.08
319,1.08
320,1.07
322,1.08
323,1.08
325,1.07
326,1.08
328,1.08
330,1.08
331,1.08
333,1.08
334,1.08
336,1.07
337,1.07
339,1.08
342,1.08
343,1.07
345,1.08
346,1.08
348,1.08
349,1.08
351,1.08
352,1.07
354,1.08
356,1.08
357,1.07
359,1.08
360,1.08
362,1.08
363,1.08
365,1.08
367,1.08
368,1.08
370,1.07
371,1.08
373,1.08
374,1.07
376,1.08
377,1.07
379,1.08
381,1.08
382,1.08
385,1.08
386,1.07
388,1.08
389,1.08
391,1.08
393,1.07
394,1.08
396,1.08
397,1.08
399,1.08
400,1.08
402,1.07
403,1.07
405,1.07
407,1.08
408,1.08
410,1.08
411,1.08
413,1.08
414,1.08
416,1.08
418,1.08
419,1.07
421,1.08
422,1.08
424,1.08
425,1.08
428,1.08
429,1.08
431,1.08
433,1.08
434,1.08
436,1.08
437,1.08
439,1.08
440,1.08
442,1.08
444,1.08
445,1.08
447,1.07
448,1.08
450,1.07
451,1.07
453,1.08
454,1.08
456,1.07
458,1.08
459,1.07
461,1.08
462,1.08
464,1.08
465,1.08
467,1.07
470,1.07
471,1.08
473,1.07
474,1.07
476,1.07
477,1.07
479,1.08
480,1.08
482,1.08
484,1.07
485,1.07
487,1.08
488,1.07
490,1.07
491,1.07
493,1.07
495,1.07
496,1.08
498,1.08
499,1.08
501,1.07
502,1.07
504,1.07
505,1.07
507,1.07
509,1.08
510,1.07
513,1.08
514,1.08
516,1.07
517,1.07
519,1.07
521,1.08
522,1.07
524,1.07
525,1.07
527,1.07
528,1.08
530,1.08
532,1.07
533,1.07
535,1.07
536,1.08
538,1.08
539,1.07
541,1.08
542,1.07
544,1.08
546,1.08
547,1.08
549,1.07
550,1.07
552,1.07
553,1.07
556,1.08
558,1.08
559,1.07
561,1.07
562,1.08
564,1.08
565,1.08
567,1.08
568,1.07
570,1.07
572,1.07
573,1.08
575,1.08
576,1.07
578,1.08
579,1.08
581,1.08
583,1.08
584,1.08
586,1.08
587,1.07
589,1.07
590,1.07
592,1.07
593,1.08
595,1.08
598,1.08
599,1.08
601,1.07
602,1.08
604,1.07
605,1.08
607,1.08
609,1.07
610,1.08
612,1.08
613,1.08
615,1.08
616,1.07
618,1.08
619,1.07
621,1.08
623,1.07
624,1.07
626,1.07
627,1.08
629,1.08
630,1.08
632,1.07
634,1.07
635,1.07
637,1.07
638,1.08
641,1.08
642,1.07
644,1.07
646,1.07
647,1.08
649,1.08
650,1.08
652,1.08
653,1.08
655,1.08
656,1.07
658,1.07
660,1.07
661,1.08
663,1.07
664,1.08
666,1.07
667,1.08
669,1.07
671,1.07
672,1.08
674,1.07
675,1.08
677,1.07
678,1.08
680,1.08
681,1.08
684,1.08
686,1.08
687,1.07
689,1.07
690,1.07
692,1.08
693,1.07
695,1.08
697,1.08
698,1.08
700,1.08
701,1.07
703,1.07
704,1.08
706,1.08
707,1.07
709,1.08
711,1.08
712,1.08
714,1.07
715,1.08
717,1.07
718,1.07
720,1.08
722,1.07
723,1.07
726,1.08
727,1.07
729,1.08
730,1.08
732,1.08
733,1.08
735,1.07
737,1.08
738,1.08
740,1.07
741,1.08
743,1.07
744,1.08
746,1.07
748,1.08
749,1.08
751,1.07
752,1.07
754,1.07
755,1.07
757,1.08
758,1.07
760,1.08
762,1.08
763,1.08
765,1.08
766,1.08
769,1.08
770,1.07
772,1.08
774,1.08
775,1.08
777,1.07
778,1.08
780,1.08
781,1.08
783,1.08
784,1.07
786,1.08
788,1.08
789,1.07
791,1.07
792,1.08
794,1.08
795,1.07
797,1.08
799,1.08
800,1.07
802,1.07
803,1.07
805,1.08
806,1.08
808,1.07
809,1.08
812,1.07
814,1.08
815,1.08
817,1.07
818,1.08
820,1.07
821,1.07
823,1.08
825,1.08
826,1.08
828,1.07
829,1.08
831,1.08
832,1.07
834,1.07
835,1.08
837,1.08
839,1.07
840,1.07
842,1.07
843,1.08
845,1.08
846,1.08
848,1.08
850,1.08
851,1.08
854,1.07
855,1.08
857,1.07
858,1.07
860,1.08
861,1.07
863,1.08
865,1.08
866,1.08
868,1.08
869,1.08
871,1.08
872,1.07
874,1.07
876,1.07
877,1.08
879,1.08
880,1.08
882,1.08
883,1.07
885,1.07
886,1.08
888,1.08
890,1.07
891,1.08
893,1.07
894,1.08
897,1.08
898,1.08
900,1.08
902,1.07
903,1.08
905,1.08
906,1.07
908,1.08
909,1.07
911,1.08
913,1.08
914,1.08
916,1.08
917,1.08
919,1.07
920,1.07
922,1.08
923,1.08
925,1.08
927,1.07
928,1.08
930,1.08
931,1.08
933,1.08
934,1.07
936,1.07
939,1.07
940,1.07
942,1.08
943,1.08
945,1.08
946,1.07
948,1.08
949,1.07
951,1.08
953,1.07
954,1.08
956,1.08
957,1.08
959,1.07
960,1.07
962,1.08
964,1.08
965,1.07
967,1.07
968,1.08
970,1.08
971,1.07
973,1.07
974,1.07
976,1.08
978,1.08
979,1.08
982,1.07
983,1.07
985,1.07
986,1.07
988,1.07
990,1.07
991,1.08
993,1.07
994,1.07
996,1.08
997,1.08
999,1.08
1000,1.07
1002,1.08
1004,1.07
1005,1.07
1007,1.08
1009,1.07
1010,1.07
1012,1.08
1013,1.08
1015,1.08
1017,1.07
1018,1.08
1020,1.07
1021,1.07
1024,1.08
1026,1.08
1027,1.07
1029,1.08
1030,1.07
1032,1.08
1034,1.08
1035,1.08
1037,1.08
1038,1.07
1040,1.08
1042,1.07
1043,1.08
1045,1.08
1046,1.07
1048,1.08
1050,1.07
1051,1.07
1053,1.07
1054,1.07
1056,1.08
1058,1.07
1059,1.07
1061,1.07
1062,1.07
1064,1.08
1067,1.07
1068,1.08
1070,1.07
1072,1.07
1073,1.08
1075,1.07
1076,1.07
1078,1.08
1080,1.07
1081,1.08
1083,1.07
1084,1.07
1086,1.08
1088,1.07
1089,1.08
1091,1.07
1092,1.07
1094,1.08
1096,1.08
1097,1.08
1099,1.07
1100,1.08
1102,1.07
1104,1.08
1105,1.07
1107,1.07
1108,1.07
1111,1.07
1113,1.08
1114,1.08
1116,1.07
1117,1.07
1119,1.07
1121,1.08
1122,1.08
1124,1.07
1126,1.08
1127,1.08
1129,1.07
1130,1.08
1132,1.07
1134,1.08
1135,1.07
1137,1.07
1138,1.07
1140,1.07
1142,1.08
1143,1.08
1145,1.08
1146,1.08
1148,1.08
1150,1.08
1152,1.07
1154,1.07
1155,1.07
1157,1.07
1159,1.08
1160,1.08
1162,1.08
1163,1.08
1165,1.07
1167,1.08
1168,1.07
1170,1.08
1171,1.07
1173,1.07
1175,1.08
1176,1.07
1178,1.08
1179,1.07
1181,1.08
1183,1.08
1184,1.07
1186,1.07
1188,1.08
1189,1.07
1191,1.08
1192,1.07
1195,1.08
1197,1.08
1198,1.08
1200,1.08
1201,1.07
1203,1.08
1205,1.07
1206,1.07
1208,1.08
1209,1.07
1211,1.08
1213,1.07
1214,1.08
1216,1.08
1217,1.07
1219,1.07
1221,1.08
1222,1.07
1224,1.08
1225,1.08
1227,1.08
1229,1.07
1230,1.07
1232,1.08
1233,1.08
1235,1.08
1238,1.07
1239,1.08
1241,1.08
1243,1.07
1244,1.08
1246,1.07
1247,1.08
1249,1.08
1251,1.07
1252,1.08
1254,1.08
1255,1.07
1257,1.08
1259,1.07
1260,1.07
1262,1.08
1263,1.08
1265,1.08
1267,1.07
1268,1.07
1270,1.07
1271,1.07
1273,1.07
1275,1.07
1276,1.07
1278,1.08
1280,1.07
1282,1.08
1284,1.08
1285,1.07
1287,1.08
1288,1.08
1290,1.07
1292,1.07
1293,1.07
1295,1.08
1296,1.08
1298,1.08
1300,1.08
1301,1.07
1303,1.07
1305,1.07
1306,1.07
1308,1.08
1309,1.08
1311,1.08
1313,1.08
1314,1.08
1316,1.08
1317,1.08
1319,1.08
1321,1.07
1323,1.07
1325,1.07
1326,1.08
1328,1.08
1330,1.07
1331,1.08
1333,1.08
1334,1.08
1336,1.07
1338,1.07
1339,1.07
1341,1.07
1342,1.08
1344,1.08
1346,1.08
1347,1.08
1349,1.08
1350,1.08
1352,1.08
1354,1.07
1355,1.07
1357,1.08
1359,1.07
1360,1.07
1362,1.08
1363,1.08
1366,1.08
1368,1.08
1369,1.07
1371,1.07
1372,1.07
1374,1.07
1376,1.08
1377,1.08
1379,1.08
1380,1.07
1382,1.07
1384,1.08
1385,1.08
1387,1.07
1388,1.08
1390,1.07
1392,1.08
1393,1.08
1395,1.07
1396,1.07
1398,1.08
1400,1.08
1401,1.07
1403,1.07
1404,1.08
1406,1.07
1409,1.08
1410,1.07
1412,1.08
1413,1.08
1415,1.07
1417,1.08
1418,1.08
1420,1.07
1422,1.07
1423,1.07
1425,1.08
1426,1.08
1428,1.08
1430,1.08
1431,1.07
1433,1.08
1434,1.07
1436,1.07
1438,1.07
1439,1.07
1441,1.08
1442,1.07
1444,1.08
1446,1.08
1447,1.07
1449,1.08
1451,1.08
1453,1.07
1455,1.07
1456,1.07
1458,1.08
1459,1.07
1461,1.08
1463,1.08
1464,1.07
1466,1.08
1467,1.07
1469,1.07
1471,1.07
1472,1.08
1474,1.08
1476,1.07
1477,1.08
1479,1.08
1480,1.07
1482,1.08
1484,1.08
1485,1.07
1487,1.07
1488,1.07
1490,1.07
1492,1.07
1494,1.08
1496,1.08
1497,1.08
1499,1.08
1501,1.07
1502,1.08
1504,1.08
1505,1.08
1507,1.08
1509,1.07
1510,1.08
1512,1.07
1513,1.08
1515,1.08
1517,1.08
1518,1.08
1520,1.07
1521,1.07
1523,1.07
1525,1.07
1526,1.08
1528,1.07
1529,1.08
1531,1.08
1533,1.07
1534,1.08
1537,1.07
1539,1.08
1540,1.08
1542,1.07
1543,1.08
1545,1.08
1547,1.07
1548,1.08
1550,1.07
1551,1.08
1553,1.07
1555,1.08
1556,1.08
1558,1.07
1559,1.08
1561,1.08
1563,1.07
1564,1.08
1566,1.08
1567,1.08
1569,1.07
1571,1.08
1572,1.08
1574,1.07
1575,1.08
1577,1.08
1580,1.08
1581,1.07
1583,1.08
1584,1.08
1586,1.07
1588,1.07
1589,1.07
1591,1.07
1593,1.08
1594,1.08
1596,1.08
1597,1.08
1599,1.07
1601,1.08
1602,1.07
1604,1.08
1605,1.08
1607,1.07
1609,1.08
1610,1.07
1612,1.08
1613,1.07
1615,1.08
1617,1.08
1618,1.07
1620,1.07
1622,1.07
1624,1.07
1626,1.08
1627,1.08
1629,1.08
1630,1.08
1632,1.08
1634,1.08
1635,1.07
1637,1.08
1638,1.08
1640,1.07
1642,1.08
1643,1.07
1645,1.08
1646,1.08
1648,1.08
1650,1.08
1651,1.07
1653,1.08
1655,1.07
1656,1.07
1658,1.08
1659,1.08
1661,1.07
1664,1.07
1665,1.08
1667,1.08
1668,1.07
1670,1.07
1672,1.07
1673,1.07
1675,1.07
1676,1.07
1678,1.08
1680,1.08
1681,1.08
1683,1.07
1684,1.08
1686,1.08
1688,1.08
1689,1.08
1691,1.08
1692,1.08
1694,1.08
1696,1.08
1697,1.08
1699,1.07
1700,1.07
1702,1.08
1704,1.08
1705,1.07
1708,1.07
1709,1.08
1711,1.08
1713,1.07
1714,1.08
1716,1.07
1718,1.07
1719,1.08
1721,1.08
1722,1.08
1724,1.07
1726,1.08
1727,1.08
1729,1.08
1730,1.08
1732,1.08
1734,1.07
1735,1.08
1737,1.08
1738,1.08
1740,1.08
1742,1.08
1743,1.08
1745,1.07
1746,1.08
1748,1.08
1751,1.08
1752,1.08
1754,1.07
1755,1.07
1757,1.07
1759,1.08
1760,1.08
1762,1.08
1763,1.08
1765,1.08
1767,1.07
1768,1.08
1770,1.08
1772,1.08
1773,1.07
1775,1.07
1776,1.08
1778,1.08
1780,1.08
1781,1.07
1783,1.07
1784,1.08
1786,1.07
1788,1.08
1789,1.08
1792,1.08
1793,1.08
1795,1.08
1797,1.08
1798,1.08
1800,1.08
1801,1.08
1803,1.08
1805,1.07
1806,1.07
1808,1.07
1809,1.08
1811,1.08
1813,1.07
1814,1.08
1816,1.07
1817,1.08
1819,1.07
1821,1.07
1822,1.08
1824,1.08
1825,1.08
1827,1.07
1829,1.08
1830,1.08
1832,1.07
1835,1.08
1836,1.08
1838,1.07
1839,1.07
1841,1.07
1843,1.08
1844,1.08
1846,1.07
1847,1.08
1849,1.07
1851,1.07
1852,1.07
1854,1.07
1855,1.07
1857,1.08
1859,1.07
1860,1.07
1862,1.08
1863,1.08
1865,1.08
1867,1.08
1868,1.07
1870,1.07
1871,1.07
1873,1.07
1875,1.08
1876,1.08
1879,1.08
1880,1.08
1882,1.08
1884,1.07
1885,1.07
1887,1.08
1889,1.08
1890,1.08
1892,1.08
1893,1.08
1895,1.08
1897,1.08
1898,1.08
1900,1.08
1901,1.08
1903,1.08
1905,1.07
1906,1.07
1908,1.08
1909,1.08
1911,1.08
1913,1.08
1914,1.08
1916,1.07
1917,1.08
1920,1.08
1922,1.07
1923,1.08
1925,1.07
1926,1.08
1928,1.08
1930,1.07
1931,1.08
1933,1.08
1934,1.08
1936,1.08
1938,1.08
1939,1.07
1941,1.07
1942,1.07
1944,1.08
1946,1.08
1947,1.07
1949,1.07
1951,1.07
1952,1.08
1954,1.07
1955,1.08
1957,1.08
1959,1.07
1960,1.08
1963,1.07
1964,1.08
1966,1.08
1968,1.08
1969,1.08
1971,1.08
1972,1.07
1974,1.08
1976,1.07
1977,1.08
1979,1.08
1980,1.08
1982,1.07
1984,1.07
1985,1.08
1987,1.07
1988,1.08
1990,1.07
1992,1.07
1993,1.08
1995,1.08
1996,1.08
1998,1.08
2000,1.08
2001,1.08
2003,1.07
2006,1.08
2007,1.07
2009,1.07
2010,1.08
2012,1.07
2014,1.08
2015,1.07
2017,1.08
2018,1.08
2020,1.07
2022,1.08
2023,1.07
2025,1.08
2026,1.08
2028,1.08
2030,1.08
2031,1.08
2033,1.07
2034,1.07
2036,1.08
2038,1.07
2039,1.07
2041,1.07
2042,1.08
2044,1.08
2046,1.07
2048,1.07
2050,1.08
2051,1.07
2053,1.07
2055,1.08
2056,1.07
2058,1.07
2059,1.08
2061,1.08
2063,1.08
2064,1.08
2066,1.07
2068,1.08
2069,1.07
2071,1.08
2072,1.07
2074,1.07
2076,1.08
2077,1.08
2079,1.08
2080,1.08
2082,1.07
2084,1.07
2085,1.08
2087,1.08
2088,1.07
2091,1.08
2093,1.07
2094,1.08
2096,1.08
2097,1.08
2099,1.08
2101,1.07
2102,1.08
2104,1.08
2105,1.08
2107,1.08
2109,1.07
2110,1.07
2112,1.08
2113,1.07
2115,1.07
2117,1.07
2118,1.07
2120,1.08
2122,1.07
2123,1.08
2125,1.08
2126,1.07
2128,1.08
2130,1.08
2131,1.08
2134,1.07
2135,1.08
2137,1.08
2139,1.07
2140,1.07
2142,1.08
2143,1.08
2145,1.08
2147,1.08
2148,1.07
2150,1.07
2151,1.08
2153,1.08
2155,1.07
2156,1.07
2158,1.07
2159,1.07
2161,1.08
2163,1.08
2164,1.08
2166,1.08
2167,1.07
2169,1.08
2171,1.07
2172,1.07
2174,1.08
2176,1.08
2178,1.08
2180,1.08
2181,1.08
2183,1.07
2185,1.08
2186,1.08
2188,1.08
2189,1.07
2191,1.07
2193,1.07
2194,1.08
2196,1.07
2197,1.08
2199,1.07
2201,1.07
2202,1.08
2204,1.08
2205,1.08
2207,1.08
2209,1.08
2210,1.08
2212,1.08
2213,1.07
2215,1.08
2217,1.07
2219,1.08
2221,1.07
2222,1.07
2224,1.07
2226,1.07
2227,1.08
2229,1.08
2230,1.07
2232,1.07
2234,1.07
2235,1.07
2237,1.07
2239,1.07
2240,1.08
2242,1.07
2243,1.08
2245,1.08
2247,1.08
2248,1.08
2250,1.08
2251,1.07
2253,1.07
2255,1.08
2256,1.07
2258,1.07
2259,1.08
2262,1.08
2264,1.08
2265,1.08
2267,1.07
2268,1.07
2270,1.08
2272,1.08
2273,1.08
2275,1.07
2276,1.07
2278,1.08
2280,1.08
2281,1.08
2283,1.07
2284,1.07
2286,1.07
2288,1.08
2289,1.07
2291,1.07
2292,1.08
2294,1.07
2296,1.08
2297,1.07
2299,1.08
2301,1.08
2302,1.07
2305,1.08
2306,1.08
2308,1.08
2310,1.08
2311,1.08
2313,1.08
2314,1.07
2316,1.07
2318,1.07
2319,1.08
2321,1.08
2322,1.07
2324,1.07
2326,1.07
2327,1.07
2329,1.08
2330,1.08
2332,1.07
2334,1.07
2335,1.07
2337,1.08
2338,1.08
2340,1.07
2342,1.07
2343,1.07
2345,1.08
2347,1.07
2349,1.07
2351,1.07
2352,1.07
2354,1.08
2356,1.07
2357,1.07
2359,1.08
2360,1.07
2362,1.08
2364,1.07
2365,1.08
2367,1.08
2368,1.07
2370,1.08
2372,1.08
2373,1.07
2375,1.08
2376,1.08
2378,1.08
2380,1.08
2381,1.08
2383,1.07
2384,1.08
2386,1.08
2388,1.07
2390,1.07
2392,1.07
2393,1.08
2395,1.08
2397,1.08
2398,1.07
2400,1.07
2401,1.07
2403,1.08
2405,1.08
2406,1.07
2408,1.07
2409,1.08
2411,1.08
2413,1.08
2414,1.07
2416,1.07
2418,1.07
2419,1.07
2421,1.07
2422,1.08
2424,1.07
2426,1.08
2427,1.08
2429,1.08
2430,1.07
2433,1.07
2435,1.07
2436,1.07
2438,1.08
2439,1.08
2441,1.07
2443,1.07
2444,1.07
2446,1.07
2447,1.08
2449,1.07
2451,1.07
2452,1.07
2454,1.07
2455,1.08
2457,1.07
2459,1.07
2460,1.08
2462,1.08
2463,1.08
2465,1.07
2467,1.07
2468,1.08
2470,1.08
2472,1.08
2473,1.08
2476,1.08
2477,1.08
2479,1.08
2481,1.08
2482,1.08
2484,1.07
2485,1.07
2487,1.07
2489,1.08
2490,1.07
2492,1.07
2493,1.08
2495,1.08
2497,1.08
2498,1.08
2500,1.08
2501,1.08
2503,1.07
2505,1.08
2506,1.07
2508,1.08
2509,1.08
2511,1.08
2513,1.08
2514,1.08
2516,1.08
2518,1.07
2520,1.07
2522,1.08
2523,1.07
2525,1.08
2526,1.08
2528,1.07
2530,1.08
2531,1.07
2533,1.08
2535,1.07
2536,1.08
2538,1.07
2539,1.07
2541,1.07
2543,1.07
2544,1.07
2546,1.08
2547,1.08
2549,1.07
2551,1.07
2552,1.07
2554,1.08
2555,1.07
2557,1.07
2560,1.08
2561,1.08
2563,1.08
2564,1.07
2566,1.08
2568,1.08
2569,1.08
2571,1.08
2572,1.07
2574,1.08
2576,1.08
2577,1.08
2579,1.08
2580,1.08
2582,1.07
2584,1.07
2585,1.07
2587,1.08
2589,1.07
2590,1.07
2592,1.08
2593,1.08
2595,1.08
2597,1.07
2598,1.07
2600,1.08
2601,1.08
2604,1.07
2606,1.08
2607,1.07
2609,1.07
2610,1.07
2612,1.08
2614,1.08
2615,1.08
2617,1.07
2618,1.08
2620,1.07
2622,1.07
2623,1.08
2625,1.07
2626,1.07
2628,1.07
2630,1.08
2631,1.08
2633,1.07
2634,1.07
2636,1.07
2638,1.07
2639,1.08
2641,1.07
2642,1.07
2644,1.07
2647,1.08
2648,1.08
2650,1.07
2652,1.07
2653,1.07
2655,1.07
2656,1.07
2658,1.08
2660,1.07
2661,1.07
2663,1.07
2664,1.07
2666,1.07
2668,1.07
2669,1.07
2671,1.07
2672,1.08
2674,1.08
2676,1.07
2677,1.08
2679,1.08
2680,1.08
2682,1.07
2684,1.07
2685,1.07
2688,1.07
2689,1.07
2691,1.07
2693,1.07
2694,1.07
2696,1.07
2697,1.08
2699,1.07
2701,1.07
2702,1.07
2704,1.07
2706,1.08
2707,1.07
2709,1.07
2710,1.07
2712,1.08
2714,1.08
2715,1.08
2717,1.07
2718,1.07
2720,1.07
2722,1.08
2723,1.07
2725,1.07
2726,1.07
2728,1.07
2731,1.08
2732,1.07
2734,1.07
2735,1.07
2737,1.07
2739,1.08
2740,1.07
2742,1.07
2743,1.07
2745,1.08
2747,1.08
2748,1.07
2750,1.07
2751,1.07
2753,1.07
2755,1.08
2756,1.07
2758,1.07
2759,1.07
2761,1.07
2763,1.08
2764,1.07
2766,1.07
2768,1.07
2769,1.07
2771,1.07
2772,1.07
2775,1.07
2777,1.07
2778,1.08
2780,1.08
2781,1.07
2783,1.07
2785,1.07
2786,1.07
2788,1.07
2789,1.07
2791,1.07
2793,1.07
2794,1.07
2796,1.08
2797,1.07
2799,1.07
2801,1.07
2802,1.07
2804,1.07
2805,1.07
2807,1.07
2809,1.07
2810,1.08
2812,1.07
2813,1.07
2816,1.08
2818,1.07
2819,1.08
2821,1.07
2823,1.08
2824,1.08
2826,1.07
2827,1.07
2829,1.07
2831,1.07
2832,1.08
2834,1.07
2835,1.07
2837,1.07
2839,1.07
2840,1.08
2842,1.07
2843,1.08
2845,1.07
2847,1.07
2848,1.08
2850,1.07
2851,1.07
2853,1.07
2855,1.07
2856,1.08
2859,1.07
2860,1.07
2862,1.07
2864,1.07
2865,1.08
2867,1.08
2868,1.07
2870,1.07
2872,1.07
2873,1.08
2875,1.08
2876,1.08
2878,1.07
2880,1.07
2881,1.08
2883,1.07
2885,1.07
2886,1.07
2888,1.07
2889,1.08
2891,1.07
2893,1.07
2894,1.07
2896,1.08
2897,1.08
2899,1.07
2902,1.07
2903,1.07
2905,1.07
2906,1.08
2908,1.07
2910,1.08
2911,1.08
2913,1.07
2914,1.07
2916,1.07
2918,1.07
2919,1.07
2921,1.07
2922,1.08
2924,1.07
2926,1.08
2927,1.07
2929,1.08
2930,1.08
2932,1.07
2934,1.07
2935,1.07
2937,1.07
2939,1.08
2940,1.08
2942,1.08
2944,1.07
2946,1.07
2948,1.08
2949,1.07
2951,1.07
2952,1.07
2954,1.07
2956,1.07
2957,1.07
2959,1.07
2960,1.07
2962,1.07
2964,1.08
2965,1.08
2967,1.07
2968,1.07
2970,1.07
2972,1.08
2973,1.07
2975,1.07
2976,1.07
2978,1.07
2980,1.07
2981,1.07
2983,1.07
2984,1.07
2987,1.07
2989,1.07
2990,1.07
2992,1.08
2993,1.07
2995,1.08
2997,1.08
2998,1.08
3000,1.07
3002,1.07
3003,1.07
3005,1.07
3006,1.07
3008,1.08
3010,1.07
3011,1.07
3013,1.08
3014,1.07
3016,1.07
3018,1.07
3019,1.07
3021,1.08
3022,1.07
3024,1.08
3026,1.07
3027,1.08
3030,1.07
3031,1.08
3033,1.08
3035,1.07
3036,1.07
3038,1.07
3039,1.07
3041,1.08
3043,1.07
3044,1.07
3046,1.07
3047,1.07
3049,1.07
3051,1.07
3052,1.07
3054,1.07
3056,1.07
3057,1.08
3059,1.07
3060,1.07
3062,1.08
3064,1.08
3065,1.08
3067,1.07
3068,1.07
3070,1.07
3073,1.07
3074,1.08
3076,1.07
3077,1.07
3079,1.07
3081,1.07
3082,1.08
3084,1.07
3085,1.07
3087,1.07
3089,1.07
3090,1.08
3092,1.07
3093,1.07
3095,1.08
3097,1.08
3098,1.08
3100,1.07
3101,1.07
3103,1.07
3105,1.07
3106,1.08
3108,1.07
3109,1.08
3111,1.07
3113,1.07
3115,1.08
3117,1.07
3119,1.07
3120,1.08
3122,1.07
3123,1.08
3125,1.08
3127,1.07
3128,1.08
3130,1.08
3131,1.08
3133,1.07
3135,1.07
3136,1.07
3138,1.07
3139,1.08
3141,1.07
3143,1.08
3144,1.07
3146,1.07
3147,1.08
3149,1.07
3151,1.07
3152,1.07
3154,1.07
3155,1.07
3158,1.07
3160,1.07
3161,1.08
3163,1.08
3164,1.08
3166,1.07
3168,1.07
3169,1.07
3171,1.07
3173,1.07
3174,1.07
3176,1.07
3177,1.07
3179,1.07
3181,1.07
3182,1.07
3184,1.08
3185,1.07
3187,1.07
3189,1.07
3190,1.07
3192,1.08
3193,1.08
3195,1.08
3197,1.08
3198,1.07
3201,1.08
3202,1.07
3204,1.07
3206,1.07
3207,1.07
3209,1.08
3210,1.07
3212,1.08
3214,1.07
3215,1.07
3217,1.08
3218,1.07
3220,1.07
3222,1.07
3223,1.07
3225,1.08
3226,1.08
3228,1.08
3230,1.07
3231,1.07
3233,1.08
3235,1.07
3236,1.07
3238,1.07
3239,1.07
3241,1.08
3244,1.07
3245,1.07
3247,1.07
3248,1.07
3250,1.08
3252,1.07
3253,1.07
3255,1.07
3256,1.07
3258,1.08
3260,1.08
3261,1.07
3263,1.07
3264,1.07
3266,1.08
3268,1.07
3269,1.07
3271,1.07
3272,1.07
3274,1.08
3276,1.07
3277,1.07
3279,1.07
3280,1.07
3282,1.08
3284,1.07
3286,1.07
3288,1.07
3290,1.07
3291,1.08
3293,1.08
3294,1.07
3296,1.07
3298,1.07
3299,1.08
3301,1.07
3302,1.07
3304,1.07
3306,1.08
3307,1.07
3309,1.07
3310,1.07
3312,1.08
3314,1.07
3315,1.08
3317,1.07
3318,1.07
3320,1.07
3322,1.07
3323,1.07
3325,1.08
3326,1.08
3329,1.08
3331,1.08
3332,1.08
3334,1.07
3335,1.07
3337,1.07
3339,1.07
3340,1.08
3342,1.07
3343,1.08
3345,1.08
3347,1.07
3348,1.08
3350,1.07
3352,1.07
3353,1.08
3355,1.07
3356,1.07
3358,1.08
3360,1.08
3361,1.07
3363,1.07
3364,1.07
3366,1.07
3368,1.07
3369,1.08
3372,1.07
3373,1.08
3375,1.08
3377,1.08
3378,1.08
3380,1.07
3381,1.08
3383,1.07
3385,1.07
3386,1.07
3388,1.07
3389,1.07
3391,1.07
3393,1.08
3394,1.07
3396,1.07
3397,1.07
3399,1.07
3401,1.07
3402,1.07
3404,1.07
3406,1.07
3407,1.07
3409,1.07
3410,1.08
3412,1.07
3415,1.08
3416,1.07
3418,1.07
3419,1.07
3421,1.07
3423,1.07
3424,1.08
3426,1.08
3427,1.07
3429,1.07
3431,1.08
3432,1.07
3434,1.08
3435,1.08
3437,1.07
3439,1.07
3440,1.07
3442,1.08
3443,1.08
3445,1.07
3447,1.08
3448,1.07
3450,1.07
3451,1.07
3453,1.07
3456,1.08
3457,1.07
3459,1.07
3460,1.08
3462,1.08
3464,1.08
3465,1.07
3467,1.08
3469,1.08
3470,1.07
3472,1.08
3473,1.07
3475,1.08
3477,1.07
3478,1.08
3480,1.08
3481,1.08
3483,1.08
3485,1.07
3486,1.07
3488,1.08
3489,1.08
3491,1.08
3493,1.08
3494,1.08
3496,1.08
3497,1.08
3500,1.08
3502,1.08
3503,1.07
3505,1.08
3506,1.07
3508,1.08
3510,1.08
3511,1.08
3513,1.08
3514,1.08
3516,1.08
3518,1.08
3519,1.08
3521,1.07
3523,1.07
3524,1.08
3526,1.07
3527,1.08
3529,1.08
3531,1.08
3532,1.08
3534,1.08
3535,1.07
3537,1.08
3539,1.07
3540,1.08
3543,1.07
3544,1.07
3546,1.08
3548,1.07
3549,1.08
3551,1.07
3552,1.07
3554,1.07
3556,1.07
3557,1.08
3559,1.08
3560,1.08
3562,1.07
3564,1.07
3565,1.08
3567,1.08
3568,1.08
3570,1.07
3572,1.07
3573,1.08
3575,1.07
3576,1.08
3578,1.08
3580,1.07
3581,1.08
3584,1.07
3586,1.08
3587,1.07
3589,1.07
3590,1.08
3592,1.07
3594,1.08
3595,1.08
3597,1.07
3598,1.08
3600,1.08
3602,1.08
3603,1.07
3605,1.07
3606,1.08
3608,1.07
3610,1.08
3611,1.08
3613,1.07
3614,1.08
3616,1.08
3618,1.08
3619,1.07
3621,1.07
3622,1.08
3624,1.07
3627,1.08
3628,1.08
3630,1.07
3631,1.07
3633,1.08
3635,1.08
3636,1.07
3638,1.08
3640,1.08
3641,1.08
3643,1.08
3644,1.08
3646,1.08
3648,1.07
3649,1.07
3651,1.08
3652,1.07
3654,1.07
3656,1.08
3657,1.07
3659,1.08
3660,1.07
3662,1.08
3664,1.08
3665,1.08
3667,1.08
3668,1.07
3671,1.08
3673,1.08
3674,1.07
3676,1.08
3677,1.07
3679,1.08
3681,1.08
3682,1.07
3684,1.08
3685,1.07
3687,1.07
3689,1.08
3690,1.08
3692,1.08
3693,1.08
3695,1.08
3697,1.08
3698,1.08
3700,1.08
3702,1.08
3703,1.07
3705,1.07
3706,1.08
3708,1.08
3710,1.07
3712,1.07
3714,1.08
3715,1.07
3717,1.08
3719,1.07
3720,1.08
3722,1.08
3723,1.08
3725,1.08
3727,1.08
3728,1.08
3730,1.08
3731,1.08
3733,1.08
3735,1.08
3736,1.07
3738,1.08
3739,1.08
3741,1.08
3743,1.08
3744,1.08
3746,1.08
3747,1.07
3749,1.07
3751,1.07
3752,1.08
3755,1.08
3757,1.07
3758,1.08
3760,1.08
3761,1.08
3763,1.07
3765,1.08
3766,1.08
3768,1.08
3769,1.08
3771,1.07
3773,1.07
3774,1.08
3776,1.08
3777,1.08
3779,1.08
3781,1.08
3782,1.08
3784,1.07
3785,1.08
3787,1.08
3789,1.07
3790,1.08
3792,1.08
3793,1.08
3795,1.08
3798,1.08
3799,1.08
3801,1.08
3802,1.08
3804,1.08
3806,1.08
3807,1.08
3809,1.08
3810,1.08
3812,1.08
3814,1.07
3815,1.08
3817,1.08
3819,1.08
3820,1.08
3822,1.07
3823,1.08
3825,1.08
3827,1.08
3828,1.08
3830,1.08
3831,1.07
3833,1.07
3835,1.08
3836,1.08
3838,1.08
3840,1.08
3842,1.08
3844,1.08
3845,1.08
3847,1.08
3848,1.08
3850,1.07
3852,1.07
3853,1.08
3855,1.07
3856,1.07
3858,1.07
3860,1.08
3861,1.07
3863,1.08
3864,1.07
3866,1.07
3868,1.08
3869,1.07
3871,1.07
3873,1.07
3874,1.08
3876,1.08
3877,1.07
3879,1.07
3881,1.08
3883,1.07
3885,1.08
3886,1.08
3888,1.07
3890,1.07
3891,1.08
3893,1.08
3894,1.08
3896,1.08
3898,1.08
3899,1.08
3901,1.07
3902,1.07
3904,1.07
3906,1.07
3907,1.08
3909,1.08
3910,1.08
3912,1.07
3914,1.07
3915,1.07
3917,1.08
3918,1.08
3920,1.07
3922,1.07
3923,1.08
3926,1.08
3927,1.08
3929,1.08
3931,1.08
3932,1.08
3934,1.08
3936,1.07
3937,1.08
3939,1.08
3940,1.08
3942,1.08
3944,1.08
3945,1.08
3947,1.07
3948,1.08
3950,1.08
3952,1.07
3953,1.08
3955,1.07
3956,1.07
3958,1.08
3960,1.08
3961,1.08
3963,1.08
3964,1.07
3966,1.08
3969,1.07
3970,1.08
3972,1.08
3973,1.08
3975,1.08
3977,1.08
3978,1.08
3980,1.08
3981,1.07
3983,1.08
3985,1.07
3986,1.08
3988,1.07
3990,1.07
3991,1.08
3993,1.07
3994,1.08
3996,1.07
3998,1.08
3999,1.08
4001,1.08
4002,1.08
4004,1.07
4006,1.08
4007,1.08
4009,1.08
4011,1.08
4013,1.07
4015,1.08
4016,1.08
4018,1.07
4019,1.08
4021,1.07
4023,1.07
4024,1.08
4026,1.08
4027,1.08
4029,1.07
4031,1.07
4032,1.07
4034,1.07
4035,1.08
4037,1.07
4039,1.08
4040,1.07
4042,1.07
4043,1.08
4045,1.08
4047,1.08
4048,1.08
4050,1.08
4052,1.08
4054,1.07
4056,1.07
4057,1.07
4059,1.07
4061,1.08
4062,1.08
4064,1.07
4065,1.07
4067,1.07
4069,1.07
4070,1.07
4072,1.08
4073,1.07
4075,1.07
4077,1.08
4078,1.07
4080,1.07
4081,1.07
4083,1.07
4085,1.07
4086,1.07
4088,1.07
4089,1.07
4091,1.07
4093,1.08
4094,1.07
4097,1.07
4098,1.07
4100,1.07
4102,1.07
4103,1.07
4105,1.07
4107,1.07
4108,1.07
4110,1.08
4111,1.07
4113,1.07
4115,1.07
4116,1.07
4118,1.08
4119,1.07
4121,1.07
4123,1.07
4124,1.07
4126,1.08
4127,1.08
4129,1.08
4131,1.07
4132,1.07
4134,1.07
4135,1.07
4137,1.08
4140,1.07
4141,1.07
4143,1.08
4144,1.07
4146,1.08
4148,1.07
4149,1.07
4151,1.08
4152,1.07
4154,1.07
4156,1.07
4157,1.07
4159,1.08
4160,1.08
4162,1.08
4164,1.07
4165,1.07
4167,1.07
4169,1.07
4170,1.08
4172,1.07
4173,1.07
4175,1.08
4177,1.08
4178,1.08
4180,1.07
4182,1.07
4184,1.08
4186,1.07
4187,1.07
4189,1.07
4190,1.07
4192,1.07
4194,1.08
4195,1.08
4197,1.07
4198,1.07
4200,1.08
4202,1.07
4203,1.08
4205,1.07
4206,1.07
4208,1.07
4210,1.07
4211,1.08
4213,1.07
4214,1.07
4216,1.07
4218,1.07
4219,1.07
4221,1.07
4224,1.07
4225,1.08
4227,1.08
4228,1.07
4230,1.07
4232,1.07
4233,1.08
4235,1.07
4236,1.07
4238,1.07
4240,1.07
4241,1.08
4243,1.07
4244,1.08
4246,1.07
4248,1.07
4249,1.07
4251,1.07
4252,1.07
4254,1.07
4256,1.07
4257,1.08
4259,1.08
4260,1.08
4262,1.07
4264,1.07
4265,1.07
4268,1.07
4269,1.08
4271,1.07
4273,1.07
4274,1.07
4276,1.07
4277,1.08
4279,1.07
4281,1.07
4282,1.07
4284,1.07
4286,1.08
4287,1.07
4289,1.07
4290,1.07
4292,1.08
4294,1.07
4295,1.07
4297,1.07
4298,1.07
4300,1.07
4302,1.08
4303,1.08
4305,1.07
4306,1.07
4308,1.07
4311,1.08
4312,1.07
4314,1.08
4315,1.07
4317,1.07
4319,1.07
4320,1.07
4322,1.07
4323,1.07
4325,1.07
4327,1.08
4328,1.07
4330,1.08
4331,1.07
4333,1.07
4335,1.08
4336,1.07
4338,1.07
4340,1.07
4341,1.07
4343,1.07
4344,1.07
4346,1.08
4348,1.07
4349,1.07
4352,1.07
4353,1.07
4355,1.07
4357,1.07
4358,1.08
4360,1.08
4361,1.07
4363,1.07
4365,1.07
4366,1.07
4368,1.07
4369,1.07
4371,1.07
4373,1.07
4374,1.07
4376,1.08
4377,1.07
4379,1.08
4381,1.07
4382,1.07
4384,1.08
4385,1.07
4387,1.07
4389,1.08
4390,1.08
4392,1.08
4393,1.07
4396,1.07
4398,1.07
4399,1.07
4401,1.07
4403,1.07
4404,1.07
4406,1.07
4407,1.07
4409,1.08
4411,1.07
4412,1.08
4414,1.07
4415,1.07
4417,1.08
4419,1.07
4420,1.07
4422,1.08
4423,1.07
4425,1.08
4427,1.07
4428,1.08
4430,1.07
4431,1.07
4433,1.08
4435,1.07
4436,1.08
4439,1.07
4440,1.07
4442,1.07
4444,1.07
4445,1.08
4447,1.07
4448,1.07
4450,1.07
4452,1.07
4453,1.07
4455,1.07
4457,1.07
4458,1.07
4460,1.07
4461,1.07
4463,1.07
4465,1.07
4466,1.07
4468,1.07
4469,1.07
4471,1.07
4473,1.07
4474,1.07
4476,1.07
4477,1.08
4480,1.07
4482,1.07
4483,1.07
4485,1.07
4486,1.08
4488,1.07
4490,1.07
4491,1.07
4493,1.08
4494,1.07
4496,1.07
4498,1.07
4499,1.07
4501,1.07
4502,1.07
4504,1.07
4506,1.08
4507,1.07
4509,1.07
4510,1.08
4512,1.07
4514,1.08
4515,1.07
4517,1.07
4519,1.08
4520,1.08
4523,1.08
4524,1.07
4526,1.08
4528,1.08
4529,1.07
4531,1.08
4532,1.07
4534,1.07
4536,1.08
4537,1.07
4539,1.08
4540,1.07
4542,1.08
4544,1.08
4545,1.08
4547,1.08
4548,1.07
4550,1.08
4552,1.08
4553,1.08
4555,1.08
4556,1.07
4558,1.07
4560,1.08
4561,1.07
4563,1.08
4564,1.07
4567,1.08
4569,1.08
4570,1.07
4572,1.08
4574,1.07
4575,1.08
4577,1.08
4578,1.08
4580,1.08
4582,1.08
4583,1.08
4585,1.07
4586,1.08
4588,1.08
4590,1.07
4591,1.08
4593,1.08
4594,1.08
4596,1.08
4598,1.07
4599,1.08
4601,1.07
4602,1.08
4604,1.08
4606,1.07
4608,1.08
4610,1.08
4611,1.08
4613,1.08
4615,1.07
4616,1.07
4618,1.07
4619,1.07
4621,1.08
4623,1.07
4624,1.08
4626,1.08
4627,1.07
4629,1.08
4631,1.07
4632,1.07
4634,1.08
4636,1.08
4637,1.07
4639,1.07
4640,1.07
4642,1.08
4644,1.08
4645,1.08
4647,1.07
4648,1.07
4651,1.07
4653,1.08
4654,1.08
4656,1.08
4657,1.07
4659,1.08
4661,1.08
4662,1.07
4664,1.08
4665,1.07
4667,1.07
4669,1.07
4670,1.08
4672,1.07
4673,1.07
4675,1.08
4677,1.07
4678,1.08
4680,1.07
4681,1.08
4683,1.07
4685,1.08
4686,1.08
4688,1.07
4690,1.08
4691,1.08
4694,1.08
4695,1.08
4697,1.07
4699,1.08
4700,1.07
4702,1.07
4703,1.08
4705,1.07
4707,1.08
4708,1.08
4710,1.08
4711,1.08
4713,1.08
4715,1.08
4716,1.08
4718,1.07
4719,1.08
4721,1.07
4723,1.08
4724,1.08
4726,1.08
4727,1.08
4729,1.08
4731,1.08
4732,1.07
4734,1.07
4736,1.08
4738,1.07
4740,1.07
4741,1.08
4743,1.08
4744,1.08
4746,1.07
4748,1.08
4749,1.07
4751,1.07
4753,1.07
4754,1.07
4756,1.08
4757,1.08
4759,1.07
4761,1.08
4762,1.08
4764,1.08
4765,1.07
4767,1.07
4769,1.08
4770,1.08
4772,1.07
4773,1.08
4775,1.07
4777,1.08
4779,1.08
4781,1.08
4782,1.08
4784,1.07
4786,1.08
4787,1.07
4789,1.08
4790,1.07
4792,1.07
4794,1.07
4795,1.08
4797,1.08
4798,1.07
4800,1.07
4802,1.07
4803,1.07
4805,1.08
4807,1.08
4808,1.07
4810,1.08
4811,1.07
4813,1.08
4815,1.07
4816,1.08
4818,1.07
4819,1.07
4822,1.08
4824,1.07
4825,1.08
4827,1.08
4828,1.08
4830,1.08
4832,1.08
4833,1.07
4835,1.08
4836,1.07
4838,1.08
4840,1.08
4841,1.08
4843,1.07
4844,1.07
4846,1.08
4848,1.07
4849,1.07
4851,1.08
4852,1.07
4854,1.08
4856,1.08
4857,1.07
4859,1.08
4860,1.08
4862,1.08
4865,1.08
4866,1.08
4868,1.07
4870,1.07
4871,1.08
4873,1.08
4874,1.08
4876,1.08
4878,1.08
4879,1.07
4881,1.08
4882,1.07
4884,1.07
4886,1.07
4887,1.07
4889,1.07
4890,1.08
4892,1.07
4894,1.08
4895,1.08
4897,1.07
4898,1.08
4900,1.07
4902,1.07
4903,1.08
4905,1.08
4907,1.08
4909,1.07
4911,1.07
4912,1.08
4914,1.07
4915,1.08
4917,1.07
4919,1.07
4920,1.08
4922,1.07
4924,1.08
4925,1.08
4927,1.08
4928,1.08
4930,1.08
4932,1.08
4933,1.07
4935,1.07
4936,1.07
4938,1.07
4940,1.08
4941,1.07
4943,1.08
4944,1.08
4946,1.08
4948,1.08
4950,1.07
4952,1.07
4953,1.08
4955,1.07
4957,1.08
4958,1.08
4960,1.08
4961,1.07
4963,1.07
4965,1.08
4966,1.08
4968,1.08
4969,1.08
4971,1.07
4973,1.08
4974,1.08
4976,1.08
4977,1.07
4979,1.07
4981,1.08
4982,1.08
4984,1.07
4986,1.07
4987,1.08
4989,1.08
4990,1.08
4993,1.08
4995,1.08
4996,1.07
4998,1.08
4999,1.07
5001,1.07
5003,1.07
5004,1.07
5006,1.08
5007,1.07
5009,1.07
5011,1.07
5012,1.08
5014,1.08
5015,1.08
5017,1.07
5019,1.07
5020,1.07
5022,1.07
5023,1.07
5025,1.08
5027,1.07
5028,1.07
5030,1.07
5031,1.07
5033,1.07
5036,1.07
5037,1.08
5039,1.07
5041,1.07
5042,1.07
5044,1.07
5045,1.07
5047,1.07
5049,1.08
5050,1.07
5052,1.07
5053,1.07
5055,1.08
5057,1.07
5058,1.08
5060,1.08
5061,1.07
5063,1.07
5065,1.07
5066,1.07
5068,1.07
5069,1.07
5071,1.07
5073,1.07
5074,1.07
5076,1.07
5078,1.07
5080,1.08
5082,1.08
5083,1.08
5085,1.07
5086,1.07
5088,1.08
5090,1.07
5091,1.08
5093,1.08
5095,1.07
5096,1.07
5098,1.07
5099,1.07
5101,1.07
5103,1.07
5104,1.07
5106,1.07
5107,1.08
5109,1.07
5111,1.08
5112,1.08
5114,1.08
5115,1.07
5117,1.07
5120,1.07
5121,1.07
5123,1.07
5124,1.08
5126,1.08
5128,1.07
5129,1.07
5131,1.07
5132,1.07
5134,1.07
5136,1.07
5137,1.07
5139,1.07
5140,1.07
5142,1.07
5144,1.07
5145,1.07
5147,1.07
5149,1.07
5150,1.07
5152,1.07
5153,1.07
5155,1.07
5157,1.08
5158,1.08
5160,1.07
5161,1.07
5164,1.07
5166,1.08
5167,1.07
5169,1.07
5170,1.07
5172,1.08
5174,1.08
5175,1.07
5177,1.07
5178,1.07
5180,1.08
5182,1.08
5183,1.07
5185,1.07
5186,1.07
5188,1.07
5190,1.08
5191,1.07
5193,1.08
5194,1.07
5196,1.07
5198,1.08
5199,1.07
5201,1.07
5202,1.07
5204,1.07
5207,1.08
5208,1.07
5210,1.07
5212,1.07
5213,1.08
5215,1.07
5216,1.07
5218,1.07
5220,1.07
5221,1.07
5223,1.09
5224,1.07
5226,1.07
5228,1.07
5229,1.07
5231,1.07
5232,1.07
5234,1.07
5236,1.07
5237,1.07
5239,1.07
5240,1.07
5242,1.08
5244,1.07
5245,1.08
5248,1.07
5249,1.07
5251,1.07
5253,1.07
5254,1.07
5256,1.08
5257,1.07
5259,1.08
5261,1.08
5262,1.07
5264,1.08
5266,1.07
5267,1.08
5269,1.07
5270,1.07
5272,1.08
5274,1.07
5275,1.08
5277,1.07
5278,1.08
5280,1.08
5282,1.07
5283,1.07
5285,1.07
5286,1.08
5288,1.07
5291,1.07
5292,1.08
5294,1.07
5295,1.07
5297,1.08
5299,1.07
5300,1.07
5302,1.07
5303,1.07
5305,1.07
5307,1.07
5308,1.08
5310,1.08
5311,1.08
5313,1.08
5315,1.07
5316,1.07
5318,1.07
5319,1.07
5321,1.07
5323,1.07
5324,1.07
5326,1.07
5328,1.07
5329,1.07
5331,1.07
5332,1.07
5335,1.07
5337,1.07
5338,1.07
5340,1.07
5341,1.08
5343,1.07
5345,1.08
5346,1.07
5348,1.07
5349,1.08
5351,1.07
5353,1.07
5354,1.07
5356,1.07
5357,1.08
5359,1.07
5361,1.07
5362,1.07
5364,1.07
5365,1.08
5367,1.07
5369,1.07
5370,1.07
5372,1.07
5373,1.08
5376,1.07
5378,1.08
5379,1.07
5381,1.07
5383,1.08
5384,1.07
5386,1.07
5387,1.07
5389,1.07
5391,1.07
5392,1.07
5394,1.08
5395,1.07
5397,1.07
5399,1.07
5400,1.07
5402,1.07
5403,1.07
5405,1.07
5407,1.08
5408,1.07
5410,1.07
5411,1.07
5413,1.07
5415,1.07
5416,1.07
5419,1.07
5420,1.07
5422,1.08
5424,1.07
5425,1.07
5427,1.07
5428,1.07
5430,1.07
5432,1.07
5433,1.07
5435,1.07
5436,1.07
5438,1.07
5440,1.08
5441,1.07
5443,1.08
5445,1.07
5446,1.07
5448,1.08
5449,1.07
5451,1.08
5453,1.07
5454,1.07
5456,1.08
5457,1.08
5459,1.08
5462,1.08
5463,1.08
5465,1.08
5466,1.07
5468,1.07
5470,1.07
5471,1.07
5473,1.08
5474,1.07
5476,1.08
5478,1.07
5479,1.07
5481,1.08
5482,1.07
5484,1.08
5486,1.07
5487,1.07
5489,1.08
5490,1.07
5492,1.08
5494,1.08
5495,1.07
5497,1.08
5499,1.07
5500,1.08
5502,1.07
5504,1.08
5506,1.08
5508,1.07
5509,1.08
5511,1.08
5512,1.08
5514,1.07
5516,1.08
5517,1.08
5519,1.07
5520,1.08
5522,1.07
5524,1.08
5525,1.08
5527,1.08
5528,1.08
5530,1.08
5532,1.07
5533,1.08
5535,1.08
5536,1.07
5538,1.08
5540,1.08
5541,1.08
5543,1.08
5544,1.08
5547,1.07
5549,1.07
5550,1.08
5552,1.07
5553,1.07
5555,1.07
5557,1.07
5558,1.08
5560,1.08
5562,1.08
5563,1.08
5565,1.07
5566,1.08
5568,1.08
5570,1.07
5571,1.08
5573,1.08
5574,1.08
5576,1.07
5578,1.07
5579,1.07
5581,1.08
5582,1.08
5584,1.07
5586,1.08
5587,1.07
5590,1.07
5591,1.08
5593,1.07
5595,1.08
5596,1.08
5598,1.07
5599,1.08
5601,1.08
5603,1.07
5604,1.07
5606,1.07
5607,1.08
5609,1.08
5611,1.07
5612,1.08
5614,1.07
5616,1.08
5617,1.07
5619,1.08
5620,1.08
5622,1.07
5624,1.08
5625,1.08
5627,1.08
5628,1.08
5630,1.08
5633,1.08
5634,1.07
5636,1.08
5637,1.07
5639,1.07
5641,1.08
5642,1.08
5644,1.08
5645,1.08
5647,1.07
5649,1.08
5650,1.08
5652,1.08
5653,1.07
5655,1.08
5657,1.08
5658,1.07
5660,1.08
5661,1.08
5663,1.07
5665,1.08
5666,1.07
5668,1.07
5669,1.07
5671,1.07
5673,1.08
5675,1.07
5677,1.08
5679,1.07
5680,1.07
5682,1.08
5683,1.07
5685,1.08
5687,1.08
5688,1.08
5690,1.08
5691,1.07
5693,1.08
5695,1.08
5696,1.07
5698,1.07
5699,1.07
5701,1.08
5703,1.07
5704,1.07
5706,1.08
5707,1.08
5709,1.08
5711,1.07
5712,1.07
5714,1.08
5715,1.08
5718,1.08
5720,1.08
5721,1.07
5723,1.07
5724,1.07
5726,1.08
5728,1.08
5729,1.07
5731,1.08
5733,1.08
5734,1.08
5736,1.07
5737,1.08
5739,1.07
5741,1.08
5742,1.08
5744,1.07
5745,1.08
5747,1.07
5749,1.08
5750,1.08
5752,1.07
5753,1.08
5755,1.07
5757,1.08
5758,1.08
5761,1.08
5762,1.07
5764,1.08
5766,1.08
5767,1.08
5769,1.07
5770,1.07
5772,1.07
5774,1.08
5775,1.08
5777,1.07
5778,1.07
5780,1.07
5782,1.08
5783,1.08
5785,1.07
5786,1.07
5788,1.07
5790,1.07
5791,1.08
5793,1.08
5795,1.08
5796,1.07
5798,1.07
5799,1.08
5801,1.07
5804,1.08
5805,1.08
5807,1.07
5808,1.08
5810,1.07
5812,1.08
5813,1.07
5815,1.08
5816,1.08
5818,1.07
5820,1.08
5821,1.07
5823,1.08
5824,1.08
5826,1.08
5828,1.08
5829,1.08
5831,1.07
5832,1.08
5834,1.07
5836,1.08
5837,1.08
5839,1.08
5840,1.08
5842,1.07
5844,1.08
5846,1.07
5848,1.08
5850,1.08
5851,1.07
5853,1.08
5854,1.07
5856,1.08
5858,1.08
5859,1.08
5861,1.08
5862,1.08
5864,1.08
5866,1.08
5867,1.07
5869,1.08
5870,1.07
5872,1.07
5874,1.08
5875,1.08
5877,1.08
5878,1.07
5880,1.08
5882,1.08
5883,1.07
5885,1.08
5886,1.07
5889,1.07
5891,1.08
5892,1.08
5894,1.08
5895,1.08
5897,1.07
5899,1.08
5900,1.07
5902,1.07
5903,1.08
5905,1.07
5907,1.08
5908,1.07
5910,1.08
5912,1.07
5913,1.08
5915,1.08
5916,1.07
5918,1.07
5920,1.07
5921,1.07
5923,1.08
5924,1.07
5926,1.08
5928,1.07
5929,1.07
5932,1.07
5933,1.07
5935,1.07
5937,1.07
5938,1.07
5940,1.07
5941,1.07
5943,1.08
5945,1.07
5946,1.07
5948,1.07
5949,1.07
5951,1.07
5953,1.07
5954,1.07
5956,1.07
5957,1.07
5959,1.07
5961,1.07
5962,1.07
5964,1.07
5966,1.07
5967,1.07
5969,1.07
5970,1.07
5972,1.07
5975,1.07
5976,1.07
5978,1.07
5979,1.08
5981,1.07
5983,1.07
5984,1.07
5986,1.07
5987,1.07
5989,1.07
5991,1.07
5992,1.07
5994,1.07
5995,1.07
5997,1.07
5999,1.07
6000,1.07
6002,1.08
6003,1.07
6005,1.07
6007,1.08
6008,1.08
6010,1.07
6011,1.08
6013,1.07
6016,1.07
6017,1.08
6019,1.07
6021,1.07
6022,1.07
6024,1.07
6025,1.08
6027,1.07
6029,1.07
6030,1.07
6032,1.07
6033,1.08
6035,1.08
6037,1.07
6038,1.07
6040,1.07
6041,1.08
6043,1.07
6045,1.08
6046,1.07
6048,1.07
6049,1.07
6051,1.07
6053,1.08
6054,1.07
6056,1.07
6057,1.08
6060,1.07
6062,1.07
6063,1.07
6065,1.07
6066,1.08
6068,1.07
6070,1.08
6071,1.07
6073,1.07
6074,1.08
6076,1.07
6078,1.08
6079,1.07
6081,1.07
6083,1.07
6084,1.07
6086,1.08
6087,1.07
6089,1.07
6091,1.07
6092,1.07
6094,1.08
6095,1.07
6097,1.07
6099,1.07
6100,1.07
6103,1.08
6104,1.07
6106,1.07
6108,1.07
6109,1.07
6111,1.08
6112,1.07
6114,1.07
6116,1.07
6117,1.07
6119,1.07
6120,1.07
6122,1.08
6124,1.07
6125,1.07
6127,1.08
6128,1.07
6130,1.07
6132,1.07
6133,1.07
6135,1.07
6137,1.07
6138,1.07
6140,1.08
6141,1.08
6144,1.08
6146,1.07
6147,1.07
6149,1.07
6150,1.07
6152,1.08
6154,1.07
6155,1.07
6157,1.07
6158,1.07
6160,1.07
6162,1.07
6163,1.07
6165,1.07
6166,1.08
6168,1.07
6170,1.07
6171,1.07
6173,1.07
6174,1.08
6176,1.07
6178,1.08
6179,1.07
6181,1.07
6182,1.07
6184,1.07
6187,1.07
6188,1.08
6190,1.07
6191,1.07
6193,1.08
6195,1.07
6196,1.07
6198,1.07
6200,1.07
6201,1.08
6203,1.07
6204,1.07
6206,1.07
6208,1.07
6209,1.08
6211,1.07
6212,1.08
6214,1.07
6216,1.07
6217,1.08
6219,1.07
6220,1.08
6222,1.07
6224,1.07
6225,1.08
6227,1.07
6228,1.07
6231,1.07
6233,1.07
6234,1.08
6236,1.07
6237,1.07
6239,1.07
6241,1.07
6242,1.08
6244,1.08
6245,1.07
6247,1.07
6249,1.07
6250,1.07
6252,1.07
6254,1.08
6255,1.07
6257,1.07
6258,1.08
6260,1.07
6262,1.07
6263,1.07
6265,1.07
6266,1.07
6268,1.07
6270,1.07
6272,1.07
6274,1.07
6275,1.07
6277,1.07
6279,1.08
6280,1.07
6282,1.07
6283,1.07
6285,1.07
6287,1.08
6288,1.07
6290,1.07
6291,1.07
6293,1.07
6295,1.07
6296,1.07
6298,1.07
6299,1.07
6301,1.07
6303,1.07
6304,1.07
6306,1.07
6308,1.07
6309,1.08
6311,1.07
6312,1.07
6315,1.07
6317,1.07
6318,1.07
6320,1.08
6321,1.07
6323,1.07
6325,1.07
6326,1.07
6328,1.08
6329,1.07
6331,1.07
6333,1.07
6334,1.07
6336,1.07
6337,1.07
6339,1.07
6341,1.07
6342,1.08
6344,1.08
6345,1.07
6347,1.07
6349,1.07
6350,1.07
6352,1.08
6353,1.07
6355,1.07
6358,1.07
6359,1.08
6361,1.07
6362,1.07
6364,1.08
6366,1.07
6367,1.07
6369,1.08
6371,1.07
6372,1.08
6374,1.08
6375,1.08
6377,1.08
6379,1.07
6380,1.08
6382,1.07
6383,1.07
6385,1.08
6387,1.08
6388,1.08
6390,1.07
6391,1.08
6393,1.08
6395,1.08
6396,1.08
6398,1.07
6400,1.07
6402,1.08
6404,1.07
6405,1.08
6407,1.08
6408,1.08
6410,1.08
6412,1.07
6413,1.08
6415,1.07
6417,1.07
6418,1.08
6420,1.08
6421,1.08
6423,1.08
6425,1.07
6426,1.08
6428,1.07
6429,1.08
6431,1.07
6433,1.08
6434,1.08
6436,1.07
6437,1.08
6439,1.08
6441,1.08
6443,1.08
6445,1.07
6446,1.08
6448,1.07
6450,1.07
6451,1.08
6453,1.07
6454,1.08
6456,1.07
6458,1.08
6459,1.07
6461,1.08
6462,1.08
6464,1.08
6466,1.07
6467,1.07
6469,1.08
6471,1.08
6472,1.08
6474,1.08
6475,1.08
6477,1.08
6479,1.08
6480,1.08
6482,1.07
6483,1.08
6486,1.07
6488,1.08
6489,1.07
6491,1.08
6492,1.08
6494,1.07
6496,1.08
6497,1.08
6499,1.08
6500,1.08
6502,1.07
6504,1.08
6505,1.07
6507,1.08
6508,1.08
6510,1.07
6512,1.08
6513,1.07
6515,1.07
6516,1.08
6518,1.07
6520,1.08
6521,1.08
6523,1.07
6524,1.08
6526,1.07
6529,1.08
6530,1.07
6532,1.08
6534,1.07
6535,1.07
6537,1.08
6538,1.07
6540,1.08
6542,1.08
6543,1.07
6545,1.08
6546,1.07
6548,1.08
6550,1.08
6551,1.07
6553,1.08
6554,1.07
6556,1.08
6558,1.08
6559,1.08
6561,1.08
6562,1.07
6564,1.08
6566,1.07
6567,1.07
6569,1.08
6571,1.07
6573,1.08
6575,1.07
6576,1.08
6578,1.08
6579,1.08
6581,1.08
6583,1.08
6584,1.07
6586,1.08
6588,1.07
6589,1.08
6591,1.07
6592,1.08
6594,1.08
6596,1.07
6597,1.07
6599,1.07
6600,1.08
6602,1.08
6604,1.07
6605,1.08
6607,1.07
6608,1.07
6610,1.08
6612,1.07
6614,1.08
6616,1.08
6617,1.08
6619,1.08
6621,1.08
6622,1.08
6624,1.08
6625,1.08
6627,1.07
6629,1.07
6630,1.08
6632,1.07
6633,1.07
6635,1.07
6637,1.08
6638,1.08
6640,1.08
6641,1.07
6643,1.08
6645,1.07
6646,1.08
6648,1.07
6650,1.08
6651,1.07
6653,1.07
6654,1.08
6657,1.08
6659,1.08
6660,1.08
6662,1.07
6663,1.08
6665,1.07
6667,1.07
6668,1.07
6670,1.07
6671,1.08
6673,1.08
6675,1.08
6676,1.08
6678,1.08
6679,1.08
6681,1.08
6683,1.08
6684,1.07
6686,1.07
6687,1.08
6689,1.08
6691,1.08
6692,1.08
6694,1.08
6695,1.08
6697,1.08
6700,1.07
6701,1.07
6703,1.08
6705,1.08
6706,1.07
6708,1.08
6709,1.07
6711,1.07
6713,1.08
6714,1.08
6716,1.08
6717,1.07
6719,1.07
6721,1.08
6722,1.08
6724,1.08
6725,1.08
6727,1.08
6729,1.08
6730,1.08
6732,1.08
6733,1.07
6735,1.07
6737,1.08
6738,1.08
6740,1.08
6742,1.07
6744,1.08
6746,1.08
6747,1.07
6749,1.08
6750,1.07
6752,1.07
6754,1.08
6755,1.08
6757,1.08
6758,1.08
6760,1.07
6762,1.08
6763,1.07
6765,1.07
6767,1.07
6768,1.08
6770,1.08
6771,1.07
6773,1.08
6775,1.08
6776,1.08
6778,1.08
6779,1.08
6781,1.08
6784,1.08
6785,1.07
6787,1.08
6788,1.07
6790,1.08
6792,1.08
6793,1.08
6795,1.08
6796,1.07
6798,1.08
6800,1.07
6801,1.08
6803,1.08
6804,1.08
6806,1.08
6808,1.08
6809,1.07
6811,1.07
6812,1.07
6814,1.08
6816,1.07
6817,1.07
6819,1.07
6821,1.07
6822,1.08
6824,1.08
6825,1.07
6828,1.08
6830,1.07
6831,1.08
6833,1.07
6834,1.07
6836,1.07
6838,1.07
6839,1.08
6841,1.07
6842,1.07
6844,1.07
6846,1.07
6847,1.08
6849,1.07
6850,1.07
6852,1.07
6854,1.07
6855,1.08
6857,1.08
6858,1.07
6860,1.07
6862,1.07
6863,1.08
6865,1.07
6866,1.07
6868,1.07
6871,1.07
6872,1.08
6874,1.07
6875,1.07
6877,1.07
6879,1.07
6880,1.07
6882,1.07
6884,1.07
6885,1.07
6887,1.07
6888,1.08
6890,1.08
6892,1.07
6893,1.08
6895,1.07
6896,1.07
6898,1.07
6900,1.07
6901,1.07
6903,1.07
6904,1.07
6906,1.07
6908,1.07
6909,1.07
6912,1.07
6913,1.08
6915,1.07
6917,1.08
6918,1.07
6920,1.07
6921,1.08
6923,1.08
6925,1.08
6926,1.07
6928,1.07
6929,1.08
6931,1.07
6933,1.07
6934,1.07
6936,1.07
6938,1.08
6939,1.07
6941,1.07
6942,1.07
6944,1.07
6946,1.08
6947,1.07
6949,1.07
6950,1.07
6952,1.07
6955,1.08
6956,1.07
6958,1.08
6959,1.07
6961,1.07
6963,1.08
6964,1.07
6966,1.07
6967,1.07
6969,1.07
6971,1.07
6972,1.07
6974,1.08
6975,1.07
6977,1.08
6979,1.08
6980,1.07
6982,1.07
6983,1.07
6985,1.07
6987,1.07
6988,1.07
6990,1.07
6991,1.07
6993,1.07
6995,1.07
6996,1.07
6999,1.08
7001,1.07
7002,1.07
7004,1.07
7005,1.07
7007,1.08
7009,1.07
7010,1.08
7012,1.08
7013,1.07
7015,1.07
7017,1.07
7018,1.07
7020,1.07
7021,1.08
7023,1.08
7025,1.07
7026,1.07
7028,1.07
7029,1.07
7031,1.08
7033,1.07
7034,1.07
7036,1.07
7037,1.07
7040,1.08
7042,1.07
7043,1.07
7045,1.08
7046,1.07
7048,1.07
7050,1.07
7051,1.07
7053,1.07
7055,1.07
7056,1.08
7058,1.07
7059,1.07
7061,1.07
7063,1.07
7064,1.07
7066,1.07
7067,1.07
7069,1.07
7071,1.07
7072,1.08
7074,1.07
7075,1.08
7077,1.07
7079,1.07
7080,1.07
7083,1.07
7084,1.07
7086,1.07
7088,1.08
7089,1.07
7091,1.07
7092,1.07
7094,1.07
7096,1.07
7097,1.07
7099,1.07
7100,1.07
7102,1.07
7104,1.07
7105,1.07
7107,1.07
7108,1.08
7110,1.07
7112,1.07
7113,1.08
7115,1.07
7117,1.07
7118,1.07
7120,1.07
7121,1.08
7123,1.07
7126,1.07
7127,1.07
7129,1.07
7130,1.07
7132,1.07
7134,1.07
7135,1.07
7137,1.07
7138,1.08
7140,1.07
7142,1.08
7143,1.08
7145,1.07
7146,1.08
7148,1.07
7150,1.07
7151,1.07
7153,1.07
7154,1.08
7156,1.07
7158,1.07
7159,1.07
7161,1.07
7162,1.08
7164,1.08
7166,1.07
7168,1.07
7170,1.07
7172,1.07
7173,1.07
7175,1.08
7176,1.08
7178,1.07
7180,1.07
7181,1.07
7183,1.07
7184,1.07
7186,1.07
7188,1.07
7189,1.07
7191,1.08
7192,1.07
7194,1.07
7196,1.07
7197,1.08
7199,1.08
7200,1.07
7202,1.07
7204,1.07
7205,1.07
7207,1.08
7208,1.07
7211,1.07
7213,1.07
7214,1.07
7216,1.08
7217,1.07
7219,1.07
7221,1.07
7222,1.07
7224,1.08
7226,1.07
7227,1.07
7229,1.07
7230,1.08
7232,1.07
7234,1.07
7235,1.07
7237,1.08
7238,1.07
7240,1.08
7242,1.07
7243,1.07
7245,1.07
7246,1.07
7248,1.07
7250,1.07
7251,1.07
7254,1.07
7255,1.07
7257,1.08
7259,1.07
7260,1.07
7262,1.07
7263,1.08
7265,1.07
7267,1.07
7268,1.07
7270,1.07
7271,1.07
7273,1.08
7275,1.08
7276,1.07
7278,1.07
7279,1.07
7281,1.08
7283,1.07
7284,1.07
7286,1.07
7288,1.07
7289,1.08
7291,1.07
7292,1.08
7294,1.07
7297,1.08
7298,1.08
7300,1.07
7301,1.07
7303,1.07
7305,1.07
7306,1.08
7308,1.08
7309,1.08
7311,1.07
7313,1.07
7314,1.08
7316,1.07
7317,1.08
7319,1.08
7321,1.07
7322,1.08
7324,1.08
7325,1.08
7327,1.08
7329,1.08
7330,1.08
7332,1.07
7333,1.08
7335,1.07
7337,1.08
7339,1.08
7341,1.08
7343,1.08
7344,1.07
7346,1.07
7347,1.08
7349,1.07
7351,1.08
7352,1.07
7354,1.07
7355,1.08
7357,1.08
7359,1.08
7360,1.08
7362,1.08
7363,1.08
7365,1.08
7367,1.08
7368,1.08
7370,1.07
7371,1.08
7373,1.08
7375,1.08
7376,1.08
7378,1.08
7379,1.08
7382,1.08
7384,1.08
7385,1.08
7387,1.08
7388,1.08
7390,1.08
7392,1.08
7393,1.08
7395,1.08
7396,1.08
7398,1.07
7400,1.08
7401,1.07
7403,1.07
7405,1.07
7406,1.07
7408,1.08
7409,1.07
7411,1.07
7413,1.07
7414,1.07
7416,1.07
7417,1.07
7419,1.07
7421,1.07
7422,1.07
7425,1.08
7426,1.07
7428,1.07
7430,1.08
7431,1.07
7433,1.08
7434,1.07
7436,1.07
7438,1.08
7439,1.07
7441,1.08
7442,1.08
7444,1.08
7446,1.07
7447,1.07
7449,1.08
7450,1.07
7452,1.07
7454,1.08
7455,1.08
7457,1.08
7459,1.07
7460,1.08
7462,1.07
7463,1.07
7465,1.08
7468,1.08
7469,1.08
7471,1.08
7472,1.08
7474,1.08
7476,1.08
7477,1.08
7479,1.07
7480,1.07
7482,1.07
7484,1.07
7485,1.07
7487,1.07
7488,1.07
7490,1.07
7492,1.08
7493,1.08
7495,1.07
7496,1.07
7498,1.07
7500,1.07
7501,1.08
7503,1.08
7504,1.07
7506,1.08
7508,1.07
7510,1.08
7512,1.07
7513,1.07
7515,1.08
7517,1.07
7518,1.08
7520,1.07
7522,1.08
7523,1.08
7525,1.08
7526,1.08
7528,1.07
7530,1.08
7531,1.07
7533,1.07
7534,1.08
7536,1.07
7538,1.07
7539,1.08
7541,1.08
7542,1.08
7544,1.08
7546,1.07
7547,1.08
7549,1.07
7550,1.08
7553,1.07
7555,1.07
7556,1.08
7558,1.08
7559,1.08
7561,1.08
7563,1.08
7564,1.08
7566,1.08
7567,1.08
7569,1.08
7571,1.08
7572,1.08
7574,1.08
7576,1.08
7577,1.08
7579,1.08
7580,1.08
7582,1.08
7584,1.08
7585,1.08
7587,1.07
7588,1.08
7590,1.07
7592,1.08
7593,1.07
7596,1.07
7597,1.07
7599,1.07
7601,1.08
7602,1.07
7604,1.07
7605,1.08
7607,1.08
7609,1.08
7610,1.07
7612,1.07
7613,1.08
7615,1.07
7617,1.08
7618,1.07
7620,1.07
7621,1.08
7623,1.08
7625,1.08
7626,1.08
7628,1.07
7630,1.08
7631,1.08
7633,1.08
7634,1.08
7636,1.07
7639,1.08
7640,1.08
7642,1.08
7643,1.08
7645,1.07
7647,1.08
7648,1.07
7650,1.08
7651,1.07
7653,1.08
7655,1.08
7656,1.07
7658,1.08
7659,1.07
7661,1.07
7663,1.07
7664,1.07
7666,1.07
7667,1.07
7669,1.08
7671,1.07
7672,1.08
7674,1.07
7675,1.07
7677,1.08
7680,1.08
7681,1.08
7683,1.08
7685,1.07
7686,1.08
7688,1.08
7689,1.07
7691,1.08
7693,1.07
7694,1.08
7696,1.08
7697,1.07
7699,1.08
7701,1.07
7702,1.07
7704,1.07
7705,1.07
7707,1.07
7709,1.07
7710,1.08
7712,1.07
7713,1.07
7715,1.07
7717,1.07
7718,1.08
7720,1.07
7721,1.07
7724,1.08
7726,1.07
7727,1.08
7729,1.07
7730,1.07
7732,1.07
7734,1.07
7735,1.08
7737,1.07
7739,1.08
7740,1.07
7742,1.07
7743,1.08
7745,1.08
7747,1.07
7748,1.07
7750,1.07
7751,1.08
7753,1.07
7755,1.07
7756,1.08
7758,1.07
7759,1.08
7761,1.07
7763,1.07
7764,1.07
7767,1.07
7768,1.08
7770,1.07
7772,1.07
7773,1.07
7775,1.07
7776,1.08
7778,1.07
7780,1.07
7781,1.08
7783,1.07
7784,1.08
7786,1.07
7788,1.07
7789,1.07
7791,1.07
7792,1.08
7794,1.07
7796,1.07
7797,1.07
7799,1.07
7801,1.08
7802,1.07
7804,1.07
7805,1.07
7808,1.07
7810,1.07
7811,1.07
7813,1.07
7814,1.07
7816,1.07
7818,1.07
7819,1.07
7821,1.07
7822,1.07
7824,1.08
7826,1.07
7827,1.07
7829,1.07
7830,1.07
7832,1.07
7834,1.07
7835,1.07
7837,1.08
7838,1.07
7840,1.07
7842,1.07
7843,1.08
7845,1.07
7846,1.07
7848,1.07
7851,1.07
7852,1.07
7854,1.08
7856,1.07
7857,1.07
7859,1.07
7860,1.07
7862,1.08
7864,1.07
7865,1.07
7867,1.08
7868,1.07
7870,1.08
7872,1.07
7873,1.07
7875,1.07
7876,1.08
7878,1.07
7880,1.07
7881,1.07
7883,1.07
7884,1.07
7886,1.07
7888,1.07
7889,1.07
7891,1.07
7892,1.07
7895,1.08
7897,1.07
7898,1.07
7900,1.07
7901,1.07
7903,1.08
7905,1.07
7906,1.07
7908,1.07
7909,1.08
7911,1.08
7913,1.07
7914,1.07
7916,1.07
7918,1.07
7919,1.07
7921,1.07
7922,1.07
7924,1.07
7926,1.08
7927,1.08
7929,1.07
7930,1.07
7932,1.08
7934,1.07
7936,1.08
7938,1.07
7939,1.07
7941,1.07
7943,1.08
7944,1.08
7946,1.07
7947,1.07
7949,1.07
7951,1.07
7952,1.08
7954,1.07
7955,1.07
7957,1.07
7959,1.07
7960,1.08
7962,1.07
7963,1.07
7965,1.08
7967,1.07
7968,1.08
7970,1.07
7972,1.07
7973,1.07
7975,1.07
7976,1.08
7979,1.07
7981,1.07
7982,1.07
7984,1.07
7985,1.07
7987,1.07
7989,1.07
7990,1.07
7992,1.07
7993,1.07
7995,1.07
7997,1.07
7998,1.08
8000,1.07
8001,1.07
8003,1.07
8005,1.07
8006,1.07
8008,1.07
8009,1.08
8011,1.07
8013,1.07
8014,1.07
8016,1.07
8017,1.07
8019,1.07
8022,1.08
8023,1.08
8025,1.07
8027,1.07
8028,1.07
8030,1.08
8031,1.08
8033,1.07
8035,1.07
8036,1.07
8038,1.08
8039,1.07
8041,1.07
8043,1.07
8044,1.07
8046,1.07
8047,1.07
8049,1.07
8051,1.07
8052,1.07
8054,1.07
8055,1.07
8057,1.07
8059,1.07
8060,1.07
8062,1.07
8064,1.08
8066,1.07
8068,1.07
8069,1.07
8071,1.08
8072,1.07
8074,1.07
8076,1.07
8077,1.07
8079,1.08
8080,1.07
8082,1.07
8084,1.07
8085,1.07
8087,1.08
8089,1.07
8090,1.08
8092,1.08
8093,1.07
8095,1.08
8097,1.08
8098,1.07
8100,1.07
8101,1.07
8103,1.08
8105,1.07
8107,1.08
8109,1.08
8110,1.07
8112,1.08
8114,1.08
8115,1.07
8117,1.07
8118,1.08
8120,1.08
8122,1.07
8123,1.08
8125,1.08
8126,1.07
8128,1.08
8130,1.08
8131,1.07
8133,1.07
8134,1.07
8136,1.08
8138,1.07
8139,1.08
8141,1.07
8143,1.07
8144,1.08
8146,1.07
8147,1.08
8150,1.07
8152,1.08
8153,1.08
8155,1.08
8156,1.08
8158,1.08
8160,1.08
8161,1.08
8163,1.08
8164,1.07
8166,1.07
8168,1.08
8169,1.08
8171,1.07
8172,1.08
8174,1.08
8176,1.07
8177,1.08
8179,1.07
8180,1.07
8182,1.07
8184,1.08
8185,1.07
8187,1.07
8188,1.08
8190,1.08
8193,1.07
8194,1.07
8196,1.08
8197,1.08
8199,1.07
8201,1.07
8202,1.07
8204,1.07
8206,1.08
8207,1.08
8209,1.08
8210,1.08
8212,1.07
8214,1.08
8215,1.07
8217,1.08
8218,1.08
8220,1.07
8222,1.08
8223,1.08
8225,1.08
8226,1.08
8228,1.07
8230,1.08
8231,1.07
8233,1.07
8235,1.07
8237,1.07
8239,1.08
8240,1.08
8242,1.08
8243,1.07
8245,1.08
8247,1.08
8248,1.07
8250,1.08
8251,1.07
8253,1.07
8255,1.08
8256,1.07
8258,1.07
8260,1.08
8261,1.08
8263,1.08
8264,1.07
8266,1.08
8268,1.07
8269,1.07
8271,1.08
8272,1.08
8274,1.08
8276,1.07
8278,1.07
8280,1.08
8281,1.07
8283,1.08
8285,1.08
8286,1.07
8288,1.08
8289,1.07
8291,1.08
8293,1.08
8294,1.08
8296,1.08
8297,1.07
8299,1.07
8301,1.07
8302,1.07
8304,1.08
8305,1.08
8307,1.08
8309,1.08
8310,1.08
8312,1.08
8313,1.07
8315,1.08
8317,1.07
8318,1.07
8321,1.08
8323,1.08
8324,1.08
8326,1.08
8327,1.07
8329,1.08
8331,1.07
8332,1.07
8334,1.07
8335,1.08
8337,1.08
8339,1.08
8340,1.08
8342,1.07
8343,1.08
8345,1.08
8347,1.08
8348,1.08
8350,1.07
8351,1.08
8353,1.08
8355,1.08
8356,1.08
8358,1.07
8359,1.07
8361,1.08
8364,1.07
8365,1.07
8367,1.07
8368,1.08
8370,1.08
8372,1.08
8373,1.08
8375,1.08
8377,1.07
8378,1.08
8380,1.07
8381,1.08
8383,1.07
8385,1.08
8386,1.07
8388,1.08
8389,1.08
8391,1.07
8393,1.08
8394,1.07
8396,1.07
8397,1.08
8399,1.07
8401,1.07
8402,1.08
8404,1.08
8406,1.08
8408,1.08
8410,1.08
8411,1.07
8413,1.07
8414,1.08
8416,1.07
8418,1.07
8419,1.07
8421,1.08
8422,1.08
8424,1.08
8426,1.08
8427,1.07
8429,1.08
8430,1.08
8432,1.08
8434,1.07
8435,1.08
8437,1.08
8439,1.08
8440,1.08
8442,1.08
8443,1.07
8445,1.07
8448,1.08
8449,1.08
8451,1.07
8452,1.07
8454,1.08
8456,1.08
8457,1.08
8459,1.07
8460,1.07
8462,1.07
8464,1.08
8465,1.07
8467,1.07
8468,1.08
8470,1.08
8472,1.08
8473,1.08
8475,1.08
8476,1.08
8478,1.07
8480,1.08
8481,1.08
8483,1.08
8484,1.08
8486,1.07
8488,1.08
8489,1.08
8492,1.08
8494,1.08
8495,1.08
8497,1.08
8498,1.07
8500,1.07
8502,1.08
8503,1.08
8505,1.08
8506,1.08
8508,1.07
8510,1.07
8511,1.07
8513,1.08
8514,1.07
8516,1.07
8518,1.08
8519,1.08
8521,1.08
8522,1.07
8524,1.08
8526,1.07
8527,1.07
8529,1.08
8530,1.08
8532,1.07
8535,1.08
8536,1.07
8538,1.08
8539,1.07
8541,1.07
8543,1.08
8544,1.07
8546,1.07
8547,1.07
8549,1.07
8551,1.07
8552,1.07
8554,1.07
8556,1.07
8557,1.08
8559,1.07
8560,1.07
8562,1.07
8564,1.07
8565,1.07
8567,1.07
8568,1.07
8570,1.07
8572,1.07
8573,1.07
8576,1.08
8577,1.07
8579,1.07
8581,1.07
8582,1.08
8584,1.07
8585,1.08
8587,1.07
8589,1.07
8590,1.08
8592,1.07
8593,1.07
8595,1.07
8597,1.07
8598,1.07
8600,1.07
8601,1.07
8603,1.07
8605,1.07
8606,1.08
8608,1.07
8610,1.07
8611,1.07
8613,1.07
8614,1.07
8616,1.07
8619,1.07
8620,1.07
8622,1.07
8623,1.08
8625,1.07
8627,1.07
8628,1.07
8630,1.07
8631,1.08
8633,1.08
8635,1.07
8636,1.07
8638,1.07
8639,1.08
8641,1.07
8643,1.07
8644,1.07
8646,1.07
8647,1.08
8649,1.07
8651,1.07
8652,1.07
8654,1.07
8655,1.08
8657,1.07
8659,1.07
8660,1.07
8663,1.07
8664,1.08
8666,1.08
8668,1.07
8669,1.07
8671,1.07
8673,1.08
8674,1.07
8676,1.07
8677,1.07
8679,1.07
8681,1.08
8682,1.07
8684,1.07
8685,1.08
8687,1.07
8689,1.08
8690,1.07
8692,1.07
8693,1.07
8695,1.07
8697,1.08
8698,1.07
8700,1.07
8701,1.07
8704,1.07
8706,1.08
8707,1.07
8709,1.07
8710,1.07
8712,1.07
8714,1.08
8715,1.07
8717,1.07
8718,1.07
8720,1.07
8722,1.08
8723,1.07
8725,1.07
8727,1.07
8728,1.07
8730,1.07
8731,1.07
8733,1.07
8735,1.07
8736,1.07
8738,1.07
8739,1.07
8741,1.07
8743,1.07
8744,1.07
8747,1.07
8748,1.07
8750,1.07
8752,1.07
8753,1.07
8755,1.08
8756,1.07
8758,1.07
8760,1.07
8761,1.07
8763,1.07
8764,1.07
8766,1.08
8768,1.07
8769,1.07
8771,1.07
8772,1.07
8774,1.08
8776,1.07
8777,1.07
8779,1.07
8780,1.07
8782,1.08
8784,1.07
8785,1.07
8787,1.08
8790,1.07
8791,1.08
8793,1.07
8794,1.07
8796,1.07
8798,1.07
8799,1.07
8801,1.07
8802,1.07
8804,1.07
8806,1.07
8807,1.07
8809,1.07
8810,1.07
8812,1.07
8814,1.07
8815,1.07
8817,1.07
8818,1.07
8820,1.08
8822,1.07
8823,1.08
8825,1.07
8826,1.07
8828,1.07
8830,1.08
8832,1.08
8834,1.07
8835,1.07
8837,1.07
8839,1.07
8840,1.08
8842,1.07
8844,1.07
8845,1.07
8847,1.07
8848,1.07
8850,1.07
8852,1.07
8853,1.08
8855,1.07
8856,1.07
8858,1.07
8860,1.07
8861,1.07
8863,1.07
8864,1.07
8866,1.07
8868,1.07
8869,1.07
8871,1.07
8872,1.08
8875,1.08
8877,1.07
8878,1.07
8880,1.07
8881,1.07
8883,1.07
8885,1.07
8886,1.08
8888,1.08
8889,1.08
8891,1.07
8893,1.07
8894,1.07
8896,1.07
8897,1.08
8899,1.07
8901,1.07
8902,1.07
8904,1.07
8906,1.08
8907,1.08
8909,1.08
8910,1.07
8912,1.08
8914,1.08
8915,1.07
8918,1.08
8919,1.08
8921,1.08
8923,1.08
8924,1.08
8926,1.07
8927,1.07
8929,1.07
8931,1.07
8932,1.07
8934,1.07
8935,1.07
8937,1.07
8939,1.08
8940,1.08
8942,1.07
8943,1.07
8945,1.07
8947,1.07
8948,1.07
8950,1.08
8951,1.08
8953,1.07
8955,1.08
8956,1.08
8958,1.08
8961,1.07
8962,1.07
8964,1.08
8965,1.07
8967,1.08
8969,1.07
8970,1.08
8972,1.08
8973,1.08
8975,1.08
8977,1.07
8978,1.07
8980,1.07
8981,1.07
8983,1.08
8985,1.08
8986,1.07
8988,1.08
8989,1.08
8991,1.08
8993,1.08
8994,1.07
8996,1.08
8997,1.07
8999,1.08
9001,1.07
9003,1.08
9005,1.08
9006,1.08
9008,1.08
9010,1.07
9011,1.07
9013,1.07
9014,1.07
9016,1.08
9018,1.08
9019,1.08
9021,1.08
9023,1.08
9024,1.08
9026,1.07
9027,1.07
9029,1.08
9031,1.07
9032,1.08
9034,1.07
9035,1.08
9037,1.07
9039,1.08
9040,1.08
9042,1.08
9043,1.08
9046,1.07
9048,1.07
9049,1.08
9051,1.07
9052,1.07
9054,1.08
9056,1.07
9057,1.08
9059,1.08
9060,1.07
9062,1.08
9064,1.07
9065,1.08
9067,1.07
9068,1.08
9070,1.08
9072,1.08
9073,1.08
9075,1.07
9077,1.07
9078,1.07
9080,1.08
9081,1.08
9083,1.07
9085,1.07
9086,1.08
9089,1.08
9090,1.08
9092,1.08
9094,1.07
9095,1.08
9097,1.07
9098,1.08
9100,1.07
9102,1.07
9103,1.07
9105,1.08
9106,1.08
9108,1.07
9110,1.07
9111,1.07
9113,1.07
9114,1.07
9116,1.07
9118,1.08
9119,1.08
9121,1.08
9122,1.08
9124,1.07
9126,1.07
9127,1.08
9129,1.07
9131,1.08
9133,1.07
9135,1.07
9136,1.07
9138,1.08
9140,1.08
9141,1.08
9143,1.08
9144,1.07
9146,1.08
9148,1.07
9149,1.07
9151,1.08
9152,1.07
9154,1.08
9156,1.08
9157,1.08
9159,1.08
9160,1.08
9162,1.08
9164,1.07
9165,1.07
9167,1.08
9168,1.08
9170,1.08
9172,1.07
9174,1.08
9176,1.08
9177,1.07
9179,1.08
9181,1.07
9182,1.08
9184,1.08
9185,1.08
9187,1.08
9189,1.08
9190,1.07
9192,1.08
9194,1.08
9195,1.07
9197,1.07
9198,1.08
9200,1.08
9202,1.07
9203,1.08
9205,1.08
9206,1.08
9208,1.08
9210,1.07
9211,1.07
9213,1.07
9214,1.07
9217,1.08
9219,1.07
9220,1.08
9222,1.07
9223,1.08
9225,1.08
9227,1.08
9228,1.07
9230,1.07
9231,1.08
9233,1.08
9235,1.07
9236,1.08
9238,1.08
9239,1.07
9241,1.08
9243,1.08
9244,1.08
9246,1.07
9248,1.07
9249,1.08
9251,1.07
9252,1.08
9254,1.07
9256,1.08
9257,1.08
9260,1.08
9261,1.08
9263,1.08
9265,1.07
9266,1.08
9268,1.08
9269,1.08
9271,1.07
9273,1.08
9274,1.08
9276,1.08
9277,1.07
9279,1.08
9281,1.07
9282,1.08
9284,1.07
9285,1.07
9287,1.07
9289,1.07
9290,1.08
9292,1.08
9293,1.07
9295,1.08
9297,1.07
9298,1.07
9300,1.08
9302,1.08
9304,1.08
9306,1.08
9307,1.08
9309,1.08
9311,1.07
9312,1.07
9314,1.07
9315,1.07
9317,1.07
9319,1.07
9320,1.07
9322,1.07
9323,1.08
9325,1.08
9327,1.08
9328,1.07
9330,1.07
9331,1.07
9333,1.07
9335,1.08
9336,1.07
9338,1.07
9339,1.07
9341,1.08
9344,1.07
9345,1.07
9347,1.07
9348,1.07
9350,1.07
9352,1.07
9353,1.07
9355,1.07
9356,1.07
9358,1.08
9360,1.07
9361,1.07
9363,1.07
9365,1.07
9366,1.07
9368,1.08
9369,1.07
9371,1.07
9373,1.07
9374,1.07
9376,1.07
9377,1.07
9379,1.07
9381,1.07
9382,1.07
9384,1.08
9385,1.07
9388,1.07
9390,1.08
9391,1.08
9393,1.07
9394,1.07
9396,1.07
9398,1.07
9399,1.07
9401,1.08
9402,1.07
9404,1.07
9406,1.07
9407,1.07
9409,1.08
9410,1.07
9412,1.07
9414,1.07
9415,1.07
9417,1.08
9418,1.07
9420,1.07
9422,1.07
9423,1.08
9425,1.08
9427,1.07
9428,1.07
9431,1.07
9432,1.07
9434,1.08
9436,1.07
9437,1.07
9439,1.07
9440,1.07
9442,1.08
9444,1.07
9445,1.07
9447,1.07
9448,1.07
9450,1.08
9452,1.07
9453,1.07
9455,1.07
9456,1.08
9458,1.08
9460,1.07
9461,1.07
9463,1.07
9464,1.07
9466,1.08
9468,1.07
9469,1.07
9472,1.07
9473,1.07
9475,1.07
9477,1.07
9478,1.07
9480,1.07
9482,1.07
9483,1.07
9485,1.07
9486,1.07
9488,1.07
9490,1.08
9491,1.07
9493,1.07
9494,1.07
9496,1.07
9498,1.07
9499,1.07
9501,1.07
9502,1.07
9504,1.07
9506,1.07
9507,1.07
9509,1.07
9510,1.07
9512,1.07
9515,1.07
9516,1.07
9518,1.07
9519,1.08
9521,1.07
9523,1.08
9524,1.07
9526,1.07
9527,1.08
9529,1.07
9531,1.07
9532,1.07
9534,1.07
9536,1.08
9537,1.07
9539,1.07
9540,1.07
9542,1.07
9544,1.07
9545,1.07
9547,1.07
9548,1.07
9550,1.07
9552,1.07
9553,1.07
9555,1.07
9556,1.07
9559,1.07
9561,1.08
9562,1.07
9564,1.07
9565,1.08
9567,1.07
9569,1.08
9570,1.07
9572,1.07
9574,1.07
9575,1.07
9577,1.08
9578,1.07
9580,1.07
9582,1.07
9583,1.07
9585,1.07
9586,1.07
9588,1.08
9590,1.08
9591,1.07
9593,1.07
9594,1.07
9596,1.07
9598,1.08
9600,1.07
9602,1.08
9603,1.07
9605,1.07
9607,1.07
9608,1.07
9610,1.08
9611,1.07
9613,1.07
9615,1.07
9616,1.07
9618,1.08
9620,1.07
9621,1.08
9623,1.07
9624,1.07
9626,1.07
9628,1.07
9629,1.07
9631,1.08
9632,1.07
9634,1.07
9636,1.08
9637,1.07
9639,1.07
9640,1.07
9643,1.07
9645,1.08
9646,1.07
9648,1.07
9649,1.07
9651,1.07
9653,1.08
9654,1.08
9656,1.08
9657,1.08
9659,1.07
9661,1.07
9662,1.08
9664,1.08
9665,1.07
9667,1.07
9669,1.08
9670,1.08
9672,1.08
9674,1.08
9675,1.07
9677,1.07
9678,1.08
9680,1.08
9682,1.07
9683,1.07
9686,1.08
9687,1.08
9689,1.08
9691,1.08
9692,1.07
9694,1.07
9695,1.08
9697,1.08
9699,1.07
9700,1.07
9702,1.08
9703,1.08
9705,1.08
9707,1.08
9708,1.07
9710,1.08
9711,1.08
9713,1.08
9715,1.07
9716,1.08
9718,1.07
9719,1.08
9721,1.07
9723,1.08
9724,1.07
9726,1.07
9729,1.08
9730,1.08
9732,1.07
9733,1.07
9735,1.07
9737,1.08
9738,1.08
9740,1.08
9741,1.07
9743,1.07
9745,1.08
9746,1.07
9748,1.07
9749,1.07
9751,1.07
9753,1.08
9754,1.08
9756,1.08
9757,1.07
9759,1.07
9761,1.08
9762,1.08
9764,1.07
9765,1.07
9767,1.07
9769,1.08
9771,1.08
9773,1.08
9774,1.08
9776,1.07
9778,1.08
9779,1.08
9781,1.07
9782,1.07
9784,1.07
9786,1.08
9787,1.07
9789,1.07
9791,1.08
9792,1.08
9794,1.08
9795,1.08
9797,1.07
9799,1.07
9800,1.07
9802,1.08
9803,1.08
9805,1.08
9807,1.08
9808,1.07
9810,1.08
9811,1.07
9814,1.07
9816,1.07
9817,1.07
9819,1.08
9820,1.08
9822,1.08
9824,1.08
9825,1.07
9827,1.07
9828,1.07
9830,1.07
9832,1.07
9833,1.07
9835,1.07
9836,1.08
9838,1.08
9840,1.08
9841,1.08
9843,1.08
9845,1.07
9846,1.08
9848,1.08
9849,1.07
9851,1.08
9853,1.07
9854,1.08
9857,1.08
9858,1.08
9860,1.08
9862,1.08
9863,1.08
9865,1.07
9866,1.07
9868,1.07
9870,1.07
9871,1.08
9873,1.08
9874,1.08
9876,1.07
9878,1.07
9879,1.08
9881,1.07
9882,1.08
9884,1.08
9886,1.07
9887,1.08
9889,1.08
9890,1.07
9892,1.08
9894,1.07
9895,1.08
9897,1.07
9899,1.07
9901,1.07
9903,1.07
9904,1.08
9906,1.08
9908,1.07
9909,1.07
9911,1.07
9912,1.08
9914,1.07
9916,1.07
9917,1.08
9919,1.07
9920,1.08
9922,1.07
9924,1.07
9925,1.07
9927,1.07
9928,1.08
9930,1.07
9932,1.08
9933,1.07
9935,1.07
9936,1.08
9938,1.08
9940,1.08
9942,1.08
9944,1.07
9945,1.08
9947,1.07
9949,1.08
9950,1.08
9952,1.08
9953,1.08
9955,1.07
9957,1.08
9958,1.07
9960,1.07
9962,1.08
9963,1.07
9965,1.07
9966,1.07
9968,1.07
9970,1.08
9971,1.08
9973,1.08
9974,1.07
9976,1.07
9978,1.08
9979,1.08
9981,1.08
9982,1.08
9985,1.08
9987,1.08
9988,1.08
9990,1.08
9991,1.07
9993,1.08
9995,1.08
9996,1.07
9998,1.07
9999,1.07
10001,1.07
10003,1.08
10004,1.08
10006,1.08
10008,1.07
10009,1.08
10011,1.07
10013,1.07
10014,1.08
10016,1.08
10018,1.07
10019,1.07
10021,1.08
10023,1.08
10024,1.07
10027,1.07
10028,1.07
10030,1.07
10032,1.07
10033,1.07
10035,1.08
10037,1.08
10038,1.08
10040,1.07
10042,1.08
10043,1.08
10045,1.08
10047,1.07
10048,1.07
10050,1.07
10052,1.08
10053,1.07
10055,1.07
10057,1.08
10058,1.08
10060,1.07
10061,1.07
10063,1.08
10065,1.07
10066,1.07
10068,1.08
10071,1.08
10072,1.08
10074,1.08
10076,1.07
10077,1.07
10079,1.07
10081,1.08
10082,1.07
10084,1.07
10086,1.07
10087,1.08
10089,1.08
10091,1.08
10092,1.08
10094,1.08
10095,1.07
10097,1.07
10099,1.07
10100,1.08
10102,1.07
10104,1.08
10105,1.08
10107,1.08
10109,1.07
10110,1.07
10113,1.08
10115,1.08
10116,1.07
10118,1.07
10120,1.07
10121,1.08
10123,1.07
10125,1.07
10126,1.07
10128,1.07
10129,1.08
10131,1.08
10133,1.07
10134,1.07
10136,1.08
10138,1.08
10139,1.08
10141,1.08
10143,1.07
10144,1.07
10146,1.08
10148,1.08
10149,1.08
10151,1.07
10153,1.08
10155,1.08
10157,1.08
10159,1.08
10160,1.07
10162,1.07
10164,1.08
10165,1.07
10167,1.08
10168,1.08
10170,1.08
10172,1.07
10173,1.07
10175,1.08
10177,1.08
10178,1.08
10180,1.07
10182,1.07
10183,1.07
10185,1.07
10187,1.08
10188,1.08
10190,1.08
10192,1.08
10193,1.07
10195,1.07
10198,1.07
10199,1.08
10201,1.07
10202,1.07
10204,1.08
10206,1.08
10207,1.08
10209,1.07
10211,1.07
10212,1.08
10214,1.07
10216,1.07
10217,1.07
10219,1.08
10221,1.07
10222,1.08
10224,1.07
10226,1.07
10227,1.08
10229,1.07
10231,1.07
10232,1.07
10234,1.07
10235,1.08
10237,1.07
10240,1.08
10241,1.07
10243,1.07
10245,1.07
10246,1.08
10248,1.08
10250,1.07
10251,1.07
10253,1.08
10255,1.08
10256,1.08
10258,1.07
10260,1.07
10261,1.07
10263,1.07
10264,1.07
10266,1.07
10268,1.08
10269,1.08
10271,1.08
10273,1.08
10274,1.07
10276,1.08
10278,1.08
10279,1.07
10281,1.07
10284,1.08
10285,1.08
10287,1.08
10289,1.08
10290,1.08
10292,1.07
10294,1.08
10295,1.07
10297,1.08
10298,1.07
10300,1.07
10302,1.08
10303,1.07
10305,1.08
10307,1.07
10308,1.07
10310,1.07
10312,1.08
10313,1.08
10315,1.07
10317,1.07
10318,1.08
10320,1.08
10322,1.08
10323,1.08
10326,1.08
10328,1.07
10329,1.07
10331,1.07
10333,1.07
10334,1.08
10336,1.07
10337,1.08
10339,1.07
10341,1.08
10342,1.08
10344,1.08
10346,1.08
10347,1.07
10349,1.07
10351,1.07
10352,1.08
10354,1.08
10356,1.08
10357,1.07
10359,1.08
10361,1.08
10362,1.08
10364,1.07
10366,1.07
10368,1.07
10370,1.08
10371,1.07
10373,1.08
10375,1.08
10376,1.07
10378,1.07
10380,1.07
10381,1.07
10383,1.08
10385,1.08
10386,1.08
10388,1.08
10390,1.08
10391,1.08
10393,1.07
10395,1.08
10396,1.07
10398,1.07
10400,1.07
10401,1.07
10403,1.08
10404,1.07
10406,1.08
10408,1.07
10409,1.08
10412,1.08
10414,1.07
10415,1.07
10417,1.07
10419,1.07
10420,1.08
10422,1.07
10424,1.07
10425,1.07
10427,1.08
10429,1.08
10430,1.08
10432,1.08
10434,1.07
10435,1.08
10437,1.07
10438,1.08
10440,1.08
10442,1.07
10443,1.07
10445,1.07
10447,1.07
10448,1.08
10450,1.07
10452,1.08
10454,1.08
10456,1.07
10458,1.08
10459,1.07
10461,1.08
10463,1.07
10464,1.08
10466,1.07
10468,1.07
10469,1.08
10471,1.08
10472,1.08
10474,1.07
10476,1.07
10477,1.07
10479,1.07
10481,1.08
10482,1.08
10484,1.08
10486,1.08
10487,1.08
10489,1.08
10491,1.08
10492,1.08
10494,1.07
10497,1.07
10498,1.08
10500,1.07
10502,1.08
10503,1.08
10505,1.07
10507,1.08
10508,1.08
10510,1.08
10511,1.07
10513,1.07
10515,1.07
10516,1.07
10518,1.08
10520,1.08
10521,1.07
10523,1.08
10525,1.07
10526,1.07
10528,1.07
10530,1.08
10531,1.07
10533,1.07
10535,1.07
10536,1.08
10539,1.08
10541,1.08
10542,1.08
10544,1.07
10545,1.07
10547,1.08
10549,1.07
10550,1.07
10552,1.08
10554,1.08
10555,1.07
10557,1.08
10559,1.08
10560,1.07
10562,1.07
10564,1.08
10565,1.07
10567,1.08
10569,1.07
10570,1.07
10572,1.08
10574,1.07
10575,1.08
10577,1.07
10578,1.07
10580,1.08
10583,1.07
10584,1.07
10586,1.08
10588,1.08
10589,1.08
10591,1.07
10593,1.07
10594,1.08
10596,1.08
10598,1.08
10599,1.07
10601,1.07
10603,1.07
10604,1.08
10606,1.08
10608,1.08
10609,1.07
10611,1.08
10612,1.07
10614,1.07
10616,1.08
10617,1.08
10619,1.07
10621,1.08
10622,1.08
10625,1.08
10627,1.07
10628,1.07
10630,1.08
10632,1.07
10633,1.07
10635,1.07
10637,1.08
10638,1.08
10640,1.08
10642,1.08
10643,1.07
10645,1.08
10647,1.07
10648,1.07
10650,1.07
10651,1.08
10653,1.08
10655,1.07
10656,1.08
10658,1.07
10660,1.07
10661,1.08
10663,1.07
10665,1.08
10667,1.08
10669,1.07
10671,1.08
10672,1.08
10674,1.08
10676,1.07
10677,1.07
10679,1.07
10681,1.07
10682,1.08
10684,1.08
10685,1.08
10687,1.08
10689,1.07
10690,1.08
10692,1.07
10694,1.08
10695,1.07
10697,1.07
10699,1.07
10700,1.07
10702,1.08
10704,1.08
10705,1.08
10707,1.08
10710,1.07
10711,1.08
10713,1.07
10715,1.08
10716,1.07
10718,1.08
10720,1.07
10721,1.07
10723,1.08
10724,1.07
10726,1.07
10728,1.07
10729,1.07
10731,1.08
10733,1.07
10734,1.08
10736,1.07
10738,1.08
10739,1.08
10741,1.07
10743,1.08
10744,1.07
10746,1.07
10748,1.07
10749,1.07
10752,1.08
10754,1.08
10755,1.08
10757,1.07
10758,1.07
10760,1.07
10762,1.08
10763,1.08
10765,1.07
10767,1.08
10768,1.08
10770,1.08
10772,1.08
10773,1.08
10775,1.07
10777,1.07
10778,1.07
10780,1.08
10782,1.07
10783,1.08
10785,1.07
10787,1.08
10788,1.08
10790,1.08
10792,1.08
10793,1.08
10796,1.08
10797,1.07
10799,1.08
10801,1.08
10802,1.07
10804,1.08
10806,1.08
10807,1.07
10809,1.08
10811,1.07
10812,1.08
10814,1.07
10816,1.08
10817,1.08
10819,1.08
10821,1.08
10822,1.07
10824,1.07
10826,1.07
10827,1.07
10829,1.08
10830,1.07
10832,1.07
10834,1.07
10835,1.08
10838,1.08
10840,1.08
10841,1.08
10843,1.07
10845,1.08
10846,1.07
10848,1.07
10850,1.08
10851,1.07
10853,1.08
10855,1.08
10856,1.08
10858,1.08
10860,1.08
10861,1.08
10863,1.07
10864,1.07
10866,1.07
10868,1.08
10869,1.08
10871,1.08
10873,1.08
10874,1.07
10876,1.07
10878,1.08
10880,1.07
10882,1.08
10884,1.07
10885,1.07
10887,1.08
10889,1.08
10890,1.07
10892,1.07
10894,1.08
10895,1.07
10897,1.07
10898,1.08
10900,1.07
10902,1.07
10903,1.08
10905,1.08
10907,1.08
10908,1.07
10910,1.07
10912,1.07
10913,1.08
10915,1.08
10917,1.07
10918,1.08
10920,1.07
10923,1.07
10924,1.07
10926,1.07
10928,1.08
10929,1.07
10931,1.08
10932,1.07
10934,1.07
10936,1.08
10937,1.08
10939,1.08
10941,1.08
10942,1.07
10944,1.07
10946,1.08
10947,1.08
10949,1.07
10951,1.08
10952,1.08
10954,1.08
10956,1.08
10957,1.08
10959,1.08
10961,1.07
10962,1.07
10964,1.08
10966,1.07
10968,1.07
10970,1.08
10971,1.08
10973,1.08
10975,1.08
10976,1.08
10978,1.08
10980,1.07
10981,1.07
10983,1.07
10985,1.08
10986,1.08
10988,1.08
10990,1.07
10991,1.08
10993,1.07
10995,1.07
10996,1.08
10998,1.07
11000,1.07
11001,1.07
11003,1.08
11004,1.08
11006,1.07
11009,1.07
11010,1.07
11012,1.07
11014,1.08
11015,1.07
11017,1.08
11019,1.08
11020,1.08
11022,1.08
11024,1.08
11025,1.08
11027,1.08
11029,1.07
11030,1.07
11032,1.07
11033,1.08
11035,1.08
11037,1.08
11038,1.08
11040,1.07
11042,1.08
11043,1.07
11045,1.07
11047,1.08
11048,1.07
11051,1.07
11053,1.07
11054,1.08
11056,1.08
11058,1.08
11059,1.07
11061,1.07
11063,1.08
11064,1.07
11066,1.07
11067,1.07
11069,1.07
11071,1.08
11072,1.07
11074,1.07
11076,1.07
11077,1.07
11079,1.08
11081,1.07
11082,1.08
11084,1.07
11086,1.07
11087,1.08
11089,1.08
11091,1.08
11092,1.08
11095,1.07
11097,1.07
11098,1.07
11100,1.08
11101,1.08
11103,1.08
11105,1.07
11106,1.08
11108,1.07
11110,1.07
11111,1.08
11113,1.07
11115,1.07
11116,1.07
11118,1.08
11120,1.08
11121,1.08
11123,1.08
11125,1.08
11126,1.07
11128,1.08
11129,1.07
11131,1.08
11133,1.08
11134,1.08
11137,1.07
11139,1.08
11140,1.08
11142,1.07
11144,1.08
11145,1.07
11147,1.08
11149,1.08
11150,1.07
11152,1.08
11154,1.07
11155,1.08
11157,1.08
11159,1.07
11160,1.08
11162,1.07
11163,1.07
11165,1.07
11167,1.07
11168,1.08
11170,1.08
11172,1.08
11173,1.07
11175,1.07
11177,1.08
11179,1.07
11181,1.07
11183,1.07
11184,1.07
11186,1.08
11188,1.07
11189,1.08
11191,1.07
11193,1.07
11194,1.07
11196,1.07
11197,1.08
11199,1.08
11201,1.08
11202,1.08
11204,1.07
11206,1.08
11207,1.07
11209,1.08
11211,1.07
11212,1.08
11214,1.07
11216,1.07
11217,1.08
11219,1.07
11222,1.08
11223,1.08
11225,1.08
11226,1.08
11228,1.07
11230,1.07
11231,1.08
11233,1.08
11235,1.08
11236,1.08
11238,1.08
11240,1.07
11241,1.07
11243,1.07
11245,1.08
11246,1.08
11248,1.07
11250,1.07
11251,1.07
11253,1.08
11255,1.08
11256,1.07
11258,1.07
11260,1.07
11261,1.08
11264,1.07
11265,1.07
11267,1.08
11269,1.07
11270,1.08
11272,1.07
11274,1.07
11275,1.08
11277,1.08
11279,1.07
11280,1.07
11282,1.07
11284,1.08
11285,1.08
11287,1.08
11289,1.08
11290,1.07
11292,1.07
11294,1.08
11295,1.08
11297,1.07
11299,1.08
11300,1.07
11302,1.08
11303,1.08
11305,1.08
11308,1.08
11309,1.08
11311,1.07
11313,1.08
11314,1.07
11316,1.08
11318,1.07
11319,1.08
11321,1.08
11323,1.08
11324,1.08
11326,1.07
11328,1.08
11329,1.07
11331,1.08
11333,1.08
11334,1.08
11336,1.08
11337,1.08
11339,1.08
11341,1.07
11342,1.07
11344,1.08
11346,1.07
11347,1.07
11350,1.07
11352,1.07
11353,1.08
11355,1.08
11357,1.07
11358,1.07
11360,1.07
11362,1.08
11363,1.07
11365,1.08
11366,1.07
11368,1.08
11370,1.07
11371,1.08
11373,1.08
11375,1.08
11376,1.07
11378,1.08
11380,1.07
11381,1.08
11383,1.08
11385,1.08
11386,1.08
11388,1.07
11390,1.08
11392,1.07
11394,1.08
11396,1.08
11397,1.08
11399,1.08
11401,1.07
11402,1.08
11404,1.07
11405,1.08
11407,1.08
11409,1.07
11410,1.08
11412,1.08
11414,1.07
11415,1.07
11417,1.07
11419,1.07
11420,1.08
11422,1.08
11424,1.07
11425,1.07
11427,1.08
11429,1.08
11430,1.08
11432,1.07
11435,1.08
11436,1.08
11438,1.08
11439,1.08
11441,1.08
11443,1.07
11444,1.08
11446,1.07
11448,1.07
11449,1.07
11451,1.08
11453,1.08
11454,1.08
11456,1.07
11458,1.07
11459,1.08
11461,1.07
11463,1.07
11464,1.07
11466,1.08
11468,1.07
11469,1.08
11471,1.08
11472,1.08
11474,1.08
11476,1.07
11478,1.07
11480,1.08
11482,1.07
11483,1.07
11485,1.08
11487,1.08
11488,1.08
11490,1.08
11492,1.07
11493,1.07
11495,1.08
11497,1.08
11498,1.07
11500,1.08
11502,1.07
11503,1.08
11505,1.08
11506,1.08
11508,1.08
11510,1.08
11511,1.07
11513,1.08
11515,1.08
11516,1.08
11518,1.07
11521,1.07
11522,1.07
11524,1.07
11526,1.07
11527,1.07
11529,1.08
11531,1.08
11532,1.07
11534,1.08
11536,1.08
11537,1.08
11539,1.08
11540,1.08
11542,1.07
11544,1.07
11545,1.08
11547,1.07
11549,1.08
11550,1.08
11552,1.07
11554,1.07
11555,1.07
11557,1.08
11559,1.07
11560,1.07
11563,1.07
11565,1.07
11566,1.07
11568,1.07
11570,1.07
11571,1.07
11573,1.07
11574,1.07
11576,1.07
11578,1.08
11579,1.07
11581,1.07
11583,1.07
11584,1.07
11586,1.08
11588,1.07
11589,1.07
11591,1.07
11593,1.07
11594,1.08
11596,1.07
11598,1.07
11599,1.07
11601,1.07
11603,1.07
11604,1.08
11607,1.08
11608,1.07
11610,1.07
11612,1.07
11613,1.07
11615,1.08
11617,1.07
11618,1.07
11620,1.07
11622,1.07
11623,1.07
11625,1.07
11627,1.08
11628,1.07
11630,1.07
11632,1.07
11633,1.07
11635,1.08
11637,1.07
11638,1.07
11640,1.07
11642,1.07
11643,1.08
11645,1.07
11646,1.07
11649,1.07
11651,1.07
11652,1.07
11654,1.07
11656,1.08
11657,1.07
11659,1.07
11661,1.07
11662,1.07
11664,1.08
11666,1.07
11667,1.07
11669,1.07
11671,1.08
11672,1.08
11674,1.07
11675,1.07
11677,1.07
11679,1.07
11680,1.07
11682,1.07
11684,1.07
11685,1.07
11687,1.07
11689,1.07
11691,1.07
11693,1.08
11695,1.07
11696,1.07
11698,1.07
11700,1.08
11701,1.08
11703,1.07
11705,1.08
11706,1.07
11708,1.07
11710,1.07
11711,1.07
11713,1.07
11714,1.07
11716,1.07
11718,1.07
11719,1.07
11721,1.08
11723,1.07
11724,1.07
11726,1.07
11728,1.07
11729,1.07
11731,1.07
11734,1.08
11735,1.07
11737,1.07
11739,1.07
11740,1.07
11742,1.08
11744,1.07
11745,1.08
11747,1.07
11748,1.08
11750,1.08
11752,1.07
11753,1.07
11755,1.07
11757,1.07
11758,1.07
11760,1.07
11762,1.07
11763,1.07
11765,1.07
11767,1.07
11768,1.07
11770,1.08
11772,1.07
11773,1.07
11776,1.07
11778,1.07
11779,1.08
11781,1.07
11782,1.07
11784,1.07
11786,1.07
11787,1.07
11789,1.07
11791,1.07
11792,1.07
11794,1.07
11796,1.07
11797,1.07
11799,1.07
11801,1.07
11802,1.08
11804,1.07
11806,1.07
11807,1.07
11809,1.07
11811,1.07
11812,1.07
11814,1.07
11815,1.07
11817,1.07
11820,1.08
11821,1.08
11823,1.07
11825,1.07
11826,1.07
11828,1.07
11830,1.07
11831,1.07
11833,1.07
11835,1.07
11836,1.07
11838,1.07
11840,1.07
11841,1.07
11843,1.07
11844,1.07
11846,1.08
11848,1.08
11849,1.07
11851,1.07
11853,1.07
11854,1.07
11856,1.08
11858,1.07
11859,1.07
11862,1.07
11864,1.07
11865,1.07
11867,1.07
11869,1.08
11870,1.07
11872,1.07
11874,1.07
11875,1.07
11877,1.07
11879,1.07
11880,1.07
11882,1.07
11883,1.07
11885,1.08
11887,1.07
11888,1.07
11890,1.07
11892,1.07
11893,1.07
11895,1.07
11897,1.08
11898,1.07
11900,1.08
11902,1.07
11904,1.07
11906,1.07
11908,1.07
11909,1.07
11911,1.07
11913,1.07
11914,1.07
11916,1.07
11917,1.08
11919,1.08
11921,1.07
11922,1.08
11924,1.07
11926,1.08
11927,1.07
11929,1.07
11931,1.07
11932,1.07
11934,1.08
11936,1.07
11937,1.07
11939,1.07
11941,1.07
11942,1.07
11944,1.08
11947,1.08
11948,1.07
11950,1.07
11951,1.08
11953,1.07
11955,1.08
11956,1.07
11958,1.07
11960,1.07
11961,1.07
11963,1.08
11965,1.07
11966,1.08
11968,1.08
11970,1.07
11971,1.08
11973,1.07
11975,1.07
11976,1.07
11978,1.07
11980,1.07
11981,1.07
11983,1.08
11984,1.07
11986,1.07
11988,1.08
11990,1.07
11992,1.07
11994,1.07
11995,1.07
11997,1.07
11999,1.07
12000,1.07
12002,1.07
12004,1.08
12005,1.07
12007,1.07
12009,1.07
12010,1.08
12012,1.08
12013,1.07
12015,1.07
12017,1.07
12018,1.07
12020,1.07
12022,1.08
12023,1.08
12025,1.07
12027,1.07
12028,1.07
12030,1.07
12033,1.08
12034,1.07
12036,1.07
12038,1.08
12039,1.08
12041,1.08
12043,1.07
12044,1.08
12046,1.07
12048,1.07
12049,1.08
12051,1.08
12052,1.08
12054,1.08
12056,1.08
12057,1.07
12059,1.07
12061,1.08
12062,1.07
12064,1.07
12066,1.08
12067,1.07
12069,1.08
12071,1.08
12072,1.08
12075,1.07
12077,1.07
12078,1.07
12080,1.07
12082,1.08
12083,1.08
12085,1.08
12086,1.07
12088,1.08
12090,1.08
12091,1.07
12093,1.08
12095,1.07
12096,1.07
12098,1.08
12100,1.08
12101,1.08
12103,1.07
12105,1.08
12106,1.08
12108,1.07
12110,1.08
12111,1.07
12113,1.07
12115,1.07
12116,1.08
12119,1.08
12120,1.08
12122,1.08
12124,1.07
12125,1.07
12127,1.07
12129,1.07
12130,1.08
12132,1.07
12134,1.08
12135,1.07
12137,1.08
12139,1.08
12140,1.08
12142,1.08
12144,1.07
12145,1.07
12147,1.08
12149,1.08
12150,1.08
12152,1.08
12153,1.08
12155,1.08
12157,1.08
12158,1.08
12161,1.07
12163,1.07
12164,1.08
12166,1.07
12168,1.08
12169,1.07
12171,1.08
12173,1.07
12174,1.07
12176,1.07
12178,1.07
12179,1.08
12181,1.07
12183,1.07
12184,1.08
12186,1.08
12188,1.08
12189,1.08
12191,1.08
12192,1.08
12194,1.07
12196,1.08
12197,1.07
12199,1.07
12201,1.08
12203,1.07
12205,1.07
12207,1.08
12208,1.08
12210,1.08
12212,1.07
12213,1.07
12215,1.07
12217,1.08
12218,1.08
12220,1.08
12222,1.07
12223,1.08
12225,1.07
12227,1.07
12228,1.07
12230,1.07
12231,1.07
12233,1.08
12235,1.08
12236,1.08
12238,1.08
12240,1.07
12241,1.08
12243,1.08
12246,1.08
12247,1.07
12249,1.07
12251,1.08
12252,1.08
12254,1.08
12256,1.08
12257,1.08
12259,1.08
12261,1.07
12262,1.08
12264,1.08
12265,1.08
12267,1.07
12269,1.07
12270,1.07
12272,1.07
12274,1.08
12275,1.07
12277,1.07
12279,1.08
12280,1.07
12282,1.07
12284,1.08
12285,1.08
12288,1.07
12290,1.07
12291,1.07
12293,1.08
12294,1.08
12296,1.08
12298,1.07
12299,1.07
12301,1.08
12303,1.08
12304,1.08
12306,1.08
12308,1.07
12309,1.07
12311,1.07
12313,1.07
12314,1.08
12316,1.08
12318,1.08
12319,1.08
12321,1.08
12323,1.08
12324,1.08
12326,1.07
12328,1.07
12329,1.07
12332,1.07
12333,1.07
12335,1.08
12337,1.07
12338,1.08
12340,1.08
12342,1.08
12343,1.08
12345,1.07
12347,1.07
12348,1.08
12350,1.08
12352,1.08
12353,1.07
12355,1.08
12357,1.08
12358,1.08
12360,1.08
12362,1.08
12363,1.08
12365,1.07
12366,1.07
12368,1.08
12370,1.08
12371,1.08
12374,1.08
12376,1.07
12377,1.07
12379,1.07
12381,1.08
12382,1.08
12384,1.08
12386,1.07
12387,1.08
12389,1.07
12391,1.07
12392,1.08
12394,1.08
12396,1.08
12397,1.07
12399,1.07
12400,1.08
12402,1.08
12404,1.08
12405,1.07
12407,1.07
12409,1.08
12410,1.07
12412,1.08
12414,1.07
12416,1.08
12418,1.08
12420,1.07
12421,1.08
12423,1.08
12425,1.07
12426,1.07
12428,1.07
12430,1.08
12431,1.07
12433,1.08
12434,1.08
12436,1.08
12438,1.08
12439,1.08
12441,1.08
12443,1.07
12444,1.07
12446,1.07
12448,1.08
12449,1.08
12451,1.07
12453,1.07
12454,1.08
12456,1.08
12459,1.08
12460,1.08
12462,1.08
12464,1.07
12465,1.08
12467,1.07
12469,1.07
12470,1.08
12472,1.08
12473,1.07
12475,1.07
12477,1.07
12478,1.08
12480,1.07
12482,1.07
12483,1.08
12485,1.08
12487,1.08
12488,1.07
12490,1.08
12492,1.07
12493,1.08
12495,1.07
12497,1.07
12498,1.08
12500,1.07
12503,1.08
12504,1.08
12506,1.07
12507,1.08
12509,1.07
12511,1.07
12512,1.07
12514,1.07
12516,1.08
12517,1.07
12519,1.08
12521,1.07
12522,1.07
12524,1.07
12526,1.07
12527,1.08
12529,1.07
12531,1.07
12532,1.07
12534,1.07
12536,1.08
12537,1.08
12539,1.07
12540,1.07
12542,1.07
12545,1.07
12546,1.07
12548,1.08
12550,1.08
12551,1.07
12553,1.08
12555,1.07
12556,1.08
12558,1.07
12560,1.08
12561,1.07
12563,1.08
12565,1.07
12566,1.08
12568,1.08
12570,1.07
12571,1.07
12573,1.07
12574,1.07
12576,1.08
12578,1.07
12579,1.07
12581,1.07
12583,1.07
12584,1.07
12587,1.07
12589,1.07
12590,1.07
12592,1.08
12594,1.07
12595,1.07
12597,1.08
12599,1.07
12600,1.07
12602,1.07
12604,1.08
12605,1.08
12607,1.07
12608,1.07
12610,1.07
12612,1.07
12613,1.08
12615,1.07
12617,1.07
12618,1.07
12620,1.07
12622,1.07
12623,1.07
12625,1.08
12627,1.07
12628,1.07
12631,1.07
12633,1.07
12634,1.08
12636,1.08
12637,1.07
12639,1.07
12641,1.07
12642,1.08
12644,1.07
12646,1.07
12647,1.07
12649,1.07
12651,1.07
12652,1.07
12654,1.07
12656,1.07
12657,1.08
12659,1.07
12661,1.07
12662,1.08
12664,1.07
12666,1.07
12667,1.08
12669,1.08
12670,1.07
12673,1.07
12675,1.07
12676,1.07
12678,1.07
12680,1.08
12681,1.07
12683,1.07
12685,1.07
12686,1.07
12688,1.07
12690,1.07
12691,1.07
12693,1.07
12695,1.07
12696,1.07
12698,1.07
