17,1.0468
19,1.0444
20,1.0444
22,1.0492
24,1.0444
26,1.0460
28,1.0444
30,1.0468
32,1.0315
34,1.0444
36,1.0444
38,1.0444
40,1.0444
42,1.0444
44,1.0468
46,1.0444
48,1.0468
50,1.0484
62,1.0468
64,1.0444
66,1.0468
68,1.0444
70,1.0452
72,1.0452
74,1.0468
76,1.0444
78,1.0444
80,1.0452
82,1.0444
84,1.0516
86,1.0468
88,1.0460
90,1.0460
92,1.0049
94,1.0468
96,1.0444
98,1.0484
100,1.0444
102,1.0444
112,1.0460
114,1.0452
116,1.0428
118,1.0436
120,1.0420
122,1.0525
124,1.0420
126,1.0444
128,1.0444
130,1.0444
132,1.0444
134,1.0468
136,1.0444
146,1.0460
148,1.0452
150,1.0452
152,1.0484
154,1.0444
156,1.0444
158,1.0460
160,1.0460
162,1.0444
164,1.0452
166,1.0468
168,1.0468
170,1.0444
180,1.0452
182,1.0492
184,1.0476
186,1.0444
188,1.0420
190,1.0444
192,1.0444
194,1.0444
196,1.0436
198,1.0404
200,1.0565
202,1.0444
204,1.0452
214,1.0492
216,1.0468
218,1.0468
220,1.0452
222,1.0452
224,1.0347
226,1.0460
228,1.0476
230,1.0444
232,1.0444
234,1.0444
236,1.0468
238,1.0444
248,1.0420
250,1.0476
252,1.0460
254,1.0452
256,1.0436
258,1.0420
260,1.0452
262,1.0436
264,1.0452
266,1.0468
268,1.0444
270,1.0468
272,1.0388
274,1.0460
284,1.0460
286,1.0444
288,1.0460
290,1.0436
292,1.0444
294,1.0468
296,1.0468
298,1.0444
300,1.0452
302,1.0444
304,1.0436
306,1.0444
308,1.0420
318,1.0114
320,1.0484
322,1.0444
324,1.0484
326,1.0444
328,1.0444
330,1.0460
332,1.0468
334,1.0500
336,1.0460
338,1.0549
340,1.0460
342,1.0444
352,1.0460
354,1.0436
356,1.0452
358,1.0500
360,1.0476
362,1.0460
364,1.0444
366,1.0428
368,1.0476
370,1.0444
372,1.0444
374,1.0444
376,1.0452
386,1.0484
388,1.0452
390,1.0460
392,1.0468
394,1.0484
396,1.0460
398,1.0436
400,1.0460
402,1.0468
404,1.0444
406,1.0444
408,1.0460
410,1.0428
420,1.0452
422,1.0436
424,1.0484
426,1.0444
428,1.0444
430,1.0436
432,1.0452
434,1.0452
436,1.0516
438,1.0476
440,1.0178
442,1.0452
444,1.0404
454,1.0428
456,1.0460
458,1.0484
460,1.0444
462,1.0500
464,1.0444
466,1.0444
468,1.0484
470,1.0525
472,1.0484
474,1.0436
476,1.0444
478,1.0460
488,1.0404
490,1.0468
492,1.0468
494,1.0533
496,1.0468
498,1.0460
500,1.0347
502,1.0186
504,1.0444
506,1.0428
508,1.0444
510,1.0444
512,1.0452
514,1.0452
524,1.0468
526,1.0468
528,1.0444
530,1.0412
532,1.0468
534,1.0444
536,1.0444
538,1.0444
540,1.0444
542,1.0460
544,1.0444
546,1.0460
548,1.0444
558,1.0444
560,1.0460
562,1.0436
564,1.0476
566,1.0404
568,1.0396
570,1.0444
572,1.0444
574,1.0484
576,1.0420
578,1.0444
580,1.0468
590,1.0492
592,1.0436
594,1.0468
596,1.0428
598,1.0444
600,1.0444
602,1.0484
604,1.0420
606,1.0428
608,1.0428
610,1.0468
612,1.0404
622,1.0444
624,1.0412
626,1.0500
628,1.0460
630,1.0444
632,1.0444
634,1.0492
636,1.0404
638,1.0484
640,1.0420
642,1.0436
644,1.0484
646,1.0428
656,1.0444
658,1.0444
660,1.0428
662,1.0452
664,1.0420
666,1.0444
668,1.0444
670,1.0444
672,1.0420
674,1.0460
676,1.0444
678,1.0452
680,1.0412
690,1.0444
692,1.0396
694,1.0516
696,1.0436
698,1.0444
700,1.0468
702,1.0492
704,1.0492
706,1.0460
708,1.0428
710,1.0444
712,1.0452
714,1.0436
724,1.0460
726,1.0444
728,1.0444
730,1.0444
732,1.0452
734,1.0460
736,1.0436
738,1.0444
740,1.0436
742,1.0444
744,1.0428
746,1.0436
748,1.0444
758,1.0444
760,1.0444
762,1.0444
764,1.0436
766,1.0460
768,1.0525
770,1.0452
772,1.0452
774,1.0460
776,1.0468
778,1.0444
780,1.0444
782,1.0444
792,1.0460
794,1.0436
796,1.0444
798,1.0404
800,1.0460
802,1.0452
804,1.0476
806,1.0444
808,1.0468
810,1.0444
812,1.0468
814,1.0460
816,1.0404
818,1.0500
828,1.0460
830,1.0468
832,1.0444
834,1.0468
836,1.0460
838,1.0492
840,1.0428
842,1.0468
844,1.0444
846,1.0420
848,1.0468
850,1.0420
852,1.0436
862,1.0500
864,1.0452
866,1.0460
868,1.0452
870,1.0460
872,1.0444
874,1.0492
876,1.0444
878,1.0444
880,1.0444
882,1.0444
884,1.0492
886,1.0452
896,1.0444
898,1.0444
900,1.0420
902,1.0226
904,1.0484
906,1.0428
908,1.0436
910,1.0492
912,1.0412
914,1.0436
916,1.0516
918,1.0404
920,1.0444
930,1.0444
932,1.0484
934,1.0436
936,1.0444
938,1.0444
940,1.0420
942,1.0412
944,1.0460
946,1.0492
948,1.0444
950,1.0484
952,1.0404
954,1.0460
964,1.0444
966,1.0428
968,1.0492
970,1.0436
972,1.0476
974,1.0444
976,1.0444
978,1.0460
980,1.0444
982,1.0444
984,1.0436
986,1.0452
988,1.0484
998,1.0468
1000,1.0484
1002,1.0444
1004,1.0952
1006,1.0436
1008,1.0105
1010,1.0452
1012,1.0460
1014,1.0516
1016,1.0468
1018,1.0460
1028,1.0468
1030,1.0444
1032,1.0452
1034,1.0396
1036,1.0484
1038,1.0468
1040,1.0452
1042,1.0444
1044,1.0452
1046,1.0589
1056,1.0444
1058,1.0476
1060,1.0428
1062,1.0444
1064,1.0444
1066,1.0412
1068,1.0444
1070,1.0420
1072,1.0444
1074,1.0444
1076,1.0476
1086,1.0581
1088,1.0436
1090,1.0444
1092,1.0412
1094,1.0444
1096,1.0484
1098,1.0500
1100,1.0492
1102,1.0468
1104,1.0444
1106,1.0460
1116,1.0976
1118,1.1234
1120,1.1548
1122,1.1838
1124,1.2136
1126,1.2330
1128,1.2370
1130,1.2620
1132,1.2716
1134,1.2725
1136,1.2797
1146,1.3184
1148,1.3281
1150,1.3538
1152,1.3788
1154,1.3990
1156,1.4312
1158,1.4570
1160,1.4731
1162,1.4570
1164,1.4320
1166,1.3925
1176,1.0412
1178,0.9396
1180,0.8002
1182,0.6326
1184,0.4255
1186,0.3844
1188,0.3788
1190,0.3747
1192,0.3868
1194,0.3796
1196,0.3739
1206,0.5730
1208,0.5988
1210,0.6818
1212,0.8123
1214,0.8679
1216,0.9646
1218,1.0766
1220,1.1177
1222,1.1081
1224,1.1121
1226,1.1242
1236,0.6100
1238,0.4690
1240,0.2941
1242,0.3352
1244,0.3344
1246,0.3264
1248,0.3256
1250,0.3215
1252,0.3296
1254,0.4118
1256,0.5649
1266,1.0049
1268,1.1838
1270,1.2015
1272,1.1919
1274,1.3289
1276,1.3530
1278,1.2894
1280,1.3281
1282,1.2515
1284,1.1387
1294,0.8308
1296,0.6834
1298,0.6552
1300,0.6753
1302,0.6318
1304,0.6874
1306,0.7938
1308,0.8389
1310,0.9396
1312,1.0758
1314,1.1717
1324,1.5037
1326,1.5126
1328,1.5771
1330,1.6375
1332,1.6601
1334,1.7221
1336,1.7278
1338,1.6891
1340,1.7173
1342,1.7245
1344,1.6657
1354,1.4957
1356,1.4401
1358,1.4143
1360,1.4159
1362,1.3796
1364,1.3514
1366,1.3563
1368,1.3281
1370,1.2910
1372,1.2966
1374,1.2902
1384,1.3015
1386,1.2886
1388,1.2370
1390,1.3007
1392,1.3144
1394,1.2733
1396,1.3168
1398,1.3385
1400,1.3127
1402,1.3410
1412,1.4078
1414,1.3982
1416,1.4602
1418,1.4441
1420,1.4570
1422,1.4812
1424,1.4659
1426,1.4610
1428,1.4659
1430,1.4481
1432,1.4288
1442,1.4272
1444,1.4449
1446,1.4522
1448,1.4594
1450,1.4578
1452,1.4739
1454,1.4618
1456,1.4659
1458,1.4578
1460,1.4417
1462,1.4360
1472,1.4393
1474,1.4385
1476,1.4401
1478,1.4433
1480,1.4401
1482,1.4425
1484,1.4433
1486,1.4433
1488,1.4449
1490,1.4457
1492,1.4441
1502,1.4562
1504,1.4570
1506,1.4610
1508,1.4610
1510,1.4715
1512,1.4828
1514,1.4820
1516,1.4949
1518,1.4908
1520,1.4933
1522,1.4941
1532,1.4747
1534,1.4739
1536,1.4651
1538,1.4659
1540,1.4683
1542,1.4594
1544,1.4626
1546,1.4554
1548,1.4497
1550,1.4433
1552,1.4401
1562,1.4360
1564,1.4352
1566,1.4360
1568,1.4433
1570,1.4441
1572,1.4441
1574,1.4473
1576,1.4514
1578,1.5223
1580,1.4489
1582,1.4570
1592,1.4578
1594,1.4562
1596,1.4570
1598,1.4530
1600,1.4522
1602,1.4570
1604,1.4570
1606,1.4562
1608,1.4530
1610,1.4530
1612,1.4514
1622,1.4409
1624,1.4433
1626,1.4417
1628,1.4352
1630,1.4312
1632,1.4304
1634,1.4272
1636,1.4312
1638,1.4312
1640,1.4312
1642,1.4296
1652,1.4320
1654,1.4409
1656,1.4771
1658,1.4441
1660,1.4481
1662,1.4457
1664,1.4441
1666,1.4433
1668,1.4457
1670,1.4473
1672,1.4457
1682,1.4465
1684,1.4449
1686,1.4489
1688,1.4441
1690,1.4433
1692,1.4417
1694,1.4360
1696,1.4401
1698,1.4417
1700,1.4433
1702,1.4385
1712,1.4393
1714,1.4441
1716,1.4401
1718,1.4425
1720,1.4401
1722,1.4449
1724,1.4457
1726,1.4433
1728,1.4465
1730,1.4465
1732,1.4449
1742,1.4481
1744,1.4425
1746,1.4417
1748,1.4441
1750,1.4417
1752,1.4433
1754,1.4433
1756,1.4409
1758,1.4393
1760,1.4401
1762,1.4425
1772,1.4385
1774,1.4449
1776,1.4417
1778,1.4425
1780,1.4433
1782,1.4401
1784,1.4449
1786,1.4457
1788,1.4441
1790,1.4433
1792,1.4433
1802,1.4489
1804,1.4401
1806,1.4417
1808,1.4312
1810,1.4360
1812,1.4425
1814,1.4409
1816,1.4433
1818,1.4433
1820,1.4425
1822,1.4368
1832,1.4409
1834,1.4368
1836,1.4433
1838,1.4433
1840,1.4530
1842,1.4417
1844,1.4449
1846,1.4441
1848,1.4433
1850,1.4449
1852,1.4489
1862,1.4457
1864,1.4433
1866,1.4425
1868,1.4441
1870,1.4433
1872,1.4425
1874,1.4433
1876,1.4433
1878,1.4417
1880,1.4449
1882,1.4433
1892,1.4417
1894,1.4320
1896,1.4368
1898,1.4320
1900,1.4433
1902,1.4449
1904,1.4433
1906,1.4449
1908,1.4433
1910,1.4433
1912,1.4385
1922,1.4473
1924,1.4433
1926,1.4425
1928,1.4441
1930,1.4433
1932,1.4433
1934,1.4344
1936,1.4417
1938,1.4401
1940,1.4417
1942,1.4360
1952,1.4481
1954,1.4441
1956,1.4417
1958,1.4441
1960,1.4401
1962,1.4441
1964,1.4433
1966,1.4449
1968,1.4417
1970,1.4449
1972,1.4441
1982,1.4401
1984,1.4449
1986,1.4441
1988,1.3966
1990,1.4441
1992,1.4433
1994,1.4441
1996,1.4497
1998,1.4417
2000,1.4368
2002,1.4368
2012,1.4433
2014,1.4441
2016,1.4425
2018,1.4385
2020,1.4465
2022,1.4433
2024,1.4360
2026,1.4433
2028,1.4425
2030,1.4401
2032,1.4433
2042,1.4449
2044,1.4417
2046,1.4417
2048,1.4360
2050,1.4393
2052,1.4449
2054,1.4417
2056,1.4393
2058,1.4449
2060,1.4497
2062,1.4409
2072,1.4433
2074,1.4417
2076,1.4409
2078,1.3530
2080,1.4401
2082,1.4425
2084,1.4465
2086,1.4433
2088,1.4425
2090,1.4393
2092,1.4401
2102,1.4385
2104,1.4457
2106,1.4465
2108,1.4433
2110,1.4385
2112,1.4433
2114,1.4401
2116,1.4417
2118,1.4393
2120,1.4481
2122,1.4489
2132,1.4433
2134,1.4368
2136,1.4449
2138,1.4449
2140,1.4497
2142,1.4433
2144,1.4393
2146,1.4433
2148,1.4514
2150,1.4441
2152,1.4554
2162,1.4441
2164,1.4489
2166,1.4368
2168,1.4465
2170,1.4433
2172,1.4465
2174,1.4433
2176,1.4385
2178,1.4417
2180,1.4481
2182,1.4457
2192,1.4417
2194,1.4546
2196,1.4393
2198,1.4433
2200,1.4489
2202,1.4481
2204,1.4401
2206,1.4433
2208,1.4441
2210,1.4401
2212,1.4441
2222,1.4401
2224,1.4417
2226,1.4393
2228,1.4433
2230,1.4441
2232,1.4393
2234,1.4417
2236,1.4433
2238,1.4385
2240,1.4368
2242,1.4368
2252,1.4441
2254,1.4465
2256,1.4393
2258,1.4409
2260,1.4433
2262,1.4393
2264,1.4433
2266,1.4425
2268,1.4417
2270,1.4457
2272,1.4368
2282,1.4449
2284,1.4457
2286,1.4393
2288,1.4457
2290,1.4417
2292,1.4393
2294,1.4223
2296,1.4433
2298,1.4352
2300,1.4401
2302,1.4441
2312,1.4336
2314,1.4417
2316,1.4417
2318,1.4433
2320,1.4401
2322,1.4401
2324,1.4425
2326,1.4433
2328,1.4433
2330,1.4433
2332,1.4433
2342,1.4433
2344,1.5005
2346,1.4368
2348,1.4433
2350,1.4433
2352,1.4433
2354,1.4409
2356,1.4433
2358,1.4417
2360,1.4433
2362,1.4433
2372,1.4401
2374,1.4441
2376,1.4425
2378,1.4449
2380,1.4441
2382,1.4465
2384,1.4417
2386,1.4425
2388,1.4409
2390,1.4441
2392,1.4368
2402,1.4401
2404,1.4433
2406,1.4417
2408,1.4457
2410,1.4465
2412,1.4441
2414,1.4425
2416,1.4441
2418,1.4441
2420,1.4441
2422,1.4457
2432,1.4425
2434,1.4417
2436,1.4425
2438,1.4401
2440,1.4433
2442,1.4481
2444,1.4409
2446,1.4465
2448,1.4457
2450,1.4449
2452,1.4368
2462,1.4401
2464,1.4401
2466,1.4441
2468,1.4417
2470,1.4441
2472,1.4417
2474,1.4441
2476,1.4441
2478,1.4473
2480,1.4425
2482,1.4441
2492,1.4425
2494,1.4401
2496,1.4449
2498,1.4409
2500,1.4441
2502,1.4417
2504,1.4425
2506,1.4417
2508,1.4433
2510,1.4425
2512,1.4441
2522,1.4433
2524,1.4489
2526,1.4457
2528,1.4336
2530,1.4425
2532,1.4312
2534,1.4385
2536,1.4368
2538,1.4417
2540,1.4401
2542,1.4401
2552,1.4441
2554,1.4393
2556,1.4425
2558,1.4425
2560,1.3740
2562,1.4441
2564,1.4481
2566,1.4417
2568,1.4433
2570,1.4473
2572,1.4417
2582,1.4393
2584,1.4385
2586,1.4457
2588,1.4425
2590,1.4352
2592,1.4312
2594,1.4425
2596,1.4425
2598,1.4425
2600,1.4465
2602,1.4368
2612,1.4425
2614,1.4360
2616,1.4441
2618,1.4393
2620,1.4401
2622,1.4368
2624,1.4465
2626,1.4457
2628,1.4409
2630,1.4457
2632,1.4401
2642,1.4425
2644,1.4449
2646,1.4401
2648,1.4449
2650,1.4433
2652,1.4417
2654,1.4368
2656,1.4312
2658,1.4054
2660,1.3675
2662,1.3152
2672,0.8550
2674,0.7092
2676,0.5536
2678,0.3586
2680,0.3796
2682,0.3610
2684,0.3578
2686,0.3610
2688,0.3570
2690,0.3586
2692,0.3505
2702,0.5826
2704,0.7100
2706,0.8067
2708,0.8679
2710,1.0065
2712,1.0186
2714,1.0315
2716,1.0944
2718,1.0782
2720,1.0202
2722,1.0105
2732,0.4303
2734,0.3207
2736,0.3425
2738,0.3377
2740,0.3336
2742,0.3481
2744,0.3393
2746,0.3368
2748,0.3489
2750,0.4456
2752,0.5029
2762,0.9799
2764,1.1475
2766,1.2297
2768,1.1733
2770,1.2741
2772,1.3240
2774,1.2620
2776,1.2902
2778,1.3023
2780,1.2072
2782,1.2015
2792,1.1169
2794,1.0855
2796,1.1435
2798,1.1355
2800,1.1210
2802,1.1733
2804,1.1919
2806,1.1733
2808,1.2273
2810,1.2813
2812,1.2620
2822,1.3538
2824,1.3982
2826,1.3949
2828,1.4530
2830,1.5078
2832,1.5005
2834,1.5360
2836,1.5464
2838,1.5352
2840,1.5336
2850,1.4651
2852,1.4610
2854,1.4497
2856,1.4441
2858,1.4433
2860,1.4570
2862,1.4570
2864,1.4610
2866,1.4691
2868,1.4739
2870,1.4707
2880,1.4530
2882,1.4441
2884,1.4401
2886,1.4570
2888,1.4570
2890,1.4723
2892,1.4739
2894,1.4747
2896,1.4739
2898,1.4699
2900,1.4675
2910,1.4562
2912,1.4570
2914,1.4610
2916,1.4626
2918,1.4530
2920,1.4497
2922,1.4449
2924,1.4344
2926,1.4312
2928,1.4232
2930,1.4223
2940,1.4054
2942,1.4127
2944,1.4135
2946,1.4135
2948,1.4232
2950,1.4103
2952,1.4095
2954,1.4183
2956,1.4167
2958,1.4111
2960,1.4175
2970,1.4167
2972,1.4159
2974,1.4199
2976,1.4159
2978,1.4191
2980,1.4175
2982,1.4223
2984,1.4199
2986,1.4199
2988,1.4223
2990,1.4312
3000,1.4312
3002,1.4288
3004,1.4272
3006,1.4304
3008,1.4272
3010,1.4280
3012,1.4312
3014,1.4264
3016,1.4312
3018,1.4223
3020,1.4312
3030,1.4312
3032,1.4288
3034,1.4328
3036,1.4312
3038,1.4320
3040,1.4240
3042,1.4320
3044,1.4312
3046,1.4312
3048,1.4304
3050,1.4320
3060,1.4296
3062,1.4304
3064,1.4312
3066,1.4344
3068,1.4312
3070,1.4312
3072,1.4288
3074,1.4272
3076,1.4304
3078,1.4312
3080,1.4240
3090,1.4240
3092,1.4288
3094,1.4296
3096,1.4312
3098,1.4312
3100,1.4288
3102,1.4296
3104,1.4312
3106,1.4304
3108,1.4272
3110,1.4312
3120,1.4312
3122,1.4884
3124,1.4433
3126,1.4288
3128,1.4312
3130,1.4296
3132,1.4272
3134,1.4304
3136,1.4328
3138,1.4256
3140,1.4280
3150,1.4328
3152,1.4312
3154,1.4352
3156,1.4312
3158,1.4296
3160,1.4240
3162,1.4175
3164,1.4312
3166,1.4312
3168,1.4272
3170,1.4393
3180,1.4312
3182,1.4328
3184,1.4328
3186,1.4272
3188,1.4312
3190,1.4312
3192,1.4296
3194,1.4304
3196,1.4256
3198,1.4296
3200,1.4296
3210,1.4352
3212,1.4296
3214,1.4288
3216,1.4312
3218,1.4223
3220,1.4312
3222,1.4304
3224,1.4360
3226,1.4312
3228,1.4312
3230,1.4312
3240,1.4312
3242,1.4312
3244,1.4304
3246,1.4240
3248,1.4312
3250,1.4272
3252,1.4232
3254,1.4296
3256,1.4272
3258,1.4312
3260,1.4304
3270,1.4344
3272,1.4401
3274,1.4352
3276,1.4312
3278,1.4264
3280,1.4272
3282,1.4336
3284,1.4296
3286,1.4312
3288,1.4304
3290,1.4312
3300,1.4280
3302,1.4328
3304,1.4256
3306,1.4312
3308,1.4320
3310,1.4312
3312,1.4304
3314,1.4312
3316,1.4272
3318,1.4360
3320,1.4264
3330,1.4296
3332,1.4272
3334,1.4296
3336,1.4264
3338,1.4264
3340,1.4312
3342,1.4312
3344,1.4312
3346,1.4304
3348,1.4312
3350,1.4312
3360,1.4312
3362,1.4240
3364,1.4296
3366,1.4304
3368,1.4312
3370,1.4312
3372,1.4264
3374,1.4312
3376,1.4264
3378,1.4304
3380,1.4296
3390,1.4312
3392,1.4312
3394,1.4312
3396,1.4248
3398,1.4304
3400,1.4328
3402,1.4304
3404,1.3788
3406,1.3853
3408,1.3538
3410,1.3023
3420,0.8486
3422,0.7092
3424,0.5641
3426,0.3884
3428,0.3739
3430,0.3667
3432,0.3554
3434,0.3602
3436,0.3522
3438,0.3570
3440,0.3457
3450,0.6785
3452,0.7599
3454,0.9324
3456,1.0492
3458,1.0815
3460,1.1008
3462,1.1250
3464,1.0831
3466,1.0283
3476,0.7196
3478,0.6173
3480,0.5512
3482,0.3812
3484,0.3264
3486,0.3481
3488,0.3473
3490,0.3514
3492,0.3481
3494,0.3425
3496,0.3377
3506,0.9928
3508,1.1242
3510,1.2555
3512,1.2225
3514,1.2644
3516,1.3410
3518,1.2716
3520,1.2322
3522,1.2716
3524,1.2048
3526,1.1774
3536,1.2152
3538,1.1347
3540,1.1451
3542,1.1419
3544,1.0718
3546,1.1129
3548,1.1564
3550,1.1395
3552,1.1967
3554,1.2862
3556,1.2918
3566,1.4006
3568,1.3659
3570,1.4417
3572,1.4570
3574,1.4562
3576,1.5215
3578,1.5561
3580,1.5473
3582,1.5835
3584,1.6182
3586,1.5738
3596,1.5658
3598,1.5432
3600,1.5134
3602,1.5336
3604,1.5126
3606,1.4771
3608,1.4957
3610,1.4941
3612,1.4675
3614,1.4691
3616,1.4908
3626,1.4320
3628,1.4175
3630,1.4143
3632,1.4111
3634,1.4014
3636,1.4070
3638,1.4086
3640,1.4030
3642,1.3982
3644,1.4046
3646,1.3917
3656,1.4167
3658,1.4054
3660,1.4111
3662,1.4086
3664,1.4135
3666,1.4151
3668,1.4223
3670,1.4256
3672,1.4240
3674,1.4312
3676,1.4312
3686,1.4368
3688,1.4393
3690,1.4312
3692,1.4288
3694,1.4207
3696,1.4223
3698,1.4135
3700,1.4191
3702,1.4167
3704,1.4151
3706,1.4127
3716,1.4111
3718,1.4167
3720,1.4054
3722,1.4111
3724,1.4070
3726,1.4143
3728,1.4054
3730,1.4086
3732,1.4095
3734,1.4070
3736,1.4135
3746,1.4280
3748,1.4207
3750,1.4232
3752,1.4199
3754,1.4232
3756,1.4352
3758,1.4272
3760,1.4296
3762,1.4240
3764,1.4248
3766,1.4312
3776,1.4191
3778,1.4264
3780,1.4199
3782,1.4215
3784,1.4207
3786,1.4167
3788,1.4159
3790,1.4183
3792,1.4215
3794,1.4175
3796,1.4207
3806,1.4159
3808,1.4127
3810,1.4215
3812,1.4207
3814,1.4215
3816,1.4199
3818,1.4199
3820,1.4312
3822,1.4256
3824,1.4240
3826,1.4240
3836,1.4272
3838,1.4288
3840,1.4240
3842,1.4183
3844,1.4232
3846,1.4240
3848,1.4191
3850,1.4296
3852,1.4272
3854,1.4264
3856,1.4215
3866,1.4199
3868,1.4175
3870,1.4240
3872,1.4223
3874,1.4264
3876,1.4272
3878,1.4199
3880,1.4199
3882,1.4223
3884,1.4240
3886,1.4223
3896,1.4175
3898,1.4272
3900,1.4223
3902,1.4199
3904,1.4264
3906,1.4240
3908,1.4256
3910,1.4288
3912,1.4264
3914,1.4256
3916,1.4304
3926,1.4232
3928,1.4264
3930,1.4264
3932,1.4232
3934,1.4240
3936,1.4215
3938,1.4232
3940,1.4272
3942,1.4223
3944,1.4240
3946,1.4191
3956,1.4175
3958,1.4223
3960,1.4232
3962,1.4272
3964,1.4232
3966,1.4256
3968,1.4183
3970,1.4207
3972,1.4207
3974,1.4240
3976,1.4272
3986,1.4288
3988,1.4352
3990,1.4288
3992,1.4280
3994,1.4256
3996,1.4304
3998,1.4223
4000,1.4191
4002,1.4232
4004,1.4232
4006,1.4232
4016,1.4264
4018,1.4264
4020,1.4223
4022,1.4240
4024,1.4159
4026,1.4296
4028,1.4272
4030,1.4304
4032,1.4240
4034,1.4223
4036,1.4199
4046,1.4199
4048,1.4183
4050,1.4223
4052,1.4223
4054,1.4264
4056,1.4183
4058,1.4232
4060,1.4207
4062,1.4272
4064,1.4199
4066,1.4240
4076,1.4288
4078,1.4264
4080,1.4223
4082,1.4288
4084,1.4199
4086,1.4248
4088,1.4183
4090,1.4232
4092,1.4240
4094,1.4207
4096,1.4240
4106,1.4232
4108,1.4207
4110,1.4191
4112,1.4167
4114,1.4232
4116,1.4232
4118,1.4175
4120,1.4240
4122,1.4223
4124,1.4240
4126,1.4232
4136,1.4288
4138,1.4175
4140,1.4223
4142,1.4256
4144,1.4288
4146,1.4054
4148,1.4264
4150,1.4111
4152,1.3853
4154,1.3490
4156,1.2999
4166,0.8542
4168,0.7180
4170,0.5633
4172,0.3860
4174,0.3691
4176,0.3634
4178,0.3715
4180,0.3618
4182,0.3610
4184,0.3594
4186,0.3481
4196,0.6850
4198,0.7696
4200,0.9340
4202,1.0363
4204,1.0879
4206,1.0960
4208,1.1129
4210,1.0799
4212,1.0186
4214,0.9743
4216,0.9155
4226,0.5730
4228,0.4497
4230,0.3207
4232,0.3489
4234,0.3473
4236,0.3481
4238,0.3449
4240,0.3377
4242,0.3344
4244,0.3699
4246,0.5198
4256,1.1790
4258,1.2620
4260,1.2370
4262,1.3297
4264,1.3514
4266,1.2789
4268,1.2821
4270,1.2910
4272,1.1943
4274,1.2201
4284,1.1806
4286,1.1258
4288,1.1484
4290,1.0831
4292,1.0339
4294,1.0968
4296,1.0984
4298,1.0903
4300,1.2096
4302,1.2354
4304,1.2370
4314,1.3490
4316,1.3885
4318,1.4272
4320,1.4610
4322,1.5005
4324,1.5368
4326,1.5658
4328,1.5884
4330,1.6029
4332,1.6286
4334,1.6496
4344,1.6810
4346,1.6762
4348,1.6714
4350,1.6601
4352,1.6432
4354,1.6319
4356,1.6174
4358,1.5827
4360,1.5658
4362,1.5352
4364,1.5045
4374,1.4103
4376,1.3885
4378,1.3772
4380,1.3506
4382,1.3281
4384,1.3192
4386,1.2902
4388,1.2596
4390,1.2555
4392,1.2370
4394,1.2241
4404,1.2837
4406,1.2845
4408,1.2966
4410,1.3176
4412,1.3216
4414,1.3498
4416,1.3716
4418,1.3949
4420,1.4207
4422,1.4393
4424,1.4522
4434,1.4054
4436,1.4038
4438,1.4070
4440,1.4223
4442,1.4223
4444,1.4344
4446,1.4352
4448,1.4264
4450,1.4312
4452,1.4296
4454,1.4280
4464,1.4497
4466,1.4457
4468,1.4393
4470,1.4457
4472,1.4489
4474,1.4505
4476,1.4562
4478,1.4489
4480,1.4433
4482,1.4441
4484,1.4522
4494,1.4522
4496,1.4505
4498,1.4570
4500,1.4626
4502,1.4602
4504,1.4715
4506,1.4755
4508,1.4747
4510,1.4828
4512,1.4860
4514,1.4876
4524,1.4908
4526,1.4941
4528,1.4916
4530,1.4788
4532,1.4876
4534,1.4747
4536,1.4804
4538,1.4771
4540,1.4747
4542,1.4691
4544,1.4715
4554,1.4570
4556,1.4433
4558,1.4594
4560,1.4554
4562,1.4546
4564,1.4570
4566,1.4578
4568,1.4570
4570,1.4618
4572,1.4586
4574,1.4594
4584,1.4739
4586,1.4699
4588,1.4779
4590,1.4796
4592,1.4788
4594,1.4788
4596,1.4804
4598,1.4828
4600,1.4755
4602,1.4828
4604,1.4820
4614,1.4812
4616,1.4699
4618,1.4683
4620,1.4675
4622,1.4667
4624,1.4570
4626,1.4642
4628,1.4594
4630,1.4618
4632,1.4594
4634,1.4586
4644,1.4667
4646,1.4659
4648,1.4264
4650,1.4683
4652,1.4675
4654,1.4699
4656,1.4715
4658,1.4715
4660,1.4739
4662,1.4707
4664,1.4723
4674,1.4747
4676,1.4731
4678,1.4755
4680,1.4723
4682,1.4731
4684,1.4683
4686,1.4570
4688,1.4675
4690,1.4578
4692,1.4578
4694,1.4554
4704,1.4546
4706,1.4473
4708,1.4554
4710,1.4473
4712,1.4497
4714,1.4570
4716,1.4554
4718,1.4562
4720,1.4570
4722,1.4570
4724,1.4562
4734,1.4618
4736,1.4570
4738,1.4570
4740,1.4594
4742,1.4594
4744,1.4618
4746,1.4570
4748,1.4562
4750,1.4570
4752,1.4562
4754,1.4570
4764,1.4554
4766,1.4570
4768,1.4570
4770,1.4530
4772,1.4522
4774,1.4570
4776,1.4570
4778,1.4530
4780,1.4578
4782,1.4554
4784,1.4546
4794,1.4586
4796,1.4618
4798,1.4594
4800,1.4828
4802,1.4562
4804,1.4562
4806,1.4562
4808,1.4554
4810,1.4570
4812,1.4578
4814,1.4546
4824,1.4570
4826,1.4546
4828,1.4562
4830,1.4530
4832,1.4562
4834,1.4530
4836,1.4530
4838,1.4562
4840,1.4554
4842,1.4409
4844,1.4554
4854,1.4530
4856,1.4522
4858,1.4578
4860,1.4570
4862,1.4578
4864,1.4570
4866,1.4554
4868,1.4562
4870,1.4554
4872,1.4554
4874,1.4570
4884,1.4586
4886,1.4530
4888,1.4570
4890,1.4578
4892,1.4570
4894,1.4562
4896,1.4570
4898,1.4618
4900,1.4570
4902,1.4514
4904,1.4578
4914,1.4570
4916,1.4546
4918,1.4570
4920,1.4522
4922,1.4602
4924,1.4578
4926,1.4562
4928,1.4530
4930,1.4546
4932,1.4594
4934,1.4594
4944,1.4570
4946,1.4554
4948,1.4570
4950,1.4570
4952,1.4570
4954,1.4570
4956,1.4570
4958,1.4570
4960,1.4570
4962,1.4562
4964,1.4546
4974,1.4594
4976,1.4586
4978,1.4578
4980,1.4554
4982,1.4530
4984,1.4570
4986,1.4586
4988,1.4594
4990,1.4578
4992,1.4570
4994,1.4514
5004,1.4578
5006,1.4610
5008,1.4562
5010,1.4554
5012,1.4586
5014,1.4578
5016,1.4522
5018,1.4272
5020,1.4530
5022,1.4570
5024,1.4554
5034,1.4594
5036,1.4594
5038,1.4578
5040,1.4570
5042,1.4570
5044,1.4522
5046,1.4618
5048,1.4562
5050,1.4578
5052,1.4570
5054,1.4594
5064,1.4546
5066,1.4562
5068,1.4554
5070,1.4546
5072,1.4570
5074,1.4570
5076,1.4610
5078,1.4530
5080,1.4578
5082,1.4570
5084,1.4594
5094,1.4554
5096,1.4570
5098,1.4538
5100,1.4570
5102,1.4546
5104,1.4570
5106,1.4562
5108,1.4546
5110,1.4570
5112,1.4530
5114,1.4570
5124,1.3974
5126,1.4570
5128,1.4538
5130,1.4570
5132,1.4554
5134,1.4570
5136,1.4554
5138,1.4570
5140,1.4554
5142,1.4578
5144,1.4570
5154,1.4570
5156,1.4578
5158,1.4562
5160,1.4570
5162,1.4554
5164,1.4522
5166,1.4570
5168,1.4594
5170,1.4530
5172,1.4594
5174,1.4570
5184,1.4578
5186,1.4570
5188,1.4530
5190,1.4562
5192,1.4594
5194,1.4570
5196,1.4570
5198,1.4554
5200,1.4570
5202,1.4570
5204,1.4441
5214,1.4570
5216,1.4586
5218,1.4578
5220,1.4554
5222,1.4570
5224,1.4554
5226,1.4562
5228,1.4530
5230,1.4554
5232,1.4554
5234,1.4570
5244,1.4578
5246,1.4570
5248,1.4570
5250,1.4570
5252,1.4586
5254,1.4578
5256,1.4554
5258,1.4578
5260,1.4570
5262,1.4562
5264,1.4570
5274,1.4546
5276,1.4530
5278,1.4562
5280,1.4570
5282,1.4578
5284,1.4554
5286,1.4546
5288,1.4562
5290,1.4594
5292,1.4054
5294,1.4570
5304,1.4586
5306,1.4562
5308,1.4578
5310,1.4570
5312,1.4586
5314,1.4546
5316,1.4659
5318,1.4594
5320,1.4586
5322,1.4530
5324,1.4562
5334,1.4570
5336,1.4570
5338,1.4570
5340,1.4570
5342,1.4562
5344,1.4546
5346,1.4562
5348,1.4530
5350,1.4570
5352,1.4570
5354,1.4570
5364,1.4570
5366,1.4586
5368,1.4594
5370,1.4562
5372,1.4570
5374,1.4570
5376,1.4554
5378,1.4554
5380,1.4562
5382,1.4594
5384,1.4546
5394,1.4554
5396,1.4530
5398,1.4546
5400,1.4562
5402,1.4570
5404,1.4586
5406,1.4554
5408,1.4546
5410,1.4586
5412,1.4570
5414,1.4570
5424,1.4594
5426,1.4578
5428,1.4578
5430,1.4570
5432,1.4570
5434,1.4570
5436,1.4570
5438,1.4546
5440,1.4570
5442,1.4570
5444,1.4594
5454,1.4570
5456,1.4586
5458,1.4570
5460,1.4570
5462,1.4578
5464,1.4570
5466,1.4570
5468,1.4481
5470,1.4570
5472,1.4570
5474,1.4626
5484,1.4570
5486,1.4594
5488,1.4570
5490,1.4578
5492,1.4546
5494,1.4570
5496,1.4546
5498,1.4562
5500,1.4570
5502,1.4610
5504,1.4489
5514,1.4554
5516,1.4570
5518,1.4546
5520,1.4562
5522,1.4554
5524,1.4570
5526,1.4562
5528,1.4578
5530,1.4618
5532,1.4538
5534,1.4602
5544,1.4562
5546,1.4570
5548,1.4594
5550,1.4530
5552,1.4522
5554,1.4554
5556,1.4497
5558,1.4441
5560,1.4135
5562,1.3740
5564,1.3321
5574,0.8582
5576,0.7132
5578,0.5528
5580,0.3522
5582,0.3804
5584,0.3594
5586,0.3602
5588,0.3610
5590,0.3618
5592,0.3602
5594,0.3481
5604,0.7253
5606,0.8204
5608,0.9985
5610,1.1073
5612,1.1032
5614,1.1113
5616,1.1419
5618,1.0597
5620,0.9944
5622,0.9670
5632,0.5472
5634,0.4626
5636,0.3119
5638,0.3481
5640,0.3538
5642,0.3522
5644,0.3481
5646,0.3409
5648,0.3417
5650,0.3377
5652,0.3796
5662,1.0549
5664,1.1677
5666,1.2354
5668,1.1766
5670,1.2064
5672,1.2032
5674,1.0952
5676,1.0581
5678,1.0331
5680,0.9275
5682,0.8897
5692,0.3997
5694,0.3304
5696,0.3393
5698,0.3433
5700,0.3465
5702,0.3360
5704,0.3377
5706,0.3352
5708,0.4021
5710,0.5456
5712,0.5988
5722,1.2853
5724,1.2370
5726,1.3273
5728,1.4038
5730,1.2982
5732,1.2894
5734,1.3530
5736,1.2604
5738,1.2370
5740,1.3224
5750,1.0468
5752,1.0476
5754,0.9815
5756,0.8808
5758,0.9292
5760,0.9243
5762,0.8655
5764,0.9050
5766,0.9195
5768,0.8639
5770,0.9138
5780,1.2370
5782,1.1943
5784,1.3079
5786,1.3369
5788,1.3007
5790,1.3885
5792,1.4393
5794,1.3796
5796,1.4723
5798,1.5561
5800,1.5190
5810,1.5771
5812,1.5513
5814,1.5255
5816,1.5392
5818,1.5199
5820,1.4949
5822,1.4989
5824,1.5037
5826,1.4570
5828,1.4489
5830,1.4304
5840,1.3796
5842,1.3692
5844,1.3530
5846,1.3530
5848,1.3482
5850,1.3393
5852,1.3498
5854,1.3426
5856,1.3482
5858,1.3522
5868,1.3804
5870,1.3966
5872,1.4046
5874,1.4127
5876,1.4232
5878,1.4312
5880,1.4433
5882,1.4497
5884,1.4570
5886,1.4828
5888,1.4828
5898,1.5053
5900,1.5062
5902,1.5086
5904,1.5102
5906,1.5134
5908,1.5134
5910,1.5190
5912,1.5078
5914,1.5110
5916,1.5078
5918,1.5029
5928,1.3506
5930,1.2741
5932,1.1782
5934,1.0702
5936,0.9598
5938,0.8123
5940,0.6640
5942,0.5101
5944,0.3344
5946,0.3691
5956,0.3473
5958,0.3409
5960,0.3352
5962,0.3538
5964,0.4884
5966,0.6205
5968,0.6890
5970,0.8365
5972,0.9695
5974,1.0404
5976,1.0976
5986,0.9155
5988,0.8881
5990,0.8429
5992,0.7865
5994,0.7245
5996,0.6141
5998,0.4771
6000,0.3425
6002,0.3562
6004,0.3481
6006,0.3433
6016,0.3344
6018,0.3900
6020,0.5012
6022,0.5593
6024,0.6648
6026,0.8099
6028,0.8937
6030,0.9630
6032,1.0653
6034,1.0355
6036,1.0057
6046,0.8913
6048,0.8091
6050,0.8171
6052,0.7712
6054,0.6471
6056,0.6060
6058,0.5311
6060,0.3997
6062,0.3715
6064,0.3763
6066,0.3481
6076,0.5004
6078,0.5730
6080,0.7100
6082,0.8115
6084,0.9203
6086,1.0412
6088,1.1032
6090,1.1854
6092,1.1822
6094,1.1774
6096,1.2330
6106,1.1661
6108,1.1806
6110,1.1588
6112,1.0960
6114,1.0911
6116,1.0670
6118,1.0065
6120,1.0186
6122,1.0130
6124,0.9823
6126,0.9807
6136,1.0662
6138,1.1048
6140,1.1580
6142,1.1717
6144,1.1951
6146,1.2612
6148,1.2716
6150,1.3015
6152,1.3538
6154,1.3450
6156,1.4054
6166,1.5537
6168,1.5698
6170,1.5819
6172,1.5561
6174,1.5682
6176,1.5618
6178,1.5344
6180,1.5239
6182,1.5102
6184,1.5062
6186,1.5037
6196,1.4828
6198,1.4626
6200,1.4586
6202,1.4514
6204,1.4385
6206,1.4497
6208,1.4401
6210,1.4312
6212,1.4320
6214,1.4312
6216,1.4240
6226,1.4095
6228,1.4095
6230,1.4054
6232,1.3982
6234,1.4014
6236,1.3998
6238,1.4046
6240,1.4095
6242,1.4054
6244,1.4014
6246,1.4135
6256,1.4078
6258,1.4135
6260,1.4070
6262,1.4030
6264,1.3982
6266,1.3998
6268,1.3974
6270,1.4006
6272,1.4030
6274,1.4046
6284,1.4054
6286,1.4103
6288,1.4078
6290,1.4054
6292,1.4175
6294,1.4111
6296,1.4111
6298,1.4046
6300,1.3740
6302,1.3329
6304,1.2894
6314,0.8462
6316,0.6503
6318,0.5786
6320,0.3997
6322,0.3481
6324,0.3449
6326,0.3497
6328,0.3554
6330,0.3522
6332,0.3554
6334,0.3481
6344,0.6761
6346,0.7623
6348,0.9259
6350,1.0210
6352,1.0839
6354,1.1048
6356,1.0847
6358,1.0678
6360,1.0194
6362,0.9533
6372,0.6262
6374,0.4819
6376,0.3248
6378,0.3618
6380,0.3594
6382,0.3489
6384,0.3481
6386,0.3425
6388,0.3409
6390,0.3336
6392,0.3344
6402,0.9404
6404,1.0444
6406,1.1355
6408,1.2749
6410,1.2579
6412,1.1661
6414,1.2144
6416,1.1548
6418,1.0097
6420,1.0089
6430,0.5585
6432,0.4545
6434,0.3562
6436,0.3659
6438,0.3602
6440,0.3457
6442,0.3465
6444,0.3425
6446,0.3393
6448,0.3973
6450,0.5593
6460,1.2265
6462,1.2628
6464,1.2805
6466,1.3901
6468,1.3627
6470,1.3047
6472,1.3514
6474,1.3232
6476,1.2563
6478,1.2942
6488,1.0726
6490,1.0105
6492,0.9533
6494,0.8341
6496,0.8107
6498,0.8131
6500,0.7607
6502,0.7825
6504,0.8413
6506,0.8196
6508,0.8373
6518,1.1621
6520,1.1999
6522,1.3555
6524,1.3788
6526,1.3877
6528,1.5126
6530,1.4957
6532,1.4900
6534,1.6029
6536,1.6262
6538,1.5996
6548,1.6593
6550,1.5988
6552,1.5658
6554,1.5948
6556,1.5513
6558,1.5190
6560,1.5344
6562,1.5110
6564,1.4626
6566,1.4618
6568,1.4538
6578,1.4103
6580,1.4191
6582,1.4070
6584,1.4078
6586,1.4368
6588,1.3982
6590,1.3925
6592,1.4078
6594,1.3611
6596,1.3361
6598,1.3659
6608,1.3498
6610,1.3821
6612,1.3837
6614,1.3659
6616,1.3804
6618,1.3869
6620,1.3796
6622,1.3949
6624,1.4062
6626,1.4127
6636,1.4570
6638,1.4594
6640,1.4699
6642,1.4828
6644,1.4860
6646,1.4884
6648,1.4933
6650,1.5037
6652,1.4965
6654,1.5013
6656,1.4965
6666,1.3297
6668,1.2579
6670,1.1709
6672,1.0565
6674,0.9284
6676,0.7905
6678,0.6423
6680,0.4851
6682,0.3207
6684,0.3739
6694,0.3425
6696,0.3401
6698,0.3344
6700,0.3731
6702,0.5149
6704,0.6141
6706,0.6826
6708,0.8341
6710,0.9566
6712,1.0234
6714,1.0847
6724,0.9501
6726,0.9171
6728,0.8808
6730,0.8341
6732,0.7736
6734,0.6721
6736,0.5415
6738,0.3949
6740,0.3336
6742,0.3377
6744,0.3433
6754,0.3401
6756,0.3433
6758,0.4561
6760,0.5544
6762,0.6302
6764,0.7519
6766,0.8856
6768,0.9421
6770,1.0202
6772,1.0927
6774,1.0267
6784,0.9098
6786,0.8204
6788,0.7696
6790,0.7914
6792,0.6947
6794,0.5955
6796,0.5802
6798,0.4771
6800,0.3804
6802,0.4045
6804,0.3779
6814,0.5407
6816,0.5923
6818,0.6584
6820,0.8034
6822,0.9130
6824,0.9952
6826,1.0944
6828,1.1693
6830,1.1403
6832,1.1532
6834,1.2160
6844,1.1218
6846,1.1653
6848,1.1081
6850,1.0315
6852,1.0573
6854,1.0307
6856,0.9566
6858,0.9880
6860,1.0049
6862,0.9501
6864,0.9936
6874,1.0871
6876,1.1427
6878,1.1895
6880,1.1572
6882,1.1862
6884,1.2160
6886,1.1814
6888,1.2136
6890,1.2620
6892,1.2765
6894,1.3127
6904,1.4433
6906,1.4594
6908,1.4957
6910,1.5174
6912,1.5464
6914,1.5779
6916,1.6004
6918,1.5988
6920,1.5819
6922,1.5851
6924,1.5771
6934,1.5448
6936,1.5481
6938,1.5231
6940,1.5110
6942,1.5094
6944,1.5029
6946,1.4828
6948,1.4836
6950,1.4779
6952,1.4497
6954,1.4401
6964,1.3982
6966,1.3909
6968,1.3845
6970,1.3748
6972,1.3675
6974,1.3764
6976,1.3716
6978,1.3708
6980,1.3716
6982,1.3756
6984,1.3667
6994,1.3925
6996,1.4014
6998,1.4054
7000,1.4103
7002,1.4183
7004,1.4191
7006,1.4296
7008,1.4312
7010,1.4401
7012,1.4433
7014,1.4441
7024,1.4272
7026,1.4199
7028,1.4207
7030,1.4143
7032,1.4167
7034,1.4054
7036,1.4103
7038,1.4095
7040,1.4127
7042,1.4062
7044,1.4151
7054,1.4030
7056,1.4030
7058,1.3925
7060,1.4022
7062,1.4014
7064,1.3966
7066,1.4046
7068,1.3893
7070,1.3651
7072,1.3353
7082,0.9751
7084,0.8687
7086,0.7349
7088,0.5907
7090,0.4086
7092,0.3651
7094,0.3659
7096,0.3723
7098,0.3739
7100,0.3707
7102,0.3659
7112,0.6278
7114,0.7349
7116,0.8018
7118,0.9533
7120,1.0444
7122,1.0831
7124,1.0718
7126,1.0855
7128,1.0557
7130,0.9815
7140,0.6785
7142,0.5568
7144,0.4513
7146,0.3312
7148,0.3538
7150,0.3538
7152,0.3514
7154,0.3481
7156,0.3425
7158,0.3336
7160,0.3409
7170,0.9179
7172,1.0420
7174,1.1661
7176,1.2330
7178,1.1556
7180,1.1919
7182,1.1919
7184,1.0718
7186,1.0549
7188,1.0621
7198,0.7591
7200,0.7261
7202,0.5689
7204,0.4642
7206,0.4787
7208,0.3884
7210,0.3514
7212,0.4513
7214,0.4497
7216,0.4513
7218,0.5697
7228,1.0710
7230,1.2725
7232,1.3393
7234,1.2725
7236,1.3869
7238,1.4296
7240,1.3418
7242,1.4014
7244,1.4489
7246,1.3659
7248,1.4054
7258,1.4489
7260,1.3877
7262,1.4014
7264,1.3643
7266,1.3136
7268,1.3651
7270,1.3563
7272,1.3329
7274,1.3627
7276,1.3675
7278,1.3264
7288,1.3337
7290,1.3273
7292,1.3418
7294,1.3571
7296,1.3563
7298,1.3772
7300,1.4006
7302,1.3949
7304,1.4054
7306,1.4223
7316,1.4570
7318,1.4788
7320,1.4828
7322,1.4844
7324,1.4723
7326,1.4659
7328,1.4489
7330,1.4368
7332,1.4336
7334,1.4385
7336,1.4393
7346,1.4465
7348,1.4368
7350,1.4312
7352,1.4368
7354,1.4481
7356,1.4433
7358,1.4433
7360,1.4368
7362,1.4393
7364,1.4336
7366,1.4312
7376,1.4191
7378,1.4159
7380,1.4095
7382,1.4103
7384,1.4119
7386,1.4175
7388,1.4175
7390,1.4207
7392,1.4191
7394,1.4272
7396,1.4288
7406,1.4425
7408,1.4514
7410,1.4481
7412,1.4546
7414,1.4497
7416,1.4594
7418,1.4570
7420,1.4570
7422,1.4497
7424,1.4514
7426,1.4522
7436,1.3136
7438,1.2370
7440,1.1733
7442,1.0726
7444,0.9670
7446,0.8453
7448,0.7067
7450,0.5705
7452,0.4247
7454,0.3409
7464,0.3497
7466,0.3473
7468,0.3417
7470,0.3425
7472,0.4255
7474,0.5633
7476,0.6165
7478,0.7067
7480,0.8671
7482,0.9412
7484,1.0178
7494,0.9759
7496,0.9372
7498,0.9227
7500,0.8639
7502,0.7978
7504,0.7785
7506,0.7011
7508,0.5689
7510,0.4875
7512,0.3723
7514,0.3562
7524,0.3449
7526,0.3393
7528,0.3473
7530,0.4255
7532,0.5029
7534,0.5617
7536,0.6729
7538,0.8115
7540,0.8913
7542,0.9888
7544,1.0758
7554,1.1201
7556,1.1218
7558,1.0581
7560,1.0444
7562,1.0436
7564,0.9670
7566,0.9412
7568,0.9203
7570,0.8325
7572,0.7615
7582,0.5778
7584,0.5399
7586,0.5544
7588,0.5286
7590,0.5295
7592,0.5851
7594,0.6447
7596,0.7092
7598,0.8244
7600,0.9380
7602,1.0186
7612,1.2950
7614,1.1991
7616,1.2676
7618,1.2370
7620,1.1435
7622,1.1935
7624,1.1967
7626,1.1218
7628,1.1725
7630,1.2338
7632,1.2040
7642,1.4352
7644,1.4344
7646,1.4135
7648,1.4530
7650,1.4626
7652,1.4530
7654,1.4908
7656,1.5287
7658,1.4804
7660,1.5714
7662,1.5996
7672,1.6222
7674,1.6117
7676,1.6254
7678,1.6262
7680,1.5875
7682,1.5763
7684,1.5384
7686,1.4973
7688,1.5005
7690,1.4723
7692,1.4522
7702,1.4046
7704,1.3700
7706,1.3651
7708,1.3692
7710,1.3426
7712,1.3490
7714,1.3643
7716,1.3514
7718,1.3627
7720,1.3740
7722,1.3724
7732,1.4086
7734,1.4191
7736,1.4368
7738,1.4425
7740,1.4489
7742,1.4514
7744,1.4554
7746,1.4570
7748,1.4441
7750,1.4417
7752,1.4312
7762,1.4167
7764,1.4191
7766,1.4078
7768,1.4103
7770,1.4119
7772,1.4078
7774,1.4062
7776,1.4078
7778,1.4078
7780,1.4095
7782,1.4054
7792,1.4143
7794,1.4175
7796,1.4191
7798,1.4199
7800,1.4207
7802,1.4296
7804,1.4336
7806,1.4223
7808,1.4014
7810,1.3595
7820,1.0097
7822,0.8881
7824,0.7543
7826,0.5923
7828,0.3997
7830,0.3836
7832,0.3699
7834,0.3747
7836,0.3763
7838,0.3739
7840,0.3699
7850,0.5851
7852,0.6729
7854,0.7406
7856,0.9155
7858,1.0275
7860,1.0653
7862,1.0758
7864,1.1089
7866,1.0807
7868,1.0138
7870,0.9695
7880,0.5182
7882,0.4473
7884,0.3481
7886,0.3731
7888,0.3618
7890,0.3562
7892,0.3481
7894,0.3489
7896,0.3481
7898,0.3481
7900,0.3570
7910,1.0621
7912,1.1612
7914,1.2716
7916,1.2273
7918,1.2370
7920,1.2765
7922,1.1935
7924,1.1250
7926,1.1338
7928,1.0339
7938,0.7809
7940,0.6584
7942,0.5069
7944,0.4473
7946,0.3409
7948,0.3489
7950,0.3401
7952,0.3248
7954,0.3320
7956,0.3594
7958,0.5198
7968,1.1395
7970,1.3393
7972,1.3353
7974,1.3289
7976,1.4594
7978,1.4360
7980,1.3974
7982,1.4675
7984,1.4481
7986,1.3925
7988,1.4779
7998,1.3780
8000,1.3627
8002,1.3659
8004,1.2837
8006,1.2257
8008,1.3297
8010,1.2781
8012,1.2910
8014,1.3442
8016,1.3071
8018,1.2934
8028,1.2926
8030,1.3047
8032,1.3450
8034,1.3587
8036,1.3756
8038,1.4030
8040,1.4135
8042,1.4312
8044,1.4522
8046,1.4457
8056,1.4256
8058,1.4062
8060,1.3982
8062,1.4006
8064,1.3982
8066,1.4006
8068,1.4095
8070,1.4159
8072,1.4103
8074,1.4127
8076,1.4151
8086,1.4481
8088,1.4449
8090,1.4489
8092,1.4530
8094,1.4457
8096,1.4530
8098,1.4570
8100,1.4522
8102,1.4618
8104,1.4594
8106,1.4570
8116,1.4457
8118,1.4481
8120,1.4497
8122,1.4457
8124,1.4481
8126,1.4465
8128,1.4538
8130,1.4554
8132,1.4570
8134,1.4578
8136,1.4570
8146,1.4723
8148,1.4610
8150,1.4804
8152,1.4828
8154,1.4820
8156,1.4755
8158,1.4804
8160,1.4779
8162,1.4715
8164,1.4779
8166,1.4739
8176,1.4691
8178,1.4618
8180,1.4538
8182,1.4175
8184,1.3804
8186,1.3281
8188,1.2628
8190,1.1806
8192,1.0742
8194,0.9477
8196,0.7865
8206,0.3634
8208,0.3634
8210,0.3626
8212,0.3610
8214,0.3538
8216,0.3505
8218,0.3433
8220,0.3634
8222,0.5343
8224,0.7438
8226,0.8179
8236,1.2370
8238,1.2080
8240,1.1322
8242,1.1693
8244,1.1355
8246,1.0178
8248,1.0525
8250,1.0363
8252,0.8864
8254,0.8429
8264,0.3433
8266,0.3481
8268,0.3538
8270,0.3441
8272,0.3352
8274,0.3312
8276,0.3304
8278,0.3393
8280,0.4464
8282,0.6068
8284,0.7438
8294,1.1967
8296,1.2886
8298,1.2370
8300,1.2080
8302,1.2652
8304,1.1951
8306,1.1363
8308,1.2015
8310,1.1653
8312,1.0847
8314,1.1266
8324,0.6439
8326,0.6318
8328,0.6036
8330,0.4771
8332,0.4835
8334,0.4892
8336,0.3820
8338,0.4086
8340,0.5037
8342,0.5053
8344,0.6116
8354,1.1878
8356,1.1475
8358,1.3144
8360,1.3756
8362,1.3619
8364,1.4393
8366,1.4933
8368,1.4804
8370,1.5392
8372,1.5996
8374,1.5948
8384,1.4884
8386,1.4828
8388,1.4626
8390,1.4522
8392,1.4715
8394,1.4747
8396,1.4626
8398,1.4651
8400,1.4570
8402,1.4417
8404,1.4489
8414,1.4425
8416,1.4135
8418,1.4103
8420,1.3966
8422,1.3949
8424,1.4046
8426,1.4070
8428,1.4070
8430,1.4143
8432,1.4014
8434,1.3925
8444,1.3925
8446,1.3909
8448,1.4046
8450,1.4143
8452,1.4046
8454,1.4054
8456,1.4030
8458,1.3917
8460,1.3982
8462,1.3901
8472,1.4062
8474,1.4103
8476,1.4143
8478,1.4151
8480,1.4207
8482,1.4223
8484,1.4256
8486,1.4232
8488,1.4223
8490,1.4272
8492,1.4264
8502,1.4167
8504,1.4215
8506,1.4151
8508,1.4159
8510,1.4135
8512,1.4111
8514,1.4135
8516,1.4143
8518,1.4143
8520,1.4167
8522,1.4167
8532,1.4272
8534,1.4312
8536,1.4360
8538,1.4336
8540,1.4409
8542,1.4433
8544,1.4514
8546,1.4546
8548,1.4570
8550,1.4578
8552,1.4594
8562,1.4594
8564,1.4570
8566,1.4578
8568,1.4538
8570,1.4554
8572,1.4489
8574,1.4481
8576,1.4433
8578,1.4385
8580,1.4344
8582,1.4320
8592,1.4280
8594,1.4199
8596,1.4264
8598,1.4240
8600,1.4312
8602,1.4232
8604,1.4304
8606,1.4304
8608,1.4312
8610,1.4360
8612,1.4368
8622,1.4489
8624,1.4514
8626,1.4481
8628,1.4570
8630,1.4457
8632,1.4530
8634,1.4481
8636,1.4497
8638,1.4522
8640,1.4481
8642,1.4449
8652,1.3111
8654,1.2370
8656,1.1709
8658,1.0710
8660,0.9662
8662,0.8437
8664,0.7196
8666,0.5859
8668,0.4311
8670,0.3320
8680,0.3497
8682,0.3489
8684,0.3481
8686,0.3425
8688,0.4005
8690,0.5673
8692,0.6423
8694,0.7309
8696,0.8776
8698,0.9791
8700,1.0428
8710,1.0186
8712,0.9815
8714,0.9888
8716,0.9453
8718,0.9026
8720,0.8953
8722,0.8333
8724,0.7317
8726,0.6842
8736,0.4714
8738,0.4908
8740,0.5085
8742,0.5037
8744,0.5568
8746,0.6439
8748,0.7333
8750,0.8711
8752,1.0186
8754,1.1612
8756,1.3369
8766,1.4360
8768,1.4804
8770,1.4304
8772,1.3482
8774,1.3530
8776,1.3256
8778,1.2289
8780,1.2684
8782,1.3136
8784,1.2773
8794,1.5086
8796,1.4739
8798,1.4433
8800,1.4876
8802,1.4570
8804,1.4336
8806,1.4828
8808,1.4868
8810,1.4771
8812,1.5174
8814,1.5327
8824,1.4401
8826,1.4232
8828,1.4272
8830,1.4175
8832,1.4054
8834,1.4103
8836,1.3933
8838,1.3708
8840,1.3845
8842,1.3821
8844,1.3667
8854,1.3861
8856,1.3708
8858,1.3812
8860,1.3933
8862,1.3901
8864,1.3901
8866,1.4038
8868,1.3982
8870,1.4054
8872,1.4014
8882,1.4086
8884,1.4006
8886,1.4191
8888,1.4199
8890,1.4232
8892,1.4296
8894,1.4320
8896,1.4304
8898,1.4336
8900,1.4328
8902,1.4352
8912,1.4352
8914,1.4425
8916,1.4425
8918,1.4368
8920,1.4304
8922,1.4393
8924,1.4368
8926,1.4312
8928,1.4368
8930,1.4352
8932,1.4328
8942,1.4449
8944,1.4433
8946,1.4078
8948,1.4522
8950,1.4489
8952,1.4651
8954,1.4554
8956,1.4570
8958,1.4562
8960,1.4570
8962,1.4570
8972,1.4594
8974,1.4562
8976,1.4546
8978,1.4514
8980,1.4570
8982,1.4465
8984,1.4489
8986,1.4522
8988,1.4215
8990,1.4481
8992,1.4465
9002,1.4360
9004,1.4449
9006,1.4393
9008,1.4425
9010,1.4433
9012,1.4385
9014,1.4497
9016,1.4489
9018,1.4433
9020,1.4433
9022,1.4530
9032,1.4522
9034,1.4522
9036,1.4522
9038,1.4514
9040,1.4546
9042,1.4457
9044,1.4441
9046,1.4514
9048,1.4578
9050,1.4514
9052,1.4481
9062,1.4481
9064,1.4449
9066,1.4425
9068,1.4497
9070,1.4530
9072,1.4522
9074,1.4433
9076,1.4465
9078,1.4457
9080,1.4433
9082,1.4514
9092,1.4514
9094,1.4481
9096,1.4570
9098,1.4433
9100,1.4465
9102,1.4530
9104,1.4538
9106,1.4626
9108,1.4497
9110,1.4530
9112,1.4433
9122,1.4401
9124,1.4514
9126,1.4449
9128,1.4481
9130,1.4433
9132,1.4489
9134,1.4449
9136,1.4433
9138,1.4497
9140,1.4465
9142,1.4449
9152,1.4465
9154,1.4481
9156,1.4514
9158,1.4481
9160,1.4481
9162,1.4489
9164,1.4489
9166,1.4546
9168,1.4481
9170,1.4481
9172,1.4465
9182,1.4425
9184,1.4481
9186,1.4465
9188,1.4465
9190,1.4530
9192,1.4530
9194,1.4481
9196,1.4457
9198,1.4433
9200,1.4473
9202,1.4457
9212,1.4457
9214,1.4481
9216,1.4538
9218,1.4554
9220,1.4514
9222,1.4433
9224,1.4449
9226,1.4465
9228,1.4481
9230,1.4457
9232,1.4457
9242,1.4465
9244,1.4489
9246,1.4497
9248,1.4409
9250,1.4489
9252,1.4481
9254,1.4497
9256,1.4425
9258,1.4465
9260,1.4497
9262,1.4514
9272,1.4530
9274,1.4473
9276,1.4433
9278,1.4514
9280,1.4514
9282,1.4465
9284,1.4481
9286,1.4546
9288,1.4514
9290,1.4465
9292,1.4522
9302,1.4554
9304,1.4530
9306,1.4481
9308,1.4538
9310,1.4514
9312,1.4481
9314,1.4433
9316,1.4481
9318,1.4514
9320,1.4562
9322,1.4465
9332,1.4481
9334,1.4489
9336,1.4546
9338,1.4530
9340,1.4497
9342,1.4481
9344,1.4514
9346,1.5384
9348,1.4465
9350,1.4465
9352,1.4417
9362,1.4433
9364,1.4522
9366,1.4481
9368,1.4457
9370,1.4481
9372,1.4465
9374,1.4465
9376,1.4497
9378,1.4441
9380,1.4497
9382,1.4441
9392,1.3248
9394,1.2579
9396,1.1758
9398,1.0863
9400,0.9791
9402,0.8663
9404,0.7325
9406,0.5875
9408,0.4408
9410,0.3368
9420,0.3610
9422,0.3554
9424,0.3497
9426,0.3481
9428,0.3997
9430,0.5730
9432,0.6624
9434,0.7349
9436,0.8856
9438,0.9896
9440,1.0484
9450,0.9823
9452,0.9412
9454,0.9114
9456,0.8607
9458,0.8147
9460,0.7873
9462,0.7253
9464,0.6366
9466,0.5826
9468,0.5166
9470,0.4464
9480,0.6681
9482,0.7462
9484,0.8631
9486,0.9928
9488,1.0952
9490,1.2322
9492,1.3595
9494,1.2974
9496,1.3796
9498,1.4868
9508,1.3651
9510,1.4368
9512,1.3490
9514,1.3393
9516,1.4062
9518,1.3764
9520,1.3579
9522,1.4449
9524,1.4272
9526,1.3909
9528,1.4288
9538,1.4497
9540,1.4602
9542,1.4908
9544,1.4691
9546,1.4651
9548,1.4957
9550,1.4828
9552,1.4796
9554,1.5086
9556,1.4973
9558,1.4715
9568,1.4062
9570,1.3949
9572,1.3845
9574,1.3740
9576,1.3740
9578,1.3748
9580,1.3547
9582,1.3579
9584,1.3538
9586,1.3547
9596,1.3756
9598,1.3708
9600,1.3812
9602,1.3917
9604,1.3796
9606,1.3748
9608,1.3796
9610,1.3764
9612,1.3901
9614,1.3837
9616,1.3845
9626,1.4046
9628,1.4054
9630,1.4127
9632,1.4240
9634,1.4272
9636,1.4264
9638,1.4256
9640,1.4223
9642,1.4312
9644,1.4304
9646,1.4368
9656,1.4368
9658,1.4368
9660,1.4312
9662,1.4393
9664,1.4320
9666,1.4360
9668,1.4385
9670,1.4312
9672,1.4385
9674,1.4393
9676,1.4336
9686,1.4441
9688,1.4457
9690,1.4715
9692,1.4530
9694,1.4530
9696,1.4570
9698,1.4465
9700,1.4530
9702,1.4514
9704,1.4481
9706,1.4497
9716,1.4449
9718,1.4465
9720,1.4368
9722,1.4554
9724,1.4441
9726,1.4441
9728,1.4409
9730,1.4393
9732,1.4401
9734,1.4368
9736,1.4360
9746,1.3853
9748,1.4449
9750,1.4433
9752,1.4489
9754,1.4554
9756,1.4433
9758,1.4441
9760,1.4425
9762,1.4473
9764,1.4497
9766,1.4497
9776,1.4425
9778,1.4401
9780,1.4441
9782,1.4385
9784,1.4401
9786,1.4401
9788,1.4401
9790,1.4401
9792,1.4417
9794,1.4417
9796,1.4401
9806,1.4433
9808,1.4417
9810,1.4449
9812,1.4514
9814,1.4473
9816,1.4489
9818,1.4457
9820,1.4433
9822,1.4441
9824,1.4481
9826,1.4433
9836,1.4433
9838,1.4393
9840,1.4360
9842,1.4393
9844,1.4433
9846,1.4425
9848,1.4377
9850,1.4546
9852,1.4393
9854,1.4449
9856,1.4393
9866,1.4433
9868,1.4441
9870,1.4449
9872,1.4530
9874,1.4433
9876,1.4417
9878,1.4489
9880,1.4409
9882,1.4457
9884,1.4433
9886,1.4433
9896,1.4433
9898,1.4417
9900,1.4433
9902,1.4449
9904,1.4457
9906,1.4393
9908,1.4417
9910,1.4417
9912,1.4425
9914,1.4425
9916,1.4433
9926,1.4417
9928,1.4441
9930,1.4449
9932,1.4401
9934,1.4562
9936,1.4441
9938,1.4433
9940,1.4393
9942,1.4433
9944,1.4441
9946,1.4441
9956,1.4425
9958,1.4449
9960,1.4393
9962,1.4441
9964,1.4441
9966,1.4441
9968,1.4417
9970,1.4433
9972,1.4425
9974,1.4385
9976,1.4481
9986,1.4433
9988,1.4457
9990,1.4449
9992,1.4465
9994,1.4385
9996,1.4433
9998,1.4433
10000,1.4570
10002,1.4352
10004,1.4489
10006,1.4433
10016,1.4417
10018,1.4433
10020,1.4457
10022,1.4441
10024,1.4489
10026,1.4433
10028,1.4433
10030,1.4401
10032,1.4433
10042,1.4425
10044,1.4401
10046,1.4465
10048,1.4393
10050,1.4522
10052,1.4401
10054,1.4409
10056,1.4497
10058,1.4425
10060,1.4441
10070,1.4441
10072,1.4489
10074,1.4457
10076,1.4481
10078,1.4433
10080,1.4433
10082,1.4457
10084,1.4449
10086,1.4441
10096,1.4433
10098,1.4457
10100,1.4441
10102,1.4433
10104,1.4441
10106,1.4449
10108,1.4441
10110,1.4417
10112,1.4425
10114,1.4433
10124,1.4401
10126,1.4433
10128,1.4312
10130,1.4030
10132,1.3595
10134,1.3176
10136,1.2523
10138,1.1733
10148,0.4408
10150,0.3570
10152,0.3570
10154,0.3771
10156,0.3763
10158,0.3683
10160,0.3618
10162,0.3586
10172,0.7736
10174,0.8397
10176,1.0138
10178,1.1975
10180,1.1306
10182,1.1741
10184,1.2805
10186,1.1733
10188,1.1242
10198,1.0694
10200,0.9670
10202,1.0444
10204,1.0114
10206,0.8953
10208,0.9566
10210,0.9566
10212,0.8639
10214,0.9630
10224,1.3821
10226,1.4288
10228,1.4360
10230,1.4916
10232,1.5190
10234,1.4828
10236,1.5223
10238,1.5336
10240,1.4417
10250,1.4884
10252,1.4054
10254,1.4095
10256,1.4675
10258,1.4312
10260,1.4175
10262,1.4570
10264,1.4272
10266,1.4135
10276,1.4320
10278,1.4191
10280,1.4497
10282,1.4368
10284,1.4183
10286,1.4393
10288,1.4449
10290,1.4304
10292,1.4433
10294,1.4441
10304,1.4401
10306,1.4352
10308,1.4352
10310,1.4304
10312,1.4232
10314,1.4199
10316,1.4078
10318,1.3998
10320,1.3941
10330,1.3917
10332,1.3925
10334,1.3966
10336,1.3941
10338,1.3917
10340,1.3974
10342,1.3885
10344,1.4038
10346,1.3925
10356,1.3949
10358,1.4046
10360,1.3974
10362,1.4030
10364,1.4062
10366,1.4078
10368,1.4078
10370,1.4143
10380,1.4183
10382,1.4232
10384,1.4248
10386,1.4135
10388,1.4240
10390,1.4393
10392,1.4159
10394,1.4199
10396,1.4272
10406,1.4288
10408,1.4223
10410,1.4256
10412,1.4240
10414,1.4312
10416,1.4199
10418,1.4264
10420,1.4288
10422,1.4312
