
99,339
102,340
104,340
106,339
109,340
111,339
114,339
116,339
118,339
121,340
123,339
126,339
129,339
131,340
134,339
136,339
139,339
141,340
143,340
146,340
148,339
151,339
153,339
155,339
158,339
160,339
162,340
165,340
167,339
171,339
173,338
175,339
178,339
180,339
183,339
185,340
187,339
190,339
192,339
195,339
197,339
199,339
202,339
204,339
206,339
209,339
211,339
215,339
217,339
219,340
222,339
224,339
227,339
229,339
231,339
234,339
236,339
239,339
241,340
243,339
246,339
248,339
251,339
253,340
256,339
259,339
261,339
263,340
266,339
268,339
271,339
273,339
275,340
278,338
280,339
283,339
285,339
287,339
290,339
292,339
295,339
297,339
300,339
303,339
305,339
308,340
310,339
312,339
315,339
317,339
319,339
322,338
324,339
327,339
329,340
331,339
334,339
336,339
339,339
342,339
344,339
347,339
349,339
352,339
354,339
356,339
359,339
361,339
364,339
366,339
368,340
371,339
373,339
375,339
378,339
380,339
384,339
386,339
388,339
391,339
393,339
396,339
398,339
400,339
403,339
405,339
408,339
410,340
412,340
415,339
417,340
419,339
422,339
424,339
428,339
430,339
432,339
435,339
437,339
440,339
442,339
444,339
447,339
449,339
452,339
454,339
456,339
459,339
461,339
464,339
466,340
468,339
472,339
474,339
476,339
479,340
481,339
484,339
486,339
488,339
491,340
493,340
496,339
498,339
500,339
503,340
505,340
508,339
510,340
513,339
516,340
518,339
521,339
523,339
525,338
528,340
530,339
533,338
535,339
537,339
540,339
542,339
544,339
547,339
549,340
552,339
555,339
557,339
560,340
562,339
565,339
567,339
569,339
572,339
574,339
577,339
579,339
581,339
584,339
586,339
589,339
591,339
593,340
596,339
599,339
601,339
604,339
606,338
609,339
611,339
613,339
616,340
618,339
621,339
623,339
625,339
628,339
630,339
633,339
635,339
637,339
641,339
643,339
646,340
648,339
650,339
653,339
655,339
657,339
660,339
662,339
665,339
667,339
669,340
672,339
674,339
677,339
679,339
681,339
685,339
687,338
690,339
692,340
694,339
697,339
699,339
702,339
704,341
706,339
709,339
711,339
714,339
716,340
718,339
721,340
723,339
726,339
729,340
731,339
734,339
736,340
738,339
741,340
743,339
746,339
748,339
750,339
753,340
755,339
758,339
760,339
762,339
765,340
768,339
771,339
773,339
775,339
778,340
780,339
782,339
785,340
787,339
790,341
792,339
794,339
797,340
799,339
802,341
804,339
806,339
809,339
812,340
815,340
817,339
819,339
822,340
824,340
827,340
829,339
831,339
834,339
836,339
838,340
841,339
843,339
846,340
848,339
850,339
854,339
856,339
859,339
861,339
863,340
866,339
868,340
871,339
873,339
875,339
878,340
880,340
883,340
885,339
887,339
890,339
892,339
894,339
898,339
900,340
903,339
905,339
907,340
910,339
912,340
915,340
917,339
919,339
922,340
924,340
927,340
929,339
931,340
934,341
936,340
940,340
942,340
944,340
947,340
949,340
951,340
954,341
956,341
959,340
961,341
963,341
966,341
968,341
971,341
973,341
975,341
978,342
980,341
984,341
986,341
988,342
991,342
993,341
996,342
998,342
1000,341
1003,343
1005,342
1008,342
1010,342
1012,342
1015,342
1017,342
1020,342
1022,342
1026,342
1028,342
1031,342
1033,342
1035,343
1038,341
1040,342
1043,342
1045,342
1048,343
1050,342
1052,342
1055,342
1057,342
1060,342
1062,342
1065,343
1068,342
1071,342
1073,342
1075,343
1078,342
1080,343
1083,342
1085,342
1088,343
1090,342
1092,343
1095,342
1097,343
1100,343
1102,342
1105,343
1107,343
1111,343
1113,343
1115,343
1118,343
1120,343
1123,343
1125,344
1128,343
1130,344
1132,343
1135,343
1137,343
1140,343
1142,343
1145,343
1147,343
1150,344
1153,343
1155,343
1158,343
1160,343
1163,343
1165,343
1168,343
1170,343
1172,343
1175,344
1177,343
1180,343
1182,344
1185,344
1187,344
1190,343
1192,343
1195,344
1198,343
1200,344
1203,344
1205,343
1208,344
1210,343
1212,343
1215,344
1217,343
1220,343
1222,344
1225,343
1227,345
1230,345
1232,344
1234,343
1238,344
1240,345
1243,343
1245,344
1248,344
1250,344
1252,345
1255,344
1257,344
1260,344
1262,344
1265,344
1267,344
1270,344
1272,343
1274,344
1277,344
1280,344
1283,344
1285,345
1288,344
1290,343
1292,344
1295,344
1297,344
1300,344
1302,344
1305,344
1307,343
1310,344
1312,344
1314,343
1317,343
1319,344
1323,344
1325,344
1328,344
1330,345
1332,344
1335,344
1337,344
1340,344
1342,344
1345,343
1347,343
1350,344
1352,344
1354,345
1357,343
1359,343
1362,343
1364,343
1368,344
1370,344
1372,344
1375,344
1377,344
1380,343
1382,344
1385,343
1387,344
1390,344
1392,343
1394,344
1397,343
1399,345
1402,344
1404,345
1408,344
1410,344
1412,344
1415,344
1417,344
1420,344
1422,344
1425,343
1427,344
1430,344
1432,345
1434,344
1437,344
1439,343
1442,344
1444,344
1447,344
1449,344
1452,344
1455,344
1457,345
1460,344
1462,344
1465,343
1467,344
1470,344
1472,344
1474,344
1477,344
1479,344
1482,344
1484,344
1487,343
1489,345
1491,344
1495,344
1497,343
1500,344
1502,345
1505,344
1507,344
1510,343
1512,344
1514,345
1517,343
1519,344
1522,344
1524,344
1527,344
1529,344
1531,344
1534,345
1537,345
1540,344
1542,344
1545,343
1547,345
1550,343
1552,343
1554,344
1557,344
1559,345
1562,344
1564,344
1567,343
1569,344
1571,344
1574,343
1576,344
1580,344
1582,344
1585,343
1587,344
1590,344
1592,346
1594,344
1597,344
1599,344
1602,344
1604,345
1607,343
1609,343
1611,344
1614,344
1616,344
1619,344
1622,343
1625,344
1627,344
1630,344
1632,344
1634,343
1637,345
1639,344
1642,344
1644,343
1647,344
1649,344
1651,343
1654,344
1656,344
1659,343
1661,344
1665,344
1667,343
1669,344
1672,344
1674,343
1677,343
1679,344
1682,344
1684,344
1687,344
1689,344
1691,344
1694,345
1696,344
1699,344
1701,344
1704,343
1707,344
1709,344
1712,344
1714,344
1717,344
1719,344
1722,343
1724,344
1727,343
1729,344
1731,344
1734,344
1736,344
1739,345
1741,344
1744,344
1746,343
1748,344
1752,345
1754,344
1757,344
1759,344
1762,344
1764,344
1767,343
1769,343
1771,344
1774,343
1776,344
1779,345
1781,344
1784,344
1786,344
1788,344
1792,344
1794,344
1797,345
1799,344
1802,344
1804,344
1807,344
1809,344
1811,344
1814,344
1816,343
1819,343
1821,344
1824,344
1826,344
1828,344
1831,344
1833,344
1837,343
1839,344
1842,345
1844,344
1847,344
1849,344
1851,343
1854,344
1856,344
1859,344
1861,344
1864,343
1866,345
1868,344
1871,344
1873,344
1876,344
1879,344
1882,344
1884,344
1887,344
1889,344
1891,344
1894,344
1896,343
1899,345
1901,344
1904,343
1906,343
1908,344
1911,345
1913,344
1916,344
1918,344
1922,344
1924,344
1927,344
1929,343
1931,344
1934,343
1936,344
1939,344
1941,343
1944,345
1946,344
1948,344
1951,343
1953,344
1956,344
1958,343
1961,343
1964,343
1967,344
1969,344
1971,344
1974,344
1976,344
1979,343
1981,343
1984,343
1986,343
1988,344
1991,343
1993,343
1996,343
1998,344
2001,344
2003,343
2007,343
2009,343
2011,343
2014,343
2016,344
2019,343
2021,343
2024,343
2026,342
2028,343
2031,343
2033,342
2036,342
2038,342
2041,342
2043,342
2046,343
2049,342
2051,342
2054,342
2056,341
2059,342
2061,341
2064,341
2066,341
2068,341
2071,341
2073,341
2076,341
2078,341
2081,340
2083,340
2086,341
2088,340
2091,341
2094,340
2096,340
2099,340
2101,340
2104,341
2106,340
2108,339
2111,340
2113,340
2116,340
2118,339
2121,339
2123,339
2126,339
2128,339
2130,340
2134,339
2136,339
2139,340
2141,340
2144,339
2146,339
2148,340
2151,339
2153,340
2156,339
2158,339
2161,340
2163,339
2166,339
2168,339
2170,339
2173,339
2176,339
2179,340
2181,339
2184,339
2186,340
2188,339
2191,339
2193,340
2196,341
2198,339
2201,339
2203,339
2206,340
2208,339
2210,339
2213,339
2215,339
2219,340
2221,339
2224,339
2226,339
2228,339
2231,339
2233,339
2236,339
2238,340
2241,340
2243,339
2246,339
2248,339
2250,340
2253,339
2255,339
2258,339
2260,339
2264,340
2266,339
2268,339
2271,339
2273,339
2276,339
2278,339
2281,339
2283,340
2286,339
2288,339
2290,339
2293,339
2295,340
2298,338
2300,339
2304,339
2306,339
2308,340
2311,339
2313,339
2316,339
2318,339
2321,340
2323,339
2326,339
2328,340
2330,339
2333,339
2335,339
2338,340
2340,340
2343,339
2345,339
2348,339
2351,339
2353,341
2356,339
2358,340
2361,340
2363,339
2366,340
2368,339
2370,339
2373,339
2375,339
2378,339
2380,339
2383,339
2385,339
2387,339
2391,339
2393,340
2396,339
2398,340
2401,339
2403,339
2406,340
2408,339
2410,340
2413,339
2415,339
2418,339
2420,339
2423,340
2425,339
2427,339
2430,339
2433,339
2436,339
2438,340
2441,339
2443,340
2446,339
2448,339
2450,339
2453,339
2455,340
2458,340
2460,340
2463,339
2465,339
2467,340
2470,339
2472,339
2476,339
2478,339
2481,339
2483,339
2486,339
2488,339
2490,339
2493,340
2495,339
2498,339
2500,339
2503,340
2505,339
2507,339
2510,339
2512,340
2515,339
2518,339
2521,339
2523,339
2526,339
2528,339
2530,339
2533,339
2535,339
2538,339
2540,339
2543,339
2545,340
2547,340
2550,339
2552,339
2555,339
2557,341
2561,340
2563,340
2566,339
2568,339
2570,340
2573,339
2575,339
2578,339
2580,339
2583,339
2585,339
2587,339
2590,338
2592,339
2595,339
2597,339
2600,339
2603,340
2606,339
2608,339
2610,339
2613,340
2615,340
2618,340
2620,339
2623,339
2625,339
2627,340
2630,339
2632,339
2635,339
2637,339
2640,340
2642,339
2646,339
2648,340
2650,339
2653,339
2655,339
2658,340
2660,340
2663,339
2665,340
2667,340
2670,338
2672,340
2675,339
2677,339
2680,339
2682,338
2685,339
2688,339
2690,339
2693,339
2695,339
2698,339
2700,339
2703,339
2705,340
2707,339
2710,339
2712,340
2715,339
2717,340
2720,339
2722,340
2725,339
2727,339
2729,340
2733,339
2735,339
2738,339
2740,340
2743,339
2745,339
2747,339
2750,340
2752,339
2755,339
2757,339
2760,339
2762,341
2765,339
2767,340
2769,339
2772,339
2775,340
2778,340
2780,339
2783,339
2785,339
2787,339
2790,340
2792,339
2795,340
2797,339
2800,340
2802,339
2805,339
2807,340
2809,340
2812,339
2814,339
2818,339
2820,340
2823,340
2825,339
2827,340
2830,339
2832,340
2835,339
2837,340
2840,339
2842,340
2845,339
2847,339
2849,340
2852,340
2854,340
2857,339
2860,340
2863,340
2865,341
2867,340
2870,340
2872,339
2875,339
2877,341
2880,339
2882,340
2885,340
2887,340
2889,340
2892,340
2894,339
2897,341
2899,340
2903,339
2905,340
2907,340
2910,341
2912,340
2915,340
2917,340
2920,341
2922,341
2925,341
2927,341
2929,341
2932,341
2934,341
2937,341
2939,341
2942,341
2945,341
2947,341
2950,341
2952,342
2955,342
2957,341
2960,341
2962,341
2965,342
2967,343
2969,342
2972,342
2974,342
2977,342
2979,341
2982,342
2984,342
2987,342
2990,342
2992,342
2995,342
2997,342
3000,343
3002,342
3005,342
3007,342
3009,342
3012,343
3014,342
3017,342
3019,343
3022,342
3024,343
3026,343
3030,344
3032,343
3035,342
3037,343
3040,343
3042,343
3045,343
3047,343
3049,343
3052,343
3054,343
3057,344
3059,343
3062,343
3064,343
3066,343
3069,345
3072,343
3075,345
3077,343
3080,343
3082,343
3085,344
3087,343
3089,344
3092,343
3094,344
3097,344
3099,343
3102,344
3104,343
3106,344
3109,344
3111,344
3115,344
3117,343
3120,344
3122,344
3125,344
3127,345
3129,345
3132,344
3134,344
3137,344
3139,345
3142,344
3144,344
3146,343
3149,344
3151,343
3154,343
3156,344
3160,345
3162,344
3165,344
3167,343
3169,344
3172,345
3174,344
3177,344
3179,344
3182,343
3184,344
3186,343
3189,343
3191,344
3194,344
3196,344
3200,343
3202,343
3205,345
3207,344
3209,343
3212,343
3214,344
3217,344
3219,344
3222,344
3224,344
3226,344
3229,344
3231,344
3234,343
3236,344
3239,345
3241,344
3244,344
3247,343
3249,345
3252,343
3254,343
3257,343
3259,344
3262,344
3264,344
3266,344
3269,344
3271,344
3274,345
3276,344
3279,344
3281,343
3283,344
3287,344
3289,343
3292,343
3294,344
3297,344
3299,344
3302,343
3304,344
3306,344
3309,344
3311,344
3314,344
3316,344
3319,344
3321,343
3323,343
3326,344
3329,344
3332,344
3334,343
3337,344
3339,343
3342,344
3344,344
3346,344
3349,344
3351,344
3354,344
3356,343
3359,344
3361,344
3363,345
3366,343
3368,344
3372,344
3374,344
3377,345
3379,344
3382,345
3384,343
3386,344
3389,344
3391,344
3394,343
3396,343
3399,344
3401,344
3403,344
3406,343
3408,344
3411,344
3414,345
3417,343
3419,344
3422,344
3424,344
3426,344
3429,343
3431,343
3434,344
3436,343
3439,343
3441,343
3443,343
3446,344
3448,344
3451,343
3453,344
3457,344
3459,345
3462,343
3464,343
3466,344
3469,344
3471,344
3474,343
3476,344
3479,344
3481,344
3483,344
3486,344
3488,343
3491,344
3493,344
3496,343
3499,344
3502,343
3504,344
3506,344
3509,343
3511,345
3514,344
3516,344
3519,344
3521,344
3523,344
3526,344
3528,344
3531,344
3533,343
3536,345
3538,344
3542,344
3544,344
3546,344
3549,344
3551,344
3554,343
3556,344
3559,343
3561,344
3563,344
3566,344
3568,345
3571,343
3573,344
3576,344
3578,344
3581,345
3584,344
3586,344
3589,343
3591,344
3594,344
3596,344
3599,344
3601,344
3603,344
3606,344
3608,343
3611,344
3613,344
3616,344
3618,344
3621,344
3623,344
3625,344
3629,344
3631,344
3634,344
3636,343
3639,344
3641,344
3643,344
3646,344
3648,344
3651,344
3653,344
3656,344
3658,344
3661,343
3663,343
3665,344
3668,344
3671,344
3674,344
3676,344
3679,344
3681,344
3683,344
3686,344
3688,344
3691,343
3693,343
3696,344
3698,344
3701,344
3703,344
3705,343
3708,344
3710,344
3714,343
3716,344
3719,343
3721,344
3723,344
3726,344
3728,344
3731,343
3733,344
3736,344
3738,344
3741,344
3743,344
3745,344
3748,343
3750,344
3753,344
3756,344
3759,344
3761,344
3763,344
3766,344
3768,343
3771,343
3773,344
3776,344
3778,344
3781,344
3783,344
3785,344
3788,344
3790,344
3793,343
3795,343
3799,344
3801,344
3803,343
3806,343
3808,344
3811,345
3813,344
3816,343
3818,344
3821,344
3823,344
3825,343
3828,343
3830,344
3833,343
3835,343
3838,343
3841,343
3843,343
3846,342
3848,343
3851,343
3853,343
3856,343
3858,342
3861,343
3863,343
3865,343
3868,343
3870,342
3873,342
3875,343
3878,342
3880,341
3883,342
3886,341
3888,342
3891,342
3893,341
3896,341
3898,341
3901,341
3903,340
3905,340
3908,341
3910,340
3913,341
3915,340
3918,340
3920,341
3922,340
3926,340
3928,340
3931,340
3933,340
3936,339
3938,339
3941,339
3943,339
3945,339
3948,340
3950,339
3953,339
3955,340
3958,340
3960,340
3962,339
3965,340
3968,339
3971,339
3973,340
3976,339
3978,339
3981,339
3983,339
3985,340
3988,340
3990,340
3993,340
3995,340
3998,339
4000,339
4002,339
4005,339
4007,339
4011,340
4013,339
4016,339
4018,340
4021,339
4023,339
4025,339
4028,339
4030,340
4033,339
4035,340
4038,339
4040,340
4042,340
4045,340
4047,339
4050,339
4052,339
4056,339
4058,339
4061,340
4063,339
4065,340
4068,340
4070,340
4073,340
4075,339
4078,339
4080,340
4082,339
4085,340
4087,339
4090,340
4092,340
4096,340
4098,339
4101,339
4103,339
4105,339
4108,339
4110,339
4113,339
4115,339
4118,340
4120,339
4122,339
4125,340
4127,340
4130,340
4132,340
4135,339
4137,339
4141,339
4143,339
4145,339
4148,339
4150,340
4153,339
4155,339
4158,340
4160,340
4162,339
4165,339
4167,339
4170,340
4172,340
4175,339
4177,339
4180,339
4183,340
4185,339
4188,339
4190,339
4193,339
4195,340
4198,339
4200,339
4202,339
4205,339
4207,340
4210,339
4212,339
4215,339
4217,339
4220,339
4222,339
4225,340
4228,340
4230,339
4233,339
4235,339
4238,340
4240,340
4242,339
4245,339
4247,339
4250,340
4252,340
4255,339
4257,339
4260,340
4262,338
4264,340
4268,339
4270,339
4273,340
4275,339
4278,339
4280,339
4282,340
4285,339
4287,339
4290,340
4292,340
4295,339
4297,340
4300,339
4302,340
4304,339
4307,339
4310,340
4313,339
4315,339
4318,339
4320,339
4322,340
4325,339
4327,339
4330,340
4332,339
4335,339
4337,340
4340,339
4342,339
4344,339
4347,340
4349,339
4353,339
4355,340
4358,339
4360,339
4362,340
4365,339
4367,339
4370,339
4372,339
4375,340
4377,339
4380,339
4382,339
4384,339
4387,340
4389,340
4392,340
4395,339
4398,339
4400,340
4402,341
4405,339
4407,339
4410,339
4412,339
4415,339
4417,339
4420,340
4422,339
4424,339
4427,339
4429,339
4432,340
4434,340
4438,339
4440,339
4442,339
4445,340
4447,340
4450,339
4452,339
4455,339
4457,341
4460,340
4462,339
4464,340
4467,339
4469,339
4472,339
4474,339
4477,339
4480,339
4482,339
4485,339
4487,340
4490,340
4492,339
4495,340
4497,339
4500,339
4502,341
4504,339
4507,339
4509,339
4512,340
4514,339
4517,339
4519,339
4521,340
4525,339
4527,339
4530,339
4532,339
4535,340
4537,339
4540,339
4542,339
4544,340
4547,340
4549,339
4552,339
4554,339
4557,340
4559,340
4561,339
4564,339
4567,340
4570,339
4572,340
4575,339
4577,339
4580,339
4582,339
4584,339
4587,339
4589,340
4592,340
4594,339
4597,339
4599,339
4601,339
4604,340
4606,339
4610,339
4612,340
4615,339
4617,340
4620,339
4622,339
4624,339
4627,339
4629,339
4632,339
4634,340
4637,339
4639,339
4641,339
4644,339
4646,339
4649,340
4652,339
4655,340
4657,339
4660,339
4662,340
4664,339
4667,340
4669,339
4672,339
4674,339
4677,340
4679,339
4681,339
4684,340
4686,339
4689,340
4691,339
4695,339
4697,340
4700,339
4702,339
4704,339
4707,341
4709,340
4712,339
4714,340
4717,339
4719,339
4721,340
4724,339
4726,339
4729,339
4731,340
4734,340
4737,339
4740,339
4742,339
4744,339
4747,339
4749,339
4752,340
4754,340
4757,339
4759,339
4761,339
4764,340
4766,339
4769,339
4771,340
4774,339
4776,339
4780,339
4782,339
4784,339
4787,340
4789,339
4792,339
4794,339
4797,340
4799,339
4801,339
4804,339
4806,339
4809,340
4811,340
4814,339
4816,339
4819,340
4822,339
4824,339
4827,339
4829,340
4832,339
4834,339
4837,339
4839,339
4841,340
4844,339
4846,339
4849,339
4851,339
4854,340
4856,340
4859,340
4861,339
4864,340
4867,340
4869,339
4872,339
4874,340
4877,340
4879,340
4881,339
4884,339
4886,341
4889,340
4891,340
4894,340
4896,340
4899,340
4901,340
4903,340
4907,340
4909,340
4912,341
4914,341
4917,340
4919,341
4921,340
4924,340
4926,340
4929,341
4931,341
4934,341
4936,341
4939,340
4941,342
4943,341
4946,341
4948,341
4952,341
4954,342
4957,342
4959,342
4961,341
4964,342
4966,342
4969,342
4971,342
4974,342
4976,343
4979,342
4981,342
4983,343
4986,342
4988,343
4992,342
4994,343
4997,343
4999,342
5001,343
5004,342
5006,343
5009,343
5011,343
5014,344
5016,343
5019,343
5021,343
5023,343
5026,343
5028,343
5031,342
5033,344
5037,343
5039,344
5042,343
5044,343
5046,343
5049,343
5051,343
5054,343
5056,343
5059,344
5061,343
5063,343
5066,344
5068,343
5071,343
5073,344
5076,343
5079,344
5082,343
5084,344
5086,343
5089,344
5091,344
5094,345
5096,343
5099,344
5101,344
5103,344
5106,344
5108,344
5111,344
5113,344
5116,345
5118,344
5121,344
5124,344
5126,343
5129,344
5131,344
5134,343
5136,343
5139,344
5141,344
5143,344
5146,344
5148,345
5151,344
5153,343
5156,344
5158,343
5160,344
5164,343
5166,343
5169,344
5171,344
5174,344
5176,344
5179,344
5181,344
5183,343
5186,344
5188,344
5191,343
5193,345
5196,343
5198,344
5200,344
5203,345
5206,344
5209,343
5211,344
5214,344
5216,344
5219,345
5221,344
5223,344
5226,344
5228,343
5231,344
5233,344
5236,344
5238,344
5240,344
5243,344
5245,344
5249,345
5251,344
5254,344
5256,344
5259,344
5261,344
5263,344
5266,344
5268,344
5271,344
5273,344
5276,344
5278,344
5280,343
5283,344
5285,343
5288,344
5291,343
5294,344
5296,344
5299,344
5301,344
5303,344
5306,343
5308,344
5311,344
5313,344
5316,344
5318,344
5320,344
5323,345
5325,344
5328,344
5330,343
5334,344
5336,343
5339,344
5341,344
5343,343
5346,344
5348,344
5351,343
5353,344
5356,344
5358,345
5360,344
5363,344
5365,344
5368,344
5370,343
5373,344
5376,344
5379,344
5381,344
5383,344
5386,344
5388,344
5391,344
5393,343
5396,344
5398,344
5400,344
5403,344
5405,344
5408,344
5410,344
5413,344
5415,344
5419,344
5421,344
5423,345
5426,344
5428,344
5431,344
5433,344
5436,343
5438,344
5440,343
5443,344
5445,343
5448,344
5450,343
5453,344
5455,344
5458,344
5460,344
5463,344
5466,344
5468,345
5471,344
5473,344
5476,344
5478,344
5480,343
5483,344
5485,344
5488,345
5490,344
5493,344
5495,344
5498,343
5500,345
5502,344
5506,344
5508,343
5511,344
5513,345
5516,344
5518,344
5520,344
5523,344
5525,344
5528,344
5530,344
5533,345
5535,343
5538,343
5540,343
5542,344
5545,344
5548,343
5551,343
5553,344
5556,344
5558,344
5560,343
5563,344
5565,343
5568,343
5570,344
5573,343
5575,343
5578,344
5580,343
5582,343
5585,343
5587,343
5591,344
5593,343
5596,343
5598,343
5600,343
5603,343
5605,342
5608,343
5610,342
5613,342
5615,342
5618,342
5620,342
5622,342
5625,341
5627,342
5630,342
5633,343
5636,342
5638,341
5640,341
5643,341
5645,341
5648,341
5650,340
5653,341
5655,341
5658,341
5660,341
5662,340
5665,341
5667,340
5670,341
5672,340
5676,340
5678,340
5680,340
5683,340
5685,340
5688,340
5690,339
5693,340
5695,339
5698,339
5700,339
5702,339
5705,339
5707,339
5710,339
5712,339
5715,339
5718,340
5720,340
5723,339
5725,340
5728,339
5730,339
5733,339
5735,340
5738,340
5740,339
5742,340
5745,339
5747,339
5750,340
5752,339
5755,339
5757,339
5760,339
5763,339
5765,339
5768,339
5770,340
5773,339
5775,340
5778,339
5780,339
5782,339
5785,339
5787,339
5790,339
5792,339
5795,339
5797,339
5799,339
5803,339
5805,339
5808,339
5810,339
5813,339
5815,339
5818,339
5820,340
5822,339
5825,339
5827,340
5830,340
5832,340
5835,339
5837,339
5839,339
5842,338
5844,339
5848,339
5850,339
5853,340
5855,339
5858,339
5860,339
5862,338
5865,339
5867,339
5870,339
5872,340
5875,340
5877,339
5879,339
5882,339
5884,340
5888,339
5890,339
5893,339
5895,339
5898,340
5900,338
5902,339
5905,339
5907,339
5910,339
5912,339
5915,339
5917,339
5919,339
5922,340
5924,339
5927,339
5929,341
5933,339
5935,340
5938,339
5940,340
5942,340
5945,339
5947,339
5950,340
5952,340
5955,340
5957,339
5959,339
5962,339
5964,340
5967,340
5969,339
5972,339
5975,339
5978,339
5980,339
5982,340
5985,340
5987,340
5990,339
5992,339
5995,341
5997,339
5999,340
6002,339
6004,340
6007,340
6009,339
6012,340
6014,339
6018,340
6020,340
6022,340
6025,340
6027,339
6030,340
6032,340
6035,340
6037,341
6039,342
6042,340
6044,340
6047,340
6049,341
6052,340
6054,341
6057,341
6060,340
6062,341
6065,341
6067,341
6070,342
6072,341
6075,341
6077,342
6079,342
6082,343
6084,342
6087,342
6089,343
6092,343
6094,343
6097,343
6099,343
6102,343
6105,344
6107,343
6110,343
6112,343
6115,344
6117,344
6119,344
6122,344
6124,344
6127,344
6129,344
6132,344
6134,344
6137,344
6139,344
6141,344
6145,344
6147,344
6150,344
6152,344
6155,344
6157,343
6159,345
6162,344
6164,344
6167,344
6169,344
6172,345
6174,343
6177,344
6179,344
6181,344
6184,344
6187,343
6190,344
6192,345
6195,344
6197,344
6199,343
6202,344
6204,345
6207,344
6209,344
6212,344
6214,344
6217,344
6219,343
6221,344
6224,344
6226,343
6230,344
6232,344
6235,343
6237,344
6239,343
6242,344
6244,344
6247,344
6249,344
6252,343
6254,344
6257,344
6259,344
6261,344
6264,344
6266,343
6269,344
6272,343
6275,344
6277,344
6279,343
6282,344
6284,344
6287,344
6289,343
6292,344
6294,344
6297,343
6299,343
6301,345
6304,343
6306,344
6309,344
6311,343
6315,344
6317,344
6319,344
6322,344
6324,344
6327,344
6329,344
6332,344
6334,344
6337,344
6339,344
6341,344
6344,343
6346,344
6349,343
6351,344
6354,344
6356,344
6359,344
6362,343
6364,344
6367,344
6369,344
6372,343
6374,344
6377,344
6379,344
6381,344
6384,344
6386,344
6389,344
6391,344
6394,343
6396,343
6398,344
6402,343
6404,343
6407,343
6409,343
6412,343
6414,343
6417,343
6419,343
6421,342
6424,343
6426,342
6429,343
6431,342
6434,343
6436,342
6438,342
6441,342
6444,342
6447,341
6449,341
6452,341
6454,341
6457,342
6459,341
6461,340
6464,340
6466,342
6469,340
6471,340
6474,339
6476,340
6478,341
6481,339
6483,339
6487,339
6489,340
6492,339
6494,339
6497,339
6499,339
6501,339
6504,339
6506,339
6509,339
6511,340
6514,339
6516,339
6518,339
6521,340
6523,340
6526,339
6529,339
6532,340
6534,340
6537,339
6539,339
6541,339
6544,339
6546,339
6549,339
6551,339
6554,339
6556,340
6558,339
6561,339
6563,339
6566,339
6568,339
6572,339
6574,339
6577,340
6579,339
6581,340
6584,339
6586,339
6589,340
6591,339
6594,339
6596,339
6598,339
6601,340
6603,339
6606,339
6608,339
6611,339
6614,339
6617,339
6619,339
6621,340
6624,339
6626,339
6629,339
6631,340
6634,340
6636,339
6638,339
6641,340
6643,340
6646,340
6648,339
6651,339
6653,339
6657,339
6659,340
6661,339
6664,339
6666,339
6669,339
6671,340
6674,339
6676,340
6678,340
6681,339
6683,340
6686,341
6688,339
6691,340
6693,340
6696,341
6699,340
6701,340
6704,341
6706,341
6709,340
6711,341
6714,341
6716,341
6718,341
6721,341
6723,341
6726,341
6728,343
6731,343
6733,343
6736,343
6738,343
6740,344
6744,343
6746,343
6749,343
6751,344
6754,344
6756,343
6758,343
6761,344
6763,344
6766,343
6768,344
6771,343
6773,344
6776,344
6778,344
6780,344
6784,344
6786,345
6789,344
6791,344
6794,343
6796,345
6798,343
6801,343
6803,344
6806,343
6808,343
6811,343
6813,343
6816,343
6818,344
6820,343
6823,343
6825,343
6829,344
6831,343
6834,344
6836,344
6838,344
6841,344
6843,344
6846,344
6848,344
6851,345
6853,344
6856,343
6858,344
6860,344
6863,344
6865,343
6868,344
6871,343
6874,344
6876,344
6878,344
6881,343
6883,345
6886,344
6888,344
6891,343
6893,344
6896,345
6898,344
6900,344
6903,343
6905,344
6908,344
6910,344
6914,343
6916,344
6918,343
6921,344
6923,344
6926,344
6928,344
6931,344
6933,344
6936,344
6938,344
6940,344
6943,344
6945,344
6948,343
6950,344
6953,343
6956,343
6958,344
6961,344
6963,344
6966,344
6968,344
6971,343
6973,343
6976,343
6978,344
6980,343
6983,343
6985,343
6988,343
6990,342
6993,343
6995,343
6998,343
7001,342
7003,342
7006,343
7008,342
7011,342
7013,342
7016,342
7018,342
7020,342
7023,342
7025,341
7028,341
7030,342
7033,341
7035,341
7037,341
7041,341
7043,341
7046,340
7048,341
7051,340
7053,340
7055,340
7058,340
7060,340
7063,339
7065,339
7068,339
7070,340
7073,339
7075,339
7077,339
7080,340
7083,339
7086,339
7088,339
7091,339
7093,340
7095,339
7098,339
7100,339
7103,340
7105,339
7108,339
7110,339
7113,339
7115,339
7117,339
7120,339
7122,339
7126,339
7128,339
7131,339
7133,340
7135,339
7138,339
7140,339
7143,339
7145,339
7148,340
7150,339
7153,339
7155,339
7157,340
7160,339
7162,339
7165,339
7168,339
7171,339
7173,339
7175,340
7178,339
7180,339
7183,339
7185,339
7188,339
7190,340
7193,339
7195,339
7197,339
7200,339
7202,340
7205,339
7207,339
7211,339
7213,340
7215,339
7218,339
7220,339
7223,339
7225,339
7228,339
7230,339
7233,340
7235,339
7237,339
7240,339
7242,339
7245,340
7247,340
7250,339
7252,339
7255,339
7258,340
7260,340
7263,340
7265,340
7268,340
7270,340
7273,340
7275,340
7277,340
7280,340
7282,340
7285,341
7287,340
7290,340
7292,341
7294,340
7298,341
7300,341
7303,341
7305,342
7308,342
7310,342
7313,343
7315,342
7317,343
7320,343
7322,344
7325,343
7327,344
7330,344
7332,344
7334,344
7337,345
7340,344
7343,345
7345,344
7348,345
7350,345
7353,345
7355,345
7357,345
7360,345
7362,345
7365,344
7367,345
7370,344
7372,344
7374,344
7377,344
7379,343
7383,343
7385,344
7388,344
7390,343
7393,343
7395,343
7397,343
7400,343
7402,343
7405,343
7407,344
7410,343
7412,343
7414,343
7417,344
7419,344
7422,344
7425,344
7428,344
7430,344
7433,345
7435,344
7437,344
7440,344
7442,344
7445,344
7447,344
7450,344
7452,344
7454,344
7457,344
7459,344
7462,344
7464,344
7468,344
7470,344
7473,343
7475,343
7477,345
7480,344
7482,343
7485,344
7487,344
7490,344
7492,344
7494,343
7497,344
7499,344
7502,343
7504,343
7507,344
7510,344
7513,344
7515,344
7517,344
7520,343
7522,344
7525,344
7527,343
7530,344
7532,344
7534,344
7537,344
7539,344
7542,345
7544,344
7547,344
7549,343
7552,343
7555,344
7557,343
7560,343
7562,343
7565,343
7567,343
7570,343
7572,343
7574,343
7577,343
7579,342
7582,342
7584,342
7587,342
7589,341
7591,341
7595,341
7597,341
7600,341
7602,341
7605,341
7607,340
7610,340
7612,340
7614,339
7617,339
7619,339
7622,339
7624,339
7627,339
7629,339
7631,339
7634,339
7636,339
7640,339
7642,340
7645,339
7647,338
7650,339
7652,340
7654,339
7657,340
7659,339
7662,339
7664,339
7667,339
7669,339
7671,339
7674,340
7676,339
7680,339
7682,339
7685,339
7687,339
7690,339
7692,339
7694,340
7697,340
7699,339
7702,339
7704,339
7707,339
7709,339
7711,339
7714,340
7716,339
7719,339
7721,339
7725,339
7727,339
7730,339
7732,339
7734,339
7737,339
7739,340
7742,339
7744,339
7747,340
7749,339
7751,340
7754,339
7756,339
7759,340
7761,340
7764,340
7767,340
7770,340
7772,341
7774,341
7777,341
7779,341
7782,341
7784,342
7787,342
7789,342
7791,342
7794,342
7796,343
7799,344
7801,343
7804,344
7806,345
7810,344
7812,344
7814,344
7817,345
7819,345
7822,345
7824,345
7827,345
7829,346
7831,345
7834,344
7836,345
7839,345
7841,345
7844,344
7846,344
7849,345
7852,344
7854,343
7857,344
7859,343
7862,344
7864,343
7867,343
7869,343
7871,343
7874,344
7876,343
7879,343
7881,343
7884,343
7886,344
7889,344
7891,343
7894,344
7897,344
7899,344
7902,344
7904,344
7907,344
7909,344
7911,344
7914,344
7916,344
7919,344
7921,344
7924,344
7926,344
7929,344
7931,344
7933,344
7937,343
7939,344
7942,344
7944,344
7947,344
7949,344
7951,344
7954,344
7956,343
7959,344
7961,344
7964,344
7966,344
7969,343
7971,343
7973,343
7976,344
7979,343
7982,344
7984,343
7987,343
7989,343
7991,343
7994,343
7996,343
7999,342
8001,342
8004,343
8006,342
8009,342
8011,341
8013,341
8016,341
8018,341
8022,341
8024,340
8027,340
8029,339
8031,340
8034,340
8036,339
8039,339
8041,338
8044,339
8046,339
8049,339
8051,340
8053,340
8056,339
8058,340
8061,339
8064,339
8067,339
8069,339
8071,339
8074,339
8076,339
8079,340
8081,339
8084,339
8086,339
8089,339
8091,339
8093,339
8096,339
8098,340
8101,339
8103,340
8107,339
8109,339
8111,339
8114,340
8116,339
8119,339
8121,339
8124,339
8126,339
8129,339
8131,339
8133,339
8136,339
8138,339
8141,339
8143,339
8146,339
8148,340
8151,340
8154,339
8156,340
8159,340
8161,339
8164,340
8166,339
8169,341
8171,340
8173,340
8176,340
8178,341
8181,341
8183,341
8186,342
8188,342
8190,342
8194,343
8196,343
8199,344
8201,345
8204,344
8206,345
8209,345
8211,345
8213,347
8216,345
8218,345
8221,346
8223,346
8226,346
8228,345
8230,345
8233,345
8236,345
8239,345
8241,345
8244,345
8246,344
8249,344
8251,343
8253,343
8256,343
8258,343
8261,343
8263,342
8266,342
8268,343
8270,343
8273,343
8275,343
8279,344
8281,344
8284,344
8286,344
8289,344
8291,344
8293,344
8296,344
8298,344
8301,344
8303,344
8306,344
8308,344
8310,344
8313,344
8315,344
8318,344
8321,344
8324,345
8326,343
8329,344
8331,343
8333,344
8336,343
8338,343
8341,344
8343,343
8346,343
