17,1.0444
19,1.0420
30,1.0444
42,1.0468
53,1.0444
63,1.0412
73,1.0484
85,1.0436
96,1.0404
106,1.0452
117,1.0444
128,1.0371
138,1.0444
149,1.0412
160,1.0331
170,0.9364
180,1.0420
192,1.0396
203,1.0444
212,1.0444
224,1.0388
235,1.0412
244,1.0371
256,1.0420
267,1.0444
276,1.0420
288,1.0404
299,1.0436
308,1.0388
320,1.0420
331,1.0444
341,1.0404
351,1.0396
363,1.0444
373,1.0436
383,1.0404
395,1.0436
405,1.0420
415,1.0444
427,1.0388
437,1.0533
447,1.0404
459,1.0436
470,1.0420
479,1.0436
491,1.0371
502,1.0444
512,1.0412
523,1.0436
534,1.0468
544,1.0420
555,1.0388
566,1.0347
576,1.0396
587,1.0404
598,1.0420
608,1.0428
618,1.0444
630,1.0412
640,1.0420
650,1.0444
662,1.0444
673,1.0444
682,1.0444
694,1.0444
705,1.0444
714,1.0355
726,1.0412
737,1.0331
746,1.0396
758,1.0420
769,1.0371
779,1.0412
790,1.0339
801,1.0371
811,1.0323
821,1.0444
833,1.0428
843,1.0388
853,1.0396
865,1.0347
876,1.0347
885,1.0371
897,1.0452
908,1.1081
917,1.0396
929,1.0371
940,1.0436
949,1.0460
961,1.0444
972,1.0371
982,1.0412
993,1.0331
1004,1.0420
1014,1.0404
1025,1.0315
1036,1.0331
1045,1.0420
1057,1.0404
1068,1.0404
1077,1.0404
1089,1.0412
1099,1.0452
1110,1.0404
1121,1.0436
1131,1.0444
1142,1.0347
1153,1.0363
1162,1.0371
1174,1.0428
1185,1.0428
1194,1.0396
1206,1.0388
1216,1.0500
1226,1.0428
1238,1.0404
1248,1.0404
1259,1.0420
1270,1.0444
1279,1.0396
1291,1.0307
1302,1.0388
1311,1.0404
1323,1.0396
1333,1.0436
1343,1.0339
1355,1.0420
1365,1.0371
1376,1.0420
1387,1.0428
1397,1.0404
1408,1.0428
1419,1.0492
1428,1.0396
1440,1.0404
1450,1.0339
1460,1.0420
1472,1.0420
1482,1.0436
1493,1.0363
1504,1.0444
1514,1.0444
1525,1.0444
1536,1.0444
1545,1.0436
1557,1.0412
1568,1.0339
1577,1.0436
1589,1.0420
1599,1.0436
1609,1.0444
1621,1.0444
1631,1.0371
1642,1.0444
1653,1.0388
1662,1.0371
1674,1.0355
1685,1.0379
1694,1.0452
1706,1.0396
1716,1.0339
1726,1.0363
1738,1.0396
1748,1.0363
1759,1.0428
1770,1.0404
1779,1.0468
1791,1.0452
1802,1.0355
1811,1.0396
1823,1.0428
1834,1.0347
1843,1.0404
1855,1.0444
1865,1.0444
1876,1.0404
1887,1.0396
1897,1.0452
1908,1.0436
1919,1.0452
1928,1.0388
1940,1.0428
1951,1.0388
1960,1.0436
1972,1.0436
1983,1.0468
1992,1.0404
2004,1.0371
2014,1.0420
2025,1.0412
2036,1.0412
2045,1.0404
2057,1.0388
2068,1.0436
2077,1.0452
2089,1.0388
2100,1.0388
2109,1.0371
2121,1.0404
2131,1.0444
2141,1.0396
2153,1.0388
2163,1.0452
2174,1.0371
2185,1.0476
2194,1.0355
2206,1.0444
2217,1.0331
2226,1.0404
2238,1.0484
2248,1.0371
2258,1.0436
2270,1.0444
2280,1.0468
2291,1.0444
2302,1.0436
2312,1.0379
2323,1.0404
2334,1.0363
2343,1.0388
2355,1.0388
2366,1.0371
2375,1.0404
2387,1.0444
2397,1.0404
2408,1.0396
2419,1.0444
2429,1.0444
2440,1.0436
2451,1.0396
2460,0.9670
2472,1.0371
2483,1.0396
2492,1.0476
2504,1.0371
2514,1.0444
2525,1.0484
2536,1.0444
2546,1.0444
2557,1.0412
2568,1.0525
2577,1.0170
2589,1.0444
2600,1.0428
2609,1.0420
2621,1.0444
2631,1.0460
2641,1.0444
2653,1.0468
2663,1.0500
2674,1.0460
2685,1.0468
2694,1.0444
2706,1.0444
2717,1.0468
2726,1.0444
2738,1.0436
2748,1.0766
2758,1.0444
2770,1.0444
2780,1.0444
2791,1.0428
2802,1.0444
2812,1.0444
2823,1.0484
2834,1.0396
2843,1.0468
2855,1.0484
2864,1.0444
2866,1.0444
2877,1.0444
2886,1.0420
2898,1.0444
2908,1.0444
2919,1.0452
2930,1.0468
2940,1.0452
2951,1.0444
2962,1.0436
2971,1.0468
2983,1.0444
2994,1.0444
3003,1.0396
3015,1.0420
3025,1.0452
3035,1.0444
3047,1.0444
3057,1.0444
3068,1.0460
3079,1.0436
3088,1.0516
3100,1.0428
3111,1.0436
3120,1.0444
3132,1.0436
3142,0.9267
3152,1.0476
3164,1.0500
3174,1.0460
3185,1.0484
3196,1.0565
3206,1.0549
3217,1.0452
3228,1.0508
3237,1.0581
3249,1.0549
3260,1.0500
3269,1.0549
3281,1.0444
3291,1.0549
3302,1.0533
3313,1.0533
3323,1.0573
3334,1.0557
3345,1.0508
3354,1.0484
3366,1.0484
3377,1.0468
3386,1.0460
3398,1.0444
3408,1.0525
3418,1.0525
3430,1.0500
3440,1.0533
3451,1.0516
3462,1.0573
3471,1.0557
3483,1.0492
3494,1.0460
3503,1.0468
3515,1.0549
3525,1.0484
3535,1.0492
3547,1.0549
3557,1.0581
3568,1.0500
3579,1.0500
3589,1.0573
3600,1.0500
3611,1.0500
3620,1.0484
3632,1.0492
3642,1.0525
3652,1.0476
3664,1.0541
3674,1.0581
3685,1.0484
3696,1.0492
3706,1.0500
3717,1.0460
3728,1.0549
3737,1.0557
3749,1.0533
3760,1.0541
3769,1.0500
3781,1.0557
3791,1.0516
3801,1.0460
3813,1.0525
3823,1.0484
3834,1.0549
3845,1.0516
3854,1.0581
3866,1.0484
3877,1.0516
3886,1.0549
3898,1.0484
3908,1.0750
3918,1.0516
3930,1.0573
3940,1.0500
3951,1.0525
3962,1.0557
3971,1.0500
3983,1.0452
3994,1.0557
4003,1.0557
4015,1.0516
4026,1.0492
4035,1.0492
4047,1.0492
4057,1.0533
4068,1.0468
4079,1.0500
4089,1.0516
4100,1.0492
4111,1.0460
4120,1.0533
4132,1.0525
4143,1.0484
4152,1.0533
4164,1.0597
4175,1.0541
4184,1.0500
4196,1.0549
4206,1.0500
4217,1.0460
4228,1.0452
4237,1.0500
4249,1.0516
4260,1.0541
4269,1.0557
4281,1.0565
4292,1.0484
4301,1.0508
4313,1.0549
4323,1.0525
4333,1.0468
4345,1.0525
4355,1.0533
4366,1.0500
4377,1.0565
4386,1.0549
4398,1.0500
4409,1.0541
4418,1.0492
4430,1.0452
4440,1.0533
4450,0.9856
4462,1.0468
4472,1.0525
4483,1.0549
4494,1.0516
4503,1.0549
4515,1.0516
4526,1.0533
4535,1.0525
4547,1.0484
4556,1.0525
4558,1.0468
4568,1.0500
4578,1.0444
4590,1.0565
4600,1.0516
4611,1.0492
4622,1.0549
4631,1.0492
4643,1.0484
4654,1.0516
4663,1.0492
4675,1.0525
4686,1.0500
4695,1.0541
4707,1.0484
4717,1.0484
4728,1.0533
4739,1.0525
4749,1.0565
4760,1.0557
4771,1.0476
4780,1.0484
4792,1.0541
4803,1.0525
4812,1.0549
4824,1.0500
4834,1.0549
4844,1.0516
4856,1.0460
4866,1.0516
4877,1.0565
4888,1.0468
4897,1.0516
4909,1.0533
4920,1.0533
4929,1.0452
4941,1.0525
4952,1.0492
4961,1.0500
4973,1.0468
4983,1.0492
4994,1.0484
5005,1.0525
5015,1.0476
5026,1.0492
5037,1.0500
5047,1.0871
5057,1.1475
5069,1.1935
5080,1.2878
5090,1.3466
5100,1.3893
5112,1.4135
5123,1.4135
5132,1.4070
5144,1.3877
5155,1.3804
5165,1.3740
5175,1.3321
5187,1.3619
5198,1.3538
5208,1.3547
5219,1.3555
5230,1.3651
5240,1.3337
5250,1.3023
5262,1.2950
5273,1.2999
5283,1.2942
5293,1.2934
5305,1.2950
5316,1.3055
5326,1.3079
5336,1.3144
5348,1.3160
5358,1.3176
5368,1.3168
5380,1.3144
5391,1.3136
5401,1.3111
5411,1.3103
5423,1.3111
5434,1.3136
5443,1.3111
5455,1.3127
5466,1.3127
5476,1.3119
5486,1.3136
5498,1.3136
5509,1.3127
5519,1.3144
5529,1.3103
5541,1.3136
5550,1.3136
5552,1.3095
5563,1.3079
5572,1.3152
5584,1.3055
5595,1.3095
5605,1.3103
5615,1.3160
5627,1.3111
5638,1.3063
5648,1.3144
5658,1.3103
5670,1.3152
5680,1.3111
5690,1.3160
5702,1.3192
5713,1.3136
5723,1.3168
5733,1.3111
5745,1.3111
5756,1.3152
5766,1.3136
5776,1.3144
5788,1.3079
5798,1.3176
5809,1.3152
5820,1.3160
5831,1.3136
5841,1.3127
5851,1.3160
5863,1.3144
5874,1.3071
5884,1.3079
5894,1.3023
5906,1.3160
5917,1.3079
5926,1.3111
5938,1.3168
5949,1.3103
5959,1.3136
5969,1.3168
5981,1.3055
5992,1.3144
6002,1.3160
6013,1.3152
6024,1.3136
6034,1.3144
6044,1.3111
6056,1.3160
6067,1.3136
6077,1.3192
6087,1.3136
6099,1.3103
6110,1.3160
6120,1.3144
6131,1.3031
6142,1.3079
6152,1.3111
6162,1.3103
6174,1.3144
6185,1.3127
6195,1.3071
6205,1.3136
6217,1.3192
6228,1.3144
6237,1.3152
6249,1.3144
6260,1.3168
6270,1.3136
6280,1.3152
6292,1.3168
6303,1.3119
6313,1.3127
6323,1.3144
6335,1.3111
6344,1.3136
6346,1.3160
6357,1.3111
6366,1.3111
6378,1.3160
6389,1.3127
6399,1.3152
6409,1.3152
6421,1.3047
6432,1.3136
6442,1.3144
6452,1.3168
6464,1.3152
6474,1.3071
6484,1.3111
6496,1.3152
6507,1.3176
6517,1.3136
6527,1.3136
6539,1.3136
6550,1.3144
6560,1.3144
6570,1.3127
6582,1.3119
6592,1.3111
6602,1.3144
6614,1.3152
6625,1.3111
6635,1.3136
6645,1.3111
6657,1.3136
6668,1.3192
6678,1.3160
6689,1.3168
6700,1.3152
6710,1.3136
6720,1.3192
6732,1.3160
6743,1.3119
6753,1.3111
6763,1.3111
6775,1.3079
6786,1.3071
6796,1.3119
6807,1.3192
6818,1.3095
6828,1.2966
6838,1.3079
6850,1.3144
6861,1.3418
6871,1.3168
6881,1.3176
6893,1.3144
6904,1.3144
6914,1.3063
6925,1.3160
6936,1.3087
6946,1.3103
6956,1.3103
6968,1.3152
6979,1.3160
6989,1.3127
6999,1.3136
7011,1.3168
7022,1.3111
7031,1.3176
7043,1.3152
7054,1.3111
7064,1.3168
7074,1.3111
7086,1.3152
7097,1.3176
7107,1.3176
7118,1.3144
7129,1.3047
7140,1.3136
7149,1.3136
7161,1.3144
7172,1.3144
7182,1.3095
7192,1.3119
7204,1.3160
7215,1.3144
7225,1.3168
7235,1.3103
7247,1.3103
7257,1.3136
7267,1.3111
7279,1.3144
7290,1.3111
7300,1.3168
7310,1.3144
7322,1.3136
7333,1.3103
7343,1.3144
7353,1.3136
7365,1.3152
7375,1.3136
7385,1.3071
7397,1.3111
7408,1.3119
7418,1.3079
7428,1.3144
7440,1.3144
7451,1.3152
7460,1.3160
7472,1.3079
7483,1.3176
7493,1.3136
7503,1.3127
7515,1.3136
7526,1.3168
7536,1.3192
7546,1.3176
7558,1.3152
7568,1.3127
7579,1.3144
7590,1.3127
7601,1.3095
7611,1.3208
7621,1.3184
7633,1.3184
7644,1.3152
7654,1.3127
7664,1.3208
7676,1.3127
7687,1.3152
7697,1.3184
7708,1.3127
7719,1.3160
7729,1.3160
7739,1.3119
7751,1.3079
7762,1.3136
7772,1.3144
7782,1.3136
7794,1.3152
7805,1.3103
7814,1.3144
7826,1.3127
7837,1.3111
7847,1.3168
7857,1.3127
7869,1.3144
7880,1.3176
7890,1.3144
7901,1.3192
7912,1.3168
7922,1.3152
7932,1.3136
7944,1.3136
7955,1.3063
7965,1.3127
7975,1.3127
7987,1.3095
7998,1.3063
8008,1.3136
8018,1.3111
8030,1.2813
8040,1.3111
8050,1.3160
8062,1.3144
8073,1.3192
8083,1.3192
8093,1.3079
8105,1.3127
8116,1.3144
8125,1.3144
8137,1.3103
8148,1.3111
8158,1.3144
8168,1.3144
8180,1.3079
8191,1.3192
8201,1.3127
8211,1.3111
8223,1.3127
8234,1.3111
8243,1.3136
8255,1.3111
8266,1.3071
8276,1.3055
8286,1.3071
8298,1.3079
8309,1.3111
8319,1.3111
8329,1.3127
8341,1.3127
8352,1.3160
8362,1.3160
8373,1.3168
8384,1.3168
8394,1.3119
8404,1.3168
8416,1.3200
8427,1.3160
8437,1.3160
8447,1.3168
8459,1.3119
8470,1.3192
8479,1.3144
8491,1.3095
8502,1.3095
8512,1.3111
8522,1.3063
8534,1.3144
8545,1.3176
8555,1.3160
8566,1.3111
8577,1.3144
8587,1.3063
8597,1.3136
8609,1.3127
8620,1.3152
8630,1.3136
8640,1.3127
8652,1.3160
8663,1.3095
8673,1.3119
8683,1.3208
8695,1.3103
8705,1.3047
8715,1.3119
8727,1.3152
8738,1.3168
8748,1.3127
8758,1.3152
8770,1.3240
8781,1.3127
8791,1.3168
8802,1.3136
8813,1.3192
8823,1.3095
8833,1.3176
8845,1.3192
8856,1.3160
8866,1.3111
8876,1.3168
8888,1.3136
8899,1.3136
8908,1.3103
8920,1.3079
8931,1.3144
8941,1.3144
8951,1.3160
8963,1.3111
8974,1.3152
8984,1.3039
8994,1.3119
9006,1.3111
9016,1.3144
9027,1.3200
9038,1.3152
9049,1.3063
9059,1.3176
9069,1.3111
9081,1.3144
9092,1.3095
9102,1.3095
9112,1.3168
9124,1.3168
9135,1.3152
9144,1.3119
9156,1.3111
9167,1.3095
9177,1.3144
9187,1.3111
9199,1.3152
9210,1.3136
9220,1.3152
9231,1.3111
9242,1.3111
9253,1.3812
9262,1.3136
9274,1.3063
9285,1.3136
9295,1.3144
9305,1.3111
9317,1.3176
9328,1.3136
9338,1.3168
9349,1.3127
9360,1.3208
9370,1.3063
9380,1.3119
9392,1.3127
9403,1.3144
9413,1.3144
9423,1.3136
9435,1.3168
9446,1.3152
9456,1.3136
9466,1.3127
9478,1.3144
9488,1.3087
9498,1.3136
9510,1.3152
9521,1.3127
9531,1.3168
9541,1.3127
9553,1.3144
9564,1.3192
9573,1.3144
9585,1.3160
9596,1.3256
9606,1.3095
9616,1.3144
9628,1.3168
9639,1.3144
9649,1.3152
9659,1.3160
9671,1.3152
9681,1.3200
9691,1.3095
9703,1.3136
9714,1.3095
9724,1.3119
9734,1.3200
9746,1.3160
9757,1.3144
9767,1.3160
9777,1.3119
9789,1.3208
9799,1.3111
9810,1.3071
9821,1.3079
9832,1.3127
9842,1.3136
9852,1.3192
9864,1.3176
9875,1.3111
9885,1.3079
9895,1.3127
9907,1.3144
9918,1.3144
9927,1.3144
9939,1.3144
9950,1.3208
9960,1.3176
9970,1.3152
9982,1.3127
9993,1.3103
10002,1.3152
10014,1.3127
10025,1.3111
10035,1.3111
10046,1.3071
10057,1.2370
10066,1.1201
10078,0.9340
10088,0.8018
10099,0.8115
10110,1.0041
10119,1.1266
10131,1.2362
10140,1.2209
10152,1.1258
10162,1.0331
10173,0.9453
10184,0.9670
10193,0.9743
10205,1.0645
10215,1.1355
10226,1.1903
10237,1.2048
10246,1.1790
10258,1.1097
10268,1.0508
10279,0.9920
10290,0.9590
10299,0.9928
10311,1.0315
10322,1.0267
10332,1.0662
10343,1.0936
10352,1.1113
10364,1.1218
10375,1.1218
10384,1.1129
10396,1.1016
10405,1.1000
10417,1.0919
10427,1.0952
10438,1.1048
10449,1.0637
10458,1.0371
10470,1.0259
10480,1.0267
10491,1.0162
10502,1.0275
10511,1.0234
10523,1.0331
10533,1.0339
10544,1.0444
10555,1.0460
10564,1.0452
10576,1.0492
10586,1.0452
10597,1.0476
10608,1.0452
10617,1.0557
10629,1.0428
10639,1.0484
10650,1.0484
10661,1.0444
10670,1.0436
10682,1.0549
10693,1.0500
10703,1.0428
10714,1.0468
10723,1.0476
10735,1.0460
10745,1.0492
10756,1.0444
10767,1.0468
10776,1.0500
10788,1.0565
10798,1.0533
10809,1.0533
10820,1.0492
10829,1.0492
10841,1.0468
10851,1.0460
10862,1.0468
10873,1.0468
10882,1.0476
10894,1.0484
10904,1.0508
10915,1.0460
10926,1.0533
10935,1.0484
10947,1.0468
10957,1.0525
10968,1.0565
10979,1.0492
10988,1.0525
11000,1.0500
11010,1.0516
11021,1.0492
11032,1.0452
11041,1.0492
11053,1.0525
11064,1.0484
11074,1.0468
11085,1.0452
11094,1.0468
11106,1.0468
11116,1.0444
11127,1.0460
11138,1.0444
11147,1.0444
11159,1.0484
11168,1.0476
11170,1.0428
11180,1.0412
11191,1.0468
11202,1.0444
11211,1.0468
11223,1.0533
11233,1.0476
11244,1.0452
11255,1.0500
11264,1.0460
11276,1.0396
11286,1.0452
11297,1.0436
11308,1.0468
11317,1.0484
11329,1.0476
11339,1.0436
11350,1.0444
11361,1.0500
11370,1.0541
11382,1.0468
11391,1.0500
11393,1.0452
11403,1.0500
11414,1.0492
11425,1.0452
11434,1.0476
11446,1.0444
11456,1.0460
11467,1.0557
11478,1.0484
11487,1.0500
11499,1.0533
11509,1.0468
11520,1.0452
11531,1.0460
11540,1.0444
11552,1.0428
11562,1.0452
11573,1.0452
11584,1.0484
11593,1.0444
11605,1.0460
11615,1.0525
11626,1.0444
11637,1.0468
11646,1.0484
11658,1.0452
11668,1.0500
11679,1.0444
11690,1.0484
11699,1.0549
11711,1.0444
11721,1.0452
11732,1.0460
11743,1.0516
11752,1.0452
11764,1.0500
11774,1.0444
11785,1.0541
11796,1.0460
11805,1.0444
11817,1.0492
11827,1.0444
11838,1.0444
11849,1.0460
11858,1.0500
11870,1.0444
11880,1.0500
11891,1.0460
11902,1.0339
11911,1.0484
11923,1.0452
11933,1.0460
11944,1.0476
11955,1.0549
11964,1.0500
11976,1.0444
11986,1.0508
11997,1.0484
12008,1.0500
12017,1.0476
12029,1.0484
12039,1.0500
12050,1.0436
12061,1.0468
12070,1.0525
12082,1.0492
12092,1.0460
12103,1.0452
12114,1.0420
12123,1.0460
12135,1.0484
12145,1.0500
12156,1.0452
12167,1.0525
12176,1.0460
12188,1.0525
12198,1.0476
12209,1.0444
12220,1.0508
12229,1.0412
12241,1.0500
12251,1.0484
12262,1.0533
12273,1.0468
12282,1.0460
12294,1.0468
12304,1.0452
12315,1.0492
12326,1.0533
12335,1.0516
12347,1.0500
12357,1.0412
12368,1.0533
12379,1.0388
12388,1.0484
12400,1.0516
12410,1.0468
12421,1.0452
12432,1.0468
12441,1.0557
12453,1.0533
12463,1.0444
12474,1.0468
12485,1.0460
12494,1.0516
12506,1.0436
12516,1.0428
12527,1.0484
12538,1.0428
12547,1.0444
12559,1.0484
12569,1.0420
12580,1.0565
12591,1.0476
12600,1.0460
12612,1.0468
12622,1.0452
12633,1.0516
12644,1.0484
12653,1.0444
12665,1.0444
12675,1.0468
12686,1.0444
12697,1.0468
12706,1.0500
12718,1.0468
12729,1.0444
12739,1.0444
12750,1.0468
12759,1.0500
12771,1.0533
12781,1.0468
12792,1.0468
12803,1.0500
12812,1.0452
12824,1.0484
12833,1.0500
12835,1.0436
12845,1.0565
12856,1.0516
12867,1.0468
12876,1.0460
12888,1.0492
12898,1.0541
12909,1.0444
12920,1.0484
12929,1.0492
12941,1.0516
12951,1.0444
12962,1.0436
12973,1.0452
12982,1.0460
12994,1.0492
13004,1.0516
13015,1.0476
13026,1.0452
13035,1.0444
13047,1.0452
13057,1.0484
13068,1.0460
13079,1.0468
13088,1.0460
13100,1.0460
13110,1.0468
13121,1.0444
13132,1.0452
13141,1.0525
13153,1.0500
13163,1.0460
13174,1.0484
13185,1.0492
13194,1.0444
13206,1.0444
13216,1.0452
13227,1.0500
13238,1.0460
13247,1.0476
13259,1.0468
13269,1.0468
13280,1.0476
13291,1.0492
13300,1.0484
13312,1.0549
13322,1.0452
13333,1.0484
13344,1.0444
13353,1.0492
13365,1.0444
13375,1.0484
13386,1.0492
13397,1.0460
13406,1.0452
13418,1.0468
13429,1.0452
13439,1.0557
13450,1.0452
13459,1.0452
13471,1.0476
13481,1.0500
13492,1.0492
13503,1.0452
13512,1.0484
13524,1.0500
13534,1.0484
13545,1.0444
13556,1.0452
13565,1.0500
13577,1.0452
13587,1.0468
13598,1.0508
13609,1.0436
13618,1.0508
13630,1.0484
13640,1.0444
13651,1.0525
13662,1.0468
13671,1.0444
13683,1.0452
13694,1.0396
13703,1.0444
13715,1.0452
13724,1.0444
13736,1.0484
13746,1.0468
13757,1.0460
13768,1.0436
13777,1.0444
13789,1.0444
13800,1.0452
13810,1.0533
13821,1.0460
13830,1.0444
13842,1.0516
13852,1.0557
13863,1.0460
13874,1.0516
13883,1.0452
13895,1.0468
13905,1.0500
13916,1.0516
13927,1.0484
13936,1.0549
13948,1.0452
13958,1.0468
13969,1.0533
13980,1.0492
13989,1.0452
14001,1.0516
14011,1.0444
14022,1.0444
14033,1.0500
14042,1.0460
14054,1.0436
14065,1.0492
14074,1.0444
14086,1.0484
14095,1.0525
14107,1.0460
14117,1.0484
14128,1.0492
14139,1.0444
14148,1.0492
14160,1.0533
14171,1.0468
14181,1.0476
14192,1.0420
14201,1.0460
14213,1.0444
14223,1.0508
14233,1.0460
14245,1.0444
14254,1.0444
14266,1.0516
14275,1.0468
14277,1.0492
14287,1.0525
14298,1.0444
14309,1.0516
14318,1.0436
14330,1.0444
14340,1.0468
14351,1.0525
14362,1.0444
14371,1.0557
14383,1.0444
14394,1.0516
14404,1.0452
14415,1.0460
14424,1.0484
14436,1.0452
14446,1.0484
14457,1.0444
14468,1.0444
14477,1.0444
14489,1.0444
14498,1.0468
14500,1.0460
14510,1.0484
14521,1.0476
14532,1.0444
14541,1.0452
14553,1.0468
14563,1.0484
14574,1.0468
14585,1.0460
14594,1.0492
14606,1.0452
14616,1.0436
14627,1.0444
14638,1.0460
14647,1.0452
14659,1.0444
14669,1.0444
14680,1.0428
14691,1.0533
14700,1.0460
14712,1.0525
14722,1.0444
14733,1.0484
14744,1.0500
14753,1.0468
14765,1.0444
14775,1.0452
14786,1.0452
14797,1.0500
14806,1.0444
14818,1.0452
14828,1.0516
14839,1.0460
14850,1.0444
14859,1.0468
14871,1.0460
14881,1.0444
14892,1.0436
14903,1.0460
14912,1.0516
14924,1.0468
14934,1.0460
14945,1.0484
14956,1.0460
14965,1.0525
14977,1.0444
14987,1.0444
14998,1.0533
15009,1.0444
15018,1.0444
15030,1.0484
15040,1.0444
15050,1.0476
15062,1.0960
15072,1.1508
15082,1.1903
15094,1.2821
15105,1.3514
15114,1.3982
15126,1.4240
15137,1.4248
15147,1.4167
15158,1.3974
15169,1.3716
15179,1.3563
15189,1.3466
15201,1.3450
15211,1.3458
15221,1.3418
15233,1.3426
15242,1.3442
15244,1.3426
15255,1.3240
15264,1.2934
15276,1.2886
15287,1.2878
15296,1.2781
15308,1.2870
15319,1.2950
15329,1.3055
15340,1.3079
15351,1.3144
15361,1.3176
15371,1.3144
15383,1.3160
15393,1.3152
15403,1.3176
15415,1.3111
15425,1.3184
15435,1.3200
15447,1.3160
15458,1.3127
15467,1.3144
15479,1.3144
15490,1.3136
15499,1.3176
15511,1.3152
15522,1.3176
15532,1.3136
15542,1.3103
15554,1.3095
15564,1.3184
15574,1.3232
15586,1.3127
15596,1.3176
15606,1.3152
15618,1.3103
15629,1.3152
15638,1.3144
15650,1.3160
15661,1.3079
15670,1.3200
15682,1.3136
15693,1.3160
15703,1.3160
15713,1.3144
15725,1.3136
15735,1.3264
15745,1.3176
15757,1.3160
15767,1.3095
15777,1.3127
15789,1.3127
15800,1.3176
15809,1.3152
15821,1.3184
15832,1.3160
15841,1.3168
15853,1.3071
15864,1.3079
15874,1.3103
15884,1.3063
15896,1.3111
15906,1.3103
15916,1.3063
15928,1.3079
15938,1.3047
15948,1.3144
15960,1.3063
15970,1.3071
15980,1.3079
15992,1.3192
16003,1.3127
16012,1.3127
16024,1.3144
16035,1.3119
16045,1.3160
16055,1.3200
16067,1.3192
16077,1.3095
16087,1.3192
16099,1.3168
16109,1.3144
16119,1.3152
16131,1.3176
16141,1.3160
16151,1.3168
16163,1.3119
16174,1.3160
16183,1.3119
16195,1.2926
16206,1.3127
16216,1.3136
16227,1.3176
16238,1.3184
16248,1.3079
16258,1.3200
16270,1.3103
16280,1.3152
16290,1.3176
16302,1.3200
16311,1.3248
16313,1.3087
16324,1.3160
16333,1.3144
16345,1.3144
16356,1.3144
16365,1.3192
16377,1.3127
16388,1.3095
16397,1.3176
16409,1.3192
16420,1.3063
16430,1.3119
16440,1.3168
16452,1.3111
16462,1.3136
16472,1.3192
16484,1.3136
16494,1.3136
16504,1.3200
16516,1.3111
16527,1.3208
16536,1.3152
16548,1.3152
16559,1.3152
16568,1.3144
16580,1.3192
16591,1.3184
16601,1.3127
16611,1.3208
16623,1.3144
16633,1.3079
16643,1.3071
16655,1.3200
16665,1.3160
16675,1.3119
16687,1.3160
16698,1.3136
16707,1.3160
16719,1.3232
16730,1.2918
16739,1.3136
16751,1.3103
16762,1.3168
16772,1.3192
16782,1.3168
16794,1.3168
16804,1.3144
16814,1.3136
16826,1.3103
16836,1.3144
16846,1.3144
16858,1.3160
16869,1.3144
16878,1.3208
16890,1.3192
16901,1.3144
16910,1.3144
16922,1.3176
16933,1.3804
16943,1.3160
16953,1.3160
16965,1.3160
16975,1.3160
16985,1.3111
16997,1.3127
17007,1.3136
17017,1.3136
17029,1.3127
17039,1.3200
17049,1.3103
17061,1.3087
17072,1.3160
17081,1.3168
17093,1.3160
17104,1.3144
17114,1.3136
17125,1.3136
17136,1.3152
17146,1.3103
17156,1.3208
17168,1.3168
17178,1.3184
17188,1.3144
17200,1.3095
17210,1.3127
17220,1.3127
17232,1.3160
17243,1.3192
17252,1.3152
17264,1.3152
17275,1.3111
17285,1.3160
17296,1.3047
17307,1.3144
17317,1.3079
17327,1.3144
17339,1.3224
17349,1.3160
17359,1.3192
17371,1.3160
17380,1.3208
17382,1.3136
17392,1.3127
17402,1.3144
17414,1.3208
17425,1.3168
17434,1.3103
17446,1.3176
17457,1.3168
17466,1.3176
17478,1.3200
17489,1.3152
17499,1.3103
17509,1.3168
17521,1.3160
17531,1.3168
17541,1.3136
17553,1.3160
17563,1.3111
17573,1.3192
17585,1.3063
17596,1.3200
17605,1.3160
17617,1.3144
17628,1.3144
17637,1.3079
17649,1.3200
17660,1.3095
17670,1.3184
17680,1.3152
17692,1.3152
17702,1.3192
17712,1.3160
17724,1.3127
17734,1.3136
17744,1.3136
17756,1.3136
17767,1.3176
17776,1.3160
17788,1.3136
17799,1.3127
17808,1.3136
17820,1.3152
17831,1.3127
17841,1.3103
17851,1.3079
17863,1.3168
17873,1.3144
17883,1.3176
17895,1.3127
17905,1.3160
17915,1.3160
17927,1.3136
17937,1.3176
17947,1.3127
17959,1.3184
17970,1.3136
17979,1.3144
17991,1.3127
18002,1.3144
18012,1.3176
18022,1.3176
18034,1.3127
18044,1.3127
18054,1.3152
18066,1.3071
18076,1.3200
18086,1.3176
18098,1.3103
18108,1.3144
18118,1.3192
18130,1.3200
18141,1.3111
18150,1.3160
18162,1.3152
18173,1.3095
18183,1.3136
18194,1.3144
18205,1.3160
18215,1.3111
18225,1.3119
18237,1.3208
18247,1.3144
18257,1.3176
18269,1.3127
18279,1.3136
18289,1.3176
18301,1.3176
18312,1.3136
18321,1.3127
18333,1.3144
18344,1.3152
18354,1.3136
18365,1.3168
18376,1.3160
18386,1.3095
18396,1.3216
18408,1.3152
18418,1.3176
18428,1.3152
18440,1.3152
18449,1.3152
18451,1.3160
18462,1.3111
18471,1.3127
18483,1.3152
18494,1.3160
18504,1.3111
18515,1.3232
18526,1.3168
18536,1.3192
18546,1.3111
18558,1.3160
18568,1.3144
18578,1.3184
18590,1.3144
18599,1.3079
18601,1.3240
18611,1.3152
18621,1.3232
18633,1.3136
18644,1.3144
18653,1.3152
18665,1.3111
18676,1.3208
18685,1.3136
18697,1.3192
18708,1.3144
18718,1.3127
18729,1.3168
18740,1.3136
18750,1.3119
18760,1.3160
18772,1.3184
18782,1.3136
18792,1.3103
18804,1.3127
18815,1.3176
18824,1.3184
18836,1.3160
18847,1.3144
18856,1.3208
18868,1.3136
18879,1.3152
18888,1.3168
18900,1.3127
18911,1.3144
18921,1.3136
18931,1.3095
18943,1.3127
18953,1.3168
18963,1.3152
18975,1.3152
18985,1.3176
18995,1.3144
19007,1.3144
19018,1.3192
19027,1.3144
19039,1.3111
19050,1.3160
19060,1.3152
19071,1.3208
19082,1.3160
19092,1.3144
19102,1.3232
19114,1.3103
19124,1.3144
19134,1.3264
19146,1.3160
19156,1.3168
19166,1.3176
19178,1.3200
19189,1.3168
19198,1.3160
19210,1.3111
19221,1.3160
19231,1.3208
19242,1.3144
19253,1.3136
19263,1.3136
19273,1.3144
19285,1.3160
19295,1.3136
19305,1.3127
19317,1.3168
19327,1.3176
19337,1.3168
19349,1.3152
19360,1.3111
19369,1.3176
19381,1.3144
19392,1.3152
19402,1.3136
19413,1.3136
19424,1.3119
19434,1.3168
19444,1.3152
19456,1.3200
19466,1.3184
19476,1.3168
19488,1.3160
19498,1.3127
19508,1.3176
19520,1.3144
19531,1.3208
19540,1.3168
19552,1.3160
19563,1.3160
19573,1.3079
19584,1.3160
19595,1.3200
19605,1.3208
19616,1.3168
19627,1.3095
19637,1.3168
19647,1.3232
19659,1.3136
19668,1.3152
19670,1.3176
19680,1.3127
19690,1.3095
19702,1.3168
19713,1.3176
19722,1.3152
19734,1.3232
19745,1.3160
19754,1.3136
19766,1.3160
19777,1.3144
19787,1.3224
19798,1.3176
19809,1.3256
19819,1.3176
19829,1.3111
19841,1.3144
19851,1.3208
19861,1.3103
19873,1.3136
19883,1.3103
19893,1.3248
19905,1.3127
19916,1.3176
19925,1.3160
19937,1.3168
19948,1.3168
19958,1.3192
19969,1.3127
19980,1.3160
19990,1.3200
20000,1.3200
20012,1.3152
20022,1.3200
20032,1.3192
20044,1.3168
20054,1.2668
20065,1.1137
20076,0.9211
20085,0.7849
20097,0.7922
20107,0.9670
20118,1.1395
20129,1.2563
20138,1.2305
20150,1.1242
20160,1.0186
20171,0.9155
20182,0.9155
20191,0.9695
20203,1.0823
20213,1.2725
20224,1.2370
20235,1.2362
20244,1.1677
20256,1.0702
20266,0.9960
20277,0.9711
20288,0.9662
20297,1.0267
20309,1.1081
20319,1.0645
20330,1.0049
20341,1.0073
20350,1.0065
20362,1.0436
20372,1.0774
20383,1.1040
20394,1.0742
20403,1.0686
20415,1.0645
20425,1.0670
20436,1.0855
20447,1.0702
20456,1.0565
20468,1.0557
20478,1.0492
20489,1.0476
20500,1.0581
20509,1.0581
20521,1.0444
20531,1.0452
20542,1.0484
20553,1.0549
20562,1.0557
20574,1.0541
20584,1.0484
20595,1.0484
20606,1.0468
20615,1.0484
20627,1.0484
20637,1.0500
20648,1.0500
20659,1.0500
20668,1.0460
20680,1.0492
20690,1.0525
20701,1.0533
20712,1.0460
20721,1.0492
20733,1.0500
20743,1.0533
20754,1.0500
20765,1.0444
20774,1.0492
20786,1.0500
20796,1.0516
20807,1.0452
20818,1.0492
20827,1.0533
20839,1.0573
20849,1.0525
