99,530
110,530
120,530
131,530
141,532
151,531
162,531
173,531
183,530
193,530
203,530
215,530
225,531
235,530
245,530
256,530
267,530
277,531
287,530
297,530
308,531
319,530
329,530
339,531
350,531
360,531
371,530
381,531
392,530
402,530
412,532
423,530
434,530
444,530
454,530
465,529
476,531
486,530
496,530
506,530
518,530
528,530
538,530
548,531
559,531
570,530
580,531
590,530
601,530
611,531
622,530
632,530
643,530
653,530
663,530
674,531
685,531
695,529
705,530
715,530
727,531
737,530
747,530
757,532
768,530
779,531
789,531
799,530
809,531
820,530
831,530
841,531
851,530
862,530
873,530
883,530
893,531
904,530
914,530
925,531
935,529
946,530
956,530
966,531
977,530
988,531
998,530
1008,531
1018,530
1030,530
1040,530
1050,530
1060,530
1072,530
1082,530
1092,532
1102,530
1114,530
1124,530
1134,530
1144,530
1156,530
1166,530
1176,531
1186,530
1198,531
1208,531
1218,530
1228,531
1240,530
1250,530
1260,531
1270,530
1282,530
1292,530
1302,530
1312,529
1324,530
1334,530
1344,531
1354,531
1366,530
1376,531
1386,530
1396,530
1408,531
1418,530
1428,531
1438,530
1449,531
1460,531
1470,530
1480,530
1491,531
1502,530
1512,530
1522,530
1532,530
1544,531
1554,530
1564,530
1574,530
1586,530
1596,530
1606,531
1616,530
1628,530
1638,530
1648,531
1658,531
1670,531
1680,531
1690,531
1700,530
1712,531
1722,530
1732,530
1742,531
1754,530
1764,531
1774,530
1784,530
1796,530
1806,530
1816,530
1826,531
1838,530
1848,530
1858,530
1868,530
1880,531
1890,530
1900,531
1910,531
1922,530
1932,530
1942,531
1952,530
1964,530
1974,531
1984,530
1994,530
2006,530
2016,530
2026,530
2036,529
2048,530
2058,531
2068,530
2078,530
2089,530
2100,530
2110,530
2120,532
2131,530
2142,532
2152,530
2162,530
2173,531
2184,529
2194,530
2204,530
2215,530
2226,531
2236,530
2246,530
2256,530
2268,530
2278,530
2288,530
2298,530
2310,531
2320,530
2330,530
2340,531
2352,530
2362,531
2372,530
2382,530
2394,530
2404,531
2414,530
2424,530
2436,530
2446,529
2456,531
2466,530
2478,530
2488,530
2498,530
2508,530
2520,529
2530,531
2540,530
2550,530
2562,531
2572,531
2582,530
2592,531
2604,530
2614,530
2624,530
2634,530
2646,530
2656,530
2666,530
2676,530
2688,530
2698,530
2708,531
2718,530
2729,530
2740,531
2750,530
2760,530
2771,530
2782,530
2792,532
2802,530
2813,531
2824,531
2834,530
2844,530
2855,530
2866,530
2876,530
2886,530
2897,530
2908,530
2918,530
2928,530
2939,531
2950,530
2960,531
2970,530
2980,530
2992,531
3002,530
3012,530
3022,531
3034,530
3044,531
3054,530
3064,530
3076,531
3086,530
3096,530
3106,531
3118,530
3128,530
3138,530
3148,530
3160,531
3170,530
3180,530
3190,530
3202,530
3212,530
3222,530
3232,530
3244,530
3254,530
3264,530
3274,531
3286,530
3296,530
3306,531
3316,530
3328,530
3338,530
3348,530
3358,530
3369,530
3380,530
3390,531
3400,530
3411,530
3422,530
3432,530
3442,530
3453,530
3464,530
3474,531
3484,531
3495,531
3506,531
3516,531
3526,530
3537,530
3548,530
3558,530
3568,530
3579,530
3590,530
3600,529
3610,531
3621,530
3632,530
3642,531
3652,530
3662,530
3674,530
3684,530
3694,530
3704,531
3716,531
3726,531
3736,531
3746,530
3758,531
3768,530
3778,530
3788,531
3800,530
3810,530
3820,530
3830,530
3842,530
3852,530
3862,530
3872,530
3884,530
3894,531
3904,530
3914,530
3926,531
3936,530
3946,531
3956,532
3968,531
3978,530
3988,530
3998,530
4009,530
4020,530
4030,530
4040,530
4051,530
4062,530
4072,531
4082,529
4093,530
4104,530
4114,530
4124,531
4135,530
4146,530
4156,530
4166,531
4177,530
4188,531
4198,531
4208,530
4219,530
4230,530
4240,530
4250,530
4261,530
4272,531
4282,530
4292,530
4302,530
4314,530
4324,530
4334,530
4344,530
4356,530
4366,530
4376,530
4386,530
4398,530
4408,532
4418,530
4428,531
4440,530
4450,530
4460,530
4470,531
4482,530
4492,530
4502,530
4512,530
4524,531
4534,530
4544,530
4554,531
4566,530
4576,531
4586,529
4596,530
4608,531
4618,530
4628,531
4638,531
4649,530
4660,530
4670,531
4680,530
4691,531
4702,530
4712,531
4722,531
4733,530
4744,530
4754,530
4764,530
4775,530
4786,530
4796,530
4806,531
4817,530
4828,530
4838,530
4848,531
4859,531
4870,531
4880,531
4890,531
4900,529
4912,530
4922,530
4932,530
4942,530
4954,530
4964,530
4974,531
4984,530
4996,530
5006,530
5016,530
5026,530
5038,530
5048,530
5058,531
5068,530
5080,530
5090,531
5100,531
5110,531
5122,531
5132,530
5142,530
5152,530
5164,530
5174,532
5184,530
5194,530
5206,531
5216,530
5226,530
5236,530
5248,530
5258,530
5268,530
5278,530
5289,530
5300,530
5310,530
5320,531
5331,530
5342,532
5352,530
5362,530
5373,531
5384,530
5394,530
5404,530
5415,530
5426,531
5436,530
5446,530
5457,531
5468,530
5478,530
5488,531
5498,530
5510,530
5520,530
5530,530
5540,531
5552,530
5562,531
5572,530
5582,530
5594,530
5604,531
5614,530
5624,531
5636,530
5646,529
5656,531
5666,530
5678,530
5688,530
5698,530
5708,530
5720,530
5730,530
5740,530
5750,530
5762,531
5772,531
5782,531
5792,531
5804,530
5814,530
5824,530
5834,530
5846,530
5856,530
5866,530
5876,530
5888,530
5898,530
5908,530
5918,530
5929,530
5940,531
5950,530
5960,530
5971,530
5982,530
5992,531
6002,530
6013,530
6024,532
6034,530
6044,530
6054,530
6066,530
6076,530
6086,530
6096,530
6108,531
6118,530
6128,530
6138,531
6150,530
6160,530
6170,530
6180,530
6192,530
6202,530
6212,530
6222,531
6234,530
6244,531
6254,531
6264,530
6276,530
6286,530
6296,530
6306,531
6318,529
6328,530
6338,531
6348,530
6360,530
6370,530
6380,530
6390,530
6402,530
6412,530
6422,531
6432,530
6444,531
6454,531
6464,530
6474,531
6486,530
6496,530
6506,531
6516,530
6528,531
6538,530
6548,530
6558,530
6569,530
6580,530
6590,531
6600,530
6611,530
6622,531
6632,530
6642,530
6653,530
6664,530
6674,531
6684,531
6695,530
6706,531
6716,530
6726,530
6737,530
6748,530
6758,531
6768,530
6778,530
6790,531
6800,530
6810,530
6820,530
6832,529
6842,530
6852,530
6862,530
6874,530
6884,530
6894,530
6904,531
6916,531
6926,532
6936,530
6946,530
6958,531
6968,530
6978,530
6988,531
7000,530
7010,530
7020,531
7030,531
7042,530
7052,530
7062,530
7072,531
7084,530
7094,531
7104,530
7114,529
7126,531
7136,531
7146,530
7156,530
7168,530
7178,530
7188,531
7198,530
7209,530
7220,531
7230,530
7240,531
7251,530
7262,530
7272,531
7282,529
7293,530
7304,530
7314,530
7324,530
7334,531
7346,529
7356,531
7366,530
7376,531
7388,531
7398,530
7408,530
7418,530
7430,530
7440,531
7450,529
7460,530
7472,530
7482,530
7492,530
7502,531
7514,530
7524,531
7534,530
7544,530
7556,531
7566,529
7576,530
7586,531
7598,531
7608,531
7618,530
7628,530
7640,530
7650,530
7660,530
7670,531
7682,530
7692,530
7702,530
7712,530
7724,531
7734,530
7744,531
7754,530
7766,530
7776,530
7786,530
7796,530
7808,531
7818,531
7828,530
7838,532
7849,530
7860,530
7870,530
7880,530
7891,530
7902,530
7912,530
7922,531
7933,530
7944,530
7954,530
7964,530
7974,530
7986,530
7996,530
8006,530
8016,530
8028,530
8038,532
8048,530
8058,531
8070,530
8080,530
8090,530
8100,530
8112,530
8122,530
8132,530
8142,530
8154,531
8164,530
8174,530
8184,530
8196,530
8206,530
8216,530
8226,530
8238,531
8248,530
8258,531
8268,530
8280,531
8290,531
8300,531
8310,530
8322,531
8332,530
8342,530
8352,531
8364,530
8374,530
8384,530
8394,530
8406,531
8416,530
8426,530
8436,530
8448,530
8458,530
8468,530
8478,530
8489,531
8500,531
8510,530
8520,532
8531,530
8542,530
8552,530
8562,530
8572,530
8584,530
8594,530
8604,530
8614,530
8626,530
8636,531
8646,530
8656,531
8668,530
8678,530
8688,531
8698,529
8710,530
8720,531
8730,531
8740,532
8752,530
8762,530
8772,531
8782,530
8794,530
8804,531
8814,530
8824,530
8836,531
8846,530
8856,531
8866,530
8878,530
8888,530
8898,530
8908,530
8920,530
8930,530
8940,530
8950,530
8962,531
8972,532
8982,531
8992,530
9004,530
9014,530
9024,530
9034,530
9046,530
9056,531
9066,530
9076,531
9088,531
9098,530
9108,530
9118,530
9129,530
9140,531
9150,530
9160,530
9170,531
9182,531
9192,530
9202,531
9212,530
9224,531
9234,530
9244,530
9254,530
9266,530
9276,530
9286,530
9296,530
9308,530
9318,530
9328,530
9338,530
9350,530
9360,530
9370,530
9380,531
9392,530
9402,531
9412,530
9422,532
9434,531
9444,530
9454,531
9464,530
9476,531
9486,531
9496,531
9506,530
9518,530
9528,530
9538,530
9548,530
9560,530
9570,531
9580,530
9590,530
9602,530
9612,529
9622,531
9632,531
9644,531
9654,532
9664,530
9674,531
9686,530
9696,530
9706,530
9716,530
9728,530
9738,530
9748,530
9758,530
9769,531
9780,530
9790,531
9800,530
9811,530
9822,531
9832,530
9842,530
9853,530
9864,530
9874,531
9884,531
9894,531
9906,530
9916,530
9926,530
9936,531
9948,530
9958,531
9968,530
9978,530
9990,531
10000,530
10010,530
10021,530
10032,530
10042,530
10052,531
10063,530
10074,530
10084,530
10095,531
10105,532
10116,530
10126,531
10137,531
10147,530
10158,531
10169,530
10179,530
10189,531
10200,531
10211,530
10221,530
10231,530
10243,530
10253,531
10263,530
10274,531
10285,530
10295,530
10305,531
10316,530
10327,530
10337,531
10348,531
10358,530
10369,531
10379,531
10390,530
10400,530
10411,530
10422,530
10432,530
10442,530
10452,531
10464,530
10474,530
10484,530
10496,530
10506,531
10516,529
10526,530
10537,531
10548,530
10558,530
10569,530
10579,530
10590,530
10600,531
10611,531
10621,531
10632,530
10643,530
10653,530
10663,529
10675,530
10685,530
10695,530
10705,530
10717,530
10727,530
10737,530
10748,530
10759,530
10769,530
10779,530
10790,530
10801,530
10811,530
10822,530
10832,530
10843,530
10853,531
10864,531
10874,531
10885,531
10896,530
10906,531
10916,531
10927,530
10938,530
10948,530
10958,530
10970,531
10980,530
10990,530
11001,530
11012,530
11022,531
11032,530
11043,530
11054,530
11064,530
11075,530
11085,530
11096,530
11106,532
11117,532
11127,531
11138,531
11149,530
11159,530
11169,531
11180,530
11191,530
11201,530
11211,530
11223,531
11233,530
11243,530
11254,530
11265,529
11275,530
11285,530
11296,530
11307,531
11317,530
11328,531
11338,530
11348,530
11359,531
11370,531
11380,531
11390,531
11402,530
11412,530
11422,530
11432,530
11444,530
11454,530
11464,530
11475,530
11486,531
11496,530
11507,530
11517,530
11528,530
11538,531
11549,530
11559,530
11570,530
11581,529
11591,530
11601,531
11612,530
11623,531
11633,531
11643,531
11655,530
11665,530
11675,530
11685,530
11697,530
11707,530
11717,530
11728,530
11739,531
11749,530
11759,530
11770,531
11781,529
11791,530
11802,531
11812,530
11823,530
11833,530
11844,530
11854,531
11865,531
11876,530
11886,532
11896,530
11908,530
11918,531
11928,530
11938,531
11950,530
11960,530
11970,530
11981,529
11992,530
12002,530
12012,530
12023,530
12034,530
12044,530
12055,530
12065,530
12076,530
12086,531
12097,530
12107,531
12118,531
12129,530
12139,532
12149,530
12161,530
12171,531
12181,530
12191,530
12203,530
12213,530
12223,530
12234,530
12244,530
12255,530
12265,530
12276,530
12286,531
12297,530
12308,530
12318,530
12328,530
12339,530
12350,530
12360,531
12370,531
12382,531
12392,531
12402,530
12412,530
12424,530
12434,530
12444,530
12455,531
12466,530
12476,530
12487,531
12497,530
12508,530
12518,531
12529,530
12539,530
12550,530
12561,530
12571,530
12581,530
12592,530
12603,530
12613,531
12623,530
12635,532
12645,530
12655,530
12665,530
12677,530
12687,530
12697,530
12708,530
12719,531
12729,530
12740,530
12750,530
12761,530
12771,530
12782,530
12792,530
12803,531
12814,530
12824,530
12834,530
12845,530
12856,531
12866,531
12876,530
12888,532
12898,530
12908,530
12918,531
12930,530
12940,531
12950,530
12961,530
12972,530
12982,530
12993,530
13003,530
13014,530
13024,530
13035,530
13045,530
13056,530
13067,530
13077,530
13087,530
13097,529
13109,530
13119,531
13129,531
13140,531
13151,531
13161,530
13171,530
13182,530
13193,530
13203,531
13214,530
13224,530
13235,532
13245,529
13256,530
13266,530
13277,530
13288,531
13298,530
13308,530
13319,530
13330,530
13340,530
13350,531
13362,530
13372,531
13382,531
13393,530
13404,531
13414,530
13424,530
13435,531
13446,530
13456,530
13467,530
13477,530
13488,530
13498,530
13509,530
13519,530
13530,530
13541,530
13551,531
13561,530
13572,530
13583,530
13593,530
13603,531
13615,530
13625,531
13635,531
13645,531
13657,532
13667,530
13677,531
13688,530
13699,530
13709,530
13720,530
13730,530
13741,530
13751,531
13762,530
13772,530
13783,531
13794,530
13804,530
13814,530
13825,530
13836,531
13846,530
13856,530
13868,532
13878,531
13888,531
13898,531
13910,531
13920,531
13930,530
13941,530
13952,531
13962,529
13972,530
13983,530
13993,530
14004,530
14015,529
14025,530
14035,530
14047,530
14057,530
14067,531
14077,530
14089,530
14099,530
14109,530
14120,532
14131,531
14141,531
14151,531
14162,529
14173,530
14183,530
14194,531
14204,530
14215,530
14225,530
14236,530
14246,530
14257,530
14268,531
14278,530
14288,531
14299,530
14310,529
14320,530
14330,530
14342,530
14352,531
14362,530
14372,530
14384,531
14394,532
14404,530
14415,530
14426,530
14436,530
14447,530
14457,530
14468,531
14478,530
14489,530
14499,531
14510,529
14521,530
14531,530
14541,530
14552,531
14563,530
14573,530
14583,531
14595,530
14605,531
14615,530
14625,531
14637,532
14647,531
14657,530
14668,531
14679,529
14689,530
14700,531
14710,530
14721,530
14731,530
14742,530
14752,531
14763,530
14774,530
14784,530
14794,530
14804,530
14816,530
14826,530
14836,530
14848,530
14858,530
14868,531
14878,530
14889,531
14900,531
14910,531
14921,530
14931,530
14942,530
14952,530
14963,530
14973,530
14984,531
14995,530
15005,530
15015,531
15027,529
15037,530
15047,530
15057,530
15069,531
15079,530
15089,530
15100,530
15111,531
15121,530
15131,530
15142,531
15153,531
15163,531
15174,530
15184,531
15195,530
15205,530
15216,531
15226,529
15237,530
15248,530
15258,530
15268,531
15280,530
15290,530
15300,530
15310,530
15322,531
15332,530
15342,530
15353,530
15364,530
15374,530
15384,531
15395,531
15406,531
15416,531
15427,530
15437,530
15448,530
15458,531
15469,531
15479,530
15490,530
15501,531
15511,530
15521,530
15532,530
15543,530
15553,531
15563,530
15575,530
15585,530
15595,530
15606,530
15617,531
15627,530
15637,531
15648,531
15659,530
15669,531
15680,530
15690,530
15700,530
15711,530
15722,530
15732,530
15742,530
15754,530
15764,530
15774,530
15784,531
15796,530
15806,530
15816,531
15827,531
15838,529
15848,530
15859,530
15869,530
15880,530
15890,531
15901,532
15911,530
15922,531
15933,531
15943,529
15953,530
15964,530
15975,530
15985,531
15995,530
16007,530
16017,531
16027,530
16037,531
16049,530
16059,530
16069,530
16080,530
16091,530
16101,531
16112,530
16122,530
16133,531
16143,530
16154,531
16164,531
16175,531
16186,531
16196,530
16206,530
16217,531
16228,530
16238,531
16248,530
16260,530
16270,530
16280,530
16290,530
16302,530
16312,530
16322,530
16333,531
16344,530
16354,530
16364,530
16375,530
16386,531
16396,531
16407,532
16417,531
16428,531
16439,531
16449,530
16459,530
16470,530
16481,530
16491,530
16501,531
16513,531
16523,530
16533,531
16543,530
16555,530
16565,530
16575,530
16586,530
16596,531
16607,530
16617,531
16628,530
16638,530
16649,532
16660,531
16670,531
16680,531
16691,530
16702,531
16712,529
16722,530
16734,530
16744,530
16754,530
16765,530
16776,530
16786,530
16796,530
16807,530
16818,531
16828,530
16839,530
16849,532
16860,529
16870,530
16881,531
16891,530
16902,532
16913,530
16923,530
16933,532
16944,530
16955,531
16965,530
16975,530
16987,530
16997,530
17007,530
17017,530
17029,530
17039,530
17049,531
17060,530
17071,530
17081,530
17091,530
17102,530
17113,530
17123,530
17134,530
17144,531
17155,531
17166,530
17176,531
17186,530
17197,531
17208,530
17218,531
17228,530
17240,530
17250,531
17260,530
17270,530
17282,531
17292,530
17302,530
17313,530
17324,530
17334,530
17344,530
17355,530
17366,531
17376,530
17387,530
17397,531
17408,531
17419,531
17429,531
17439,531
17449,530
17461,530
17471,529
17481,530
17492,530
17503,530
17513,530
17523,530
17534,530
17545,530
17555,529
17566,532
17576,530
17587,530
17597,531
17608,529
17618,531
17629,530
17640,530
17650,532
17660,531
17672,531
17682,531
17692,531
17702,531
17714,530
17724,530
17734,530
17745,530
17756,530
17766,530
17776,530
17787,530
17798,531
17808,530
17819,530
17829,530
17840,530
17850,531
17861,530
17871,530
17882,530
17893,530
17903,531
17913,531
17924,531
17935,532
17945,530
17955,530
17967,531
17977,530
17987,530
17998,531
18009,530
18019,530
18029,530
18040,530
18051,530
18061,530
18072,530
18082,531
18093,530
18103,530
18114,530
18124,530
18135,530
18146,530
18156,531
18166,530
18177,530
18188,530
18198,531
18208,530
18220,530
18230,530
18240,530
18250,530
18262,530
18272,530
18282,531
18293,530
18304,530
18314,531
18325,530
18335,531
18345,530
18356,530
18367,531
18377,529
18387,531
18399,530
18409,530
18419,531
18429,531
18441,531
18451,530
18461,530
18472,530
18483,531
18493,531
18503,530
18514,531
18525,530
18535,530
18546,530
18556,530
18567,531
18577,530
18588,530
18598,530
18609,530
18620,530
18630,531
18640,530
18652,531
18662,530
18672,531
18682,531
18694,531
18704,530
18714,530
18725,530
18736,530
18746,530
18756,530
18767,531
18778,530
18788,530
18799,531
18809,530
18820,530
18830,531
18841,530
18851,530
18862,530
18873,530
18883,531
18893,530
18905,530
18915,531
18925,531
18935,530
18947,530
18957,530
18967,530
18978,531
18989,530
18999,532
19009,529
19020,530
19031,531
19041,530
19052,531
19062,530
19073,530
19083,530
19094,530
19104,531
19115,531
19126,530
19136,531
19146,530
19158,530
