17,1.0565
19,1.0613
20,1.0742
22,1.0782
24,1.0952
26,1.0702
28,1.0339
30,0.9936
32,0.9380
34,0.8647
36,0.7914
38,0.7043
40,0.5859
42,0.4908
44,0.3812
46,0.3006
48,0.3264
50,0.3215
52,0.3240
54,0.3175
56,0.3103
68,0.8776
70,1.0049
72,1.1145
74,1.2370
76,1.1991
78,1.2249
80,1.3055
82,1.2015
84,1.1596
86,1.2048
88,1.1137
90,1.0581
92,1.1210
94,1.0702
96,1.0210
98,1.0952
100,1.0871
102,1.0565
104,1.1500
106,1.2072
108,1.1878
118,1.3821
120,1.4095
122,1.4312
124,1.4957
126,1.5303
128,1.5384
130,1.5932
132,1.6230
134,1.6375
136,1.6762
138,1.7020
140,1.7004
142,1.7068
144,1.7205
146,1.6979
156,1.6270
158,1.5964
160,1.5601
162,1.5432
164,1.5094
166,1.4747
168,1.4530
170,1.4215
172,1.3909
174,1.3756
176,1.3595
178,1.3490
180,1.3401
182,1.3410
184,1.3482
194,1.3031
196,1.2612
198,1.2894
200,1.3023
202,1.2765
204,1.3047
206,1.3321
208,1.3136
210,1.3240
212,1.3466
214,1.3434
216,1.3393
218,1.3466
228,1.3063
230,1.3176
232,1.3224
234,1.3321
236,1.3692
238,1.3498
240,1.3450
242,1.3643
244,1.3692
246,1.3901
248,1.3893
250,1.3821
252,1.3853
262,1.4127
264,1.4336
266,1.4167
268,1.4256
270,1.4312
272,1.4368
274,1.4449
276,1.4522
278,1.4530
280,1.4586
282,1.4570
284,1.4610
286,1.4610
288,1.4626
290,1.4642
292,1.4683
302,1.4715
304,1.4812
306,1.4796
308,1.4788
310,1.4828
312,1.4836
314,1.4828
316,1.4828
318,1.4836
320,1.4884
322,1.4836
324,1.4836
326,1.4844
328,1.4828
330,1.4828
332,1.4812
342,1.4771
344,1.4707
346,1.4755
348,1.4739
350,1.4715
352,1.4659
354,1.4626
356,1.4699
358,1.4981
360,1.4691
362,1.4707
364,1.4683
366,1.4691
368,1.4747
378,1.4812
380,1.4828
382,1.4804
384,1.4788
386,1.4804
388,1.4771
390,1.4820
392,1.4788
394,1.4820
396,1.4820
398,1.4779
400,1.4739
402,1.4812
404,1.4820
406,1.4747
408,1.4828
418,1.4739
420,1.4804
422,1.4723
424,1.4683
426,1.4739
428,1.4723
430,1.4675
432,1.4747
434,1.4771
436,1.4747
438,1.4747
440,1.4723
442,1.4739
444,1.4747
446,1.4779
448,1.4739
458,1.4771
460,1.4747
462,1.4779
464,1.4755
466,1.4828
468,1.4804
470,1.4804
472,1.4723
474,1.4828
476,1.4707
478,1.4747
480,1.4804
482,1.4715
484,1.4771
486,1.4570
488,1.4739
498,1.4755
500,1.4779
502,1.4771
504,1.4820
506,1.4747
508,1.4788
510,1.4747
512,1.4683
514,1.4659
516,1.4642
518,1.4626
520,1.4626
522,1.4570
524,1.4497
534,1.4562
536,1.4570
538,1.4562
540,1.4546
542,1.4546
544,1.4530
546,1.4530
548,1.4570
550,1.4530
552,1.4594
554,1.4522
556,1.4497
558,1.4570
560,1.4570
562,1.4546
564,1.4570
574,1.4497
576,1.4570
578,1.4546
580,1.4554
582,1.4530
584,1.4570
586,1.4522
588,1.4546
590,1.4538
592,1.4570
594,1.4554
596,1.4562
598,1.4546
600,1.4570
602,1.4546
604,1.4514
614,1.4651
616,1.4562
618,1.4425
620,1.4103
622,1.3716
624,1.3232
626,1.2539
628,1.1758
630,1.0790
632,0.9582
634,0.8131
636,0.6576
646,0.3449
648,0.3505
650,0.3409
652,0.3368
654,0.3272
656,0.3223
658,0.3127
660,0.4327
662,0.6890
664,0.8171
666,0.9517
668,1.1580
670,1.2225
672,1.1532
682,1.1862
684,1.0678
686,1.0758
688,1.1121
690,0.9654
692,0.8663
694,0.8365
696,0.6366
698,0.5367
700,0.5810
702,0.4779
704,0.4239
706,0.4940
716,0.5802
718,0.7632
720,0.9010
722,0.9832
724,1.1508
726,1.3023
728,1.1951
730,1.2716
732,1.3925
734,1.3353
736,1.3724
738,1.5319
740,1.4884
742,1.4916
752,1.6206
754,1.4949
756,1.5610
758,1.5859
760,1.4610
762,1.5207
764,1.5706
766,1.4651
768,1.4836
770,1.5464
772,1.4610
774,1.4530
776,1.5295
778,1.4771
780,1.4530
782,1.4997
792,1.3877
794,1.4344
796,1.4159
798,1.3821
800,1.4207
802,1.4038
804,1.3667
806,1.3949
808,1.3966
810,1.3651
812,1.3804
814,1.3853
816,1.3772
818,1.3853
828,1.3764
830,1.3684
832,1.3667
834,1.3538
836,1.3579
838,1.3498
840,1.3579
842,1.3651
844,1.3651
846,1.3627
848,1.3796
850,1.3788
852,1.3788
862,1.3893
864,1.3893
866,1.3966
868,1.3949
870,1.4014
872,1.4054
874,1.4054
876,1.3909
878,1.4151
880,1.3901
882,1.4191
884,1.4223
886,1.4232
896,1.4360
898,1.4328
900,1.4320
902,1.4360
904,1.4368
906,1.4441
908,1.4481
910,1.4497
912,1.4497
914,1.4530
916,1.4570
918,1.4626
920,1.4594
922,1.4675
924,1.4683
926,1.4489
936,1.4602
938,1.4570
940,1.4651
942,1.4715
944,1.4497
946,1.4546
948,1.4449
950,1.4481
952,1.4393
954,1.4360
956,1.4336
958,1.4368
960,1.4368
962,1.4312
972,1.4393
974,1.4368
976,1.4433
978,1.4360
980,1.4433
982,1.4465
984,1.4522
986,1.4489
988,1.4497
990,1.4514
992,1.4465
994,1.4586
996,1.4554
998,1.4578
1000,1.4570
1002,1.4570
1012,1.4578
1014,1.4497
1016,1.4514
1018,1.4497
1020,1.4449
1022,1.4465
1024,1.4433
1026,1.4441
1028,1.4385
1030,1.4393
1032,1.4449
1042,1.4465
1044,1.4433
1046,1.4344
1048,1.4465
1050,1.4457
1052,1.4288
1054,1.4481
1056,1.4530
1058,1.4497
1060,1.4457
1062,1.4433
1072,1.4497
1074,1.4514
1076,1.4514
1078,1.4497
1080,1.4570
1082,1.4514
1084,1.4457
1086,1.4530
1088,1.4497
1090,1.4505
1092,1.4514
1102,1.4465
1104,1.4489
1106,1.4522
1108,1.4417
1110,1.4465
1112,1.4481
1114,1.4497
1116,1.4481
1118,1.4457
1120,1.4449
1122,1.4497
1132,1.4481
1134,1.4505
1136,1.4449
1138,1.4449
1140,1.4514
1142,1.4489
1144,1.4497
1146,1.4489
1148,1.4433
1150,1.4433
1152,1.4514
1162,1.4465
1164,1.4530
1166,1.4546
1168,1.4441
1170,1.4489
1172,1.4449
1174,1.4530
1176,1.4481
1178,1.4570
1180,1.4489
1182,1.4465
1192,1.4522
1194,1.4578
1196,1.4481
1198,1.4497
1200,1.4449
1202,1.4441
1204,1.4691
1206,1.4449
1208,1.4449
1210,1.4433
1212,1.4433
1222,1.4409
1224,1.4473
1226,1.4497
1228,1.4433
1230,1.4449
1232,1.4481
1234,1.4457
1236,1.4522
1238,1.4465
1240,1.4497
1242,1.4481
1252,1.4530
1254,1.4449
1256,1.4465
1258,1.4514
1260,1.4449
1262,1.4449
1264,1.4481
1266,1.4352
1268,1.4038
1270,1.3684
1272,1.3192
1282,0.8171
1284,0.6560
1286,0.4553
1288,0.2925
1290,0.3304
1292,0.3360
1294,0.3489
1296,0.3433
1298,0.3328
1300,0.3264
1310,0.7277
1312,0.8107
1314,0.9896
1316,1.1435
1318,1.1733
1320,1.1314
1322,1.1717
1324,1.1371
1326,1.0371
1328,1.0444
1330,1.0210
1340,0.5295
1342,0.4360
1344,0.2506
1346,0.3127
1348,0.3119
1350,0.3103
1352,0.2966
1354,0.2877
1356,0.2941
1358,0.2885
1360,0.3215
1370,1.1564
1372,1.2902
1374,1.2894
1376,1.2612
1378,1.3305
1380,1.2886
1382,1.2209
1384,1.2773
1386,1.2684
1388,1.2249
1398,1.2249
1400,1.1403
1402,1.1338
1404,1.1701
1406,1.1218
1408,1.1467
1410,1.2144
1412,1.2032
1414,1.2007
1416,1.2757
1418,1.2853
1428,1.4570
1430,1.5239
1432,1.5053
1434,1.4578
1436,1.5295
1438,1.5352
1440,1.5078
1442,1.5690
1444,1.4965
1446,1.5481
1448,1.5593
1458,1.5513
1460,1.5545
1462,1.5819
1464,1.5601
1466,1.5360
1468,1.5593
1470,1.5456
1472,1.5239
1474,1.5464
1476,1.5448
1478,1.5360
1488,1.5021
1490,1.4828
1492,1.4755
1494,1.4465
1496,1.4433
1498,1.4368
1500,1.4159
1502,1.3990
1504,1.3917
1506,1.3909
1508,1.3659
1518,1.3651
1520,1.3538
1522,1.3563
1524,1.3659
1526,1.3651
1528,1.3587
1530,1.3579
1532,1.3538
1534,1.3498
1536,1.3458
1546,1.3530
1548,1.3514
1550,1.3514
1552,1.3547
1554,1.3627
1556,1.3708
1558,1.3675
1560,1.3788
1562,1.3796
1564,1.3796
1566,1.3821
1576,1.4111
1578,1.4143
1580,1.4143
1582,1.4175
1584,1.4240
1586,1.4280
1588,1.4264
1590,1.4264
1592,1.4328
1594,1.4320
1596,1.4360
1606,1.4425
1608,1.4514
1610,1.4473
1612,1.4481
1614,1.4465
1616,1.4514
1618,1.4554
1620,1.4489
1622,1.4489
1624,1.4570
1626,1.4586
1636,1.4562
1638,1.4570
1640,1.4586
1642,1.4570
1644,1.4586
1646,1.4538
1648,1.4610
1650,1.4562
1652,1.4570
1654,1.4497
1656,1.4570
1666,1.4570
1668,1.4562
1670,1.4514
1672,1.4481
1674,1.4489
1676,1.4457
1678,1.4522
1680,1.4570
1682,1.4514
1684,1.4530
1686,1.4570
1696,1.4514
1698,1.4530
1700,1.4546
1702,1.4481
1704,1.4594
1706,1.4570
1708,1.4570
1710,1.4530
1712,1.4570
1714,1.4489
1716,1.4570
1726,1.4489
1728,1.4522
1730,1.4538
1732,1.4530
1734,1.4570
1736,1.4465
1738,1.4497
1740,1.5642
1742,1.4473
1744,1.4546
1746,1.4449
1756,1.4473
1758,1.4449
1760,1.4465
1762,1.4425
1764,1.4417
1766,1.4497
1768,1.4449
1770,1.4457
1772,1.4473
1774,1.4473
1776,1.4481
1786,1.4457
1788,1.4441
1790,1.4465
1792,1.4514
1794,1.4465
1796,1.4433
1798,1.4481
1800,1.4425
1802,1.4401
1804,1.4425
1806,1.4441
1816,1.4449
1818,1.4441
1820,1.4368
1822,1.4546
1824,1.4441
1826,1.4465
1828,1.4441
1830,1.4546
1832,1.4457
1834,1.4481
1836,1.4497
1846,1.4433
1848,1.4522
1850,1.4441
1852,1.4441
1854,1.4449
1856,1.4441
1858,1.4449
1860,1.4433
1862,1.4441
1864,1.4449
1866,1.4457
1876,1.4449
1878,1.4481
1880,1.4385
1882,1.4594
1884,1.4336
1886,1.4417
1888,1.4465
1890,1.4441
1892,1.4514
1894,1.4465
1896,1.4481
1906,1.4465
1908,1.4489
1910,1.4457
1912,1.4876
1914,1.4465
1916,1.4449
1918,1.4457
1920,1.4481
1922,1.4441
1924,1.4449
1926,1.4425
1936,1.4457
1938,1.4441
1940,1.4425
1942,1.4449
1944,1.4441
1946,1.4449
1948,1.4481
1950,1.4433
1952,1.4393
1954,1.4449
1956,1.4465
1966,1.4489
1968,1.4538
1970,1.4449
1972,1.4425
1974,1.4449
1976,1.4417
1978,1.4489
1980,1.4417
1982,1.4433
1984,1.4530
1986,1.4417
1996,1.4433
1998,1.4449
2000,1.4441
2002,1.4441
2004,1.4449
2006,1.4433
2008,1.4336
2010,1.4417
2012,1.4449
2014,1.4393
2016,1.4425
2026,1.4457
2028,1.4441
2030,1.4433
2032,1.4457
2034,1.4441
2036,1.4473
2038,1.4691
2040,1.4401
2042,1.4401
2044,1.4473
2046,1.4449
2056,1.4457
2058,1.4449
2060,1.4497
2062,1.4393
2064,1.4425
2066,1.4489
2068,1.4465
2070,1.4489
2072,1.4473
2074,1.4401
2076,1.4489
2086,1.4457
2088,1.3684
2090,1.4417
2092,1.4497
2094,1.4457
2096,1.4441
2098,1.4481
2100,1.4530
2102,1.4449
2104,1.4433
2106,1.4441
2116,1.4433
2118,1.4401
2120,1.4497
2122,1.4457
2124,1.4449
2126,1.4441
2128,1.4449
2130,1.4433
2132,1.4530
2134,1.4425
2136,1.4433
2146,1.4489
2148,1.4449
2150,1.4473
2152,1.4441
2154,1.4417
2156,1.4433
2158,1.4441
2160,1.4417
2162,1.4425
2164,1.4497
2166,1.4433
2176,1.4441
2178,1.4441
2180,1.4457
2182,1.4481
2184,1.4481
2186,1.4433
2188,1.4489
2190,1.4457
2192,1.4481
2194,1.4465
2196,1.4449
2206,1.4465
2208,1.4425
2210,1.4626
2212,1.4449
2214,1.4425
2216,1.4417
2218,1.4433
2220,1.4449
2222,1.4393
2224,1.4530
2226,1.4497
2236,1.4497
2238,1.4417
2240,1.4417
2242,1.4457
2244,1.4497
2246,1.4385
2248,1.4417
2250,1.4425
2252,1.4465
2254,1.4441
2256,1.4497
2266,1.4433
2268,1.4433
2270,1.4449
2272,1.4312
2274,1.4441
2276,1.4425
2278,1.4433
2280,1.4368
2282,1.4441
2284,1.4441
2286,1.4393
2296,1.4465
2298,1.4481
2300,1.4449
2302,1.4441
2304,1.4546
2306,1.4675
2308,1.4481
2310,1.4425
2312,1.4417
2314,1.4497
2316,1.4465
2326,1.4433
2328,1.4433
2330,1.4473
2332,1.4441
2334,1.4441
2336,1.4457
2338,1.4457
2340,1.4433
2342,1.4441
2344,1.4441
2346,1.4441
2356,1.4489
2358,1.4522
2360,1.4481
2362,1.4409
2364,1.4449
2366,1.4465
2368,1.4417
2370,1.4417
2372,1.4457
2374,1.4433
2376,1.4401
2386,1.4264
2388,1.4481
2390,1.4465
2392,1.4417
2394,1.4433
2396,1.4433
2398,1.4441
2400,1.4441
2402,1.4481
2404,1.4425
2406,1.4489
2416,1.4457
2418,1.4385
2420,1.4465
2422,1.4497
2424,1.4441
2426,1.4457
2428,1.4425
2430,1.4457
2432,1.4497
2434,1.4425
2436,1.4473
2446,1.4401
2448,1.4393
2450,1.4457
2452,1.4441
2454,1.4481
2456,1.4360
2458,1.4449
2460,1.4465
2462,1.4336
2464,1.4441
2466,1.4433
2476,1.4449
2478,1.4570
2480,1.4433
2482,1.4449
2484,1.4449
2486,1.4441
2488,1.4933
2490,1.4449
2492,1.4473
2494,1.4449
2496,1.4425
2506,1.4497
2508,1.4489
2510,1.4465
2512,1.4393
2514,1.4481
2516,1.4465
2518,1.4449
2520,1.4465
2522,1.4481
2524,1.4441
2526,1.4449
2536,1.4449
2538,1.4441
2540,1.4465
2542,1.4433
2544,1.4401
2546,1.4441
2548,1.4497
2550,1.4449
2552,1.4449
2554,1.4457
2556,1.4465
2566,1.4514
2568,1.4425
2570,1.4417
2572,1.4425
2574,1.4441
2576,1.4514
2578,1.4433
2580,1.4497
2582,1.4457
2584,1.4401
2586,1.4457
2596,1.4465
2598,1.4514
2600,1.4457
2602,1.4433
2604,1.4417
2606,1.4409
2608,1.4449
2610,1.4465
2612,1.4465
2614,1.4481
2616,1.4433
2626,1.4441
2628,1.4441
2630,1.4449
2632,1.4514
2634,1.4497
2636,1.4433
2638,1.4481
2640,1.4481
2642,1.4481
2644,1.4489
2646,1.4473
2656,1.4441
2658,1.4425
2660,1.4481
2662,1.4481
2664,1.4441
2666,1.4385
2668,1.4368
2670,1.4433
2672,1.4723
2674,1.4449
2676,1.4449
2686,1.4465
2688,1.4417
2690,1.4457
2692,1.4514
2694,1.4481
2696,1.4457
2698,1.4481
2700,1.4417
2702,1.4433
2704,1.4433
2706,1.4433
2716,1.4417
2718,1.4433
2720,1.4457
2722,1.4441
2724,1.4457
2726,1.4433
2728,1.4497
2730,1.4417
2732,1.4433
2734,1.4497
2736,1.4441
2746,1.4441
2748,1.4433
2750,1.4514
2752,1.4425
2754,1.4433
2756,1.4465
2758,1.4465
2760,1.4288
2762,1.4022
2764,1.3659
2766,1.3152
2776,0.8639
2778,0.7245
2780,0.5689
2782,0.3908
2784,0.3151
2786,0.3199
2788,0.3240
2790,0.3304
2792,0.3336
2794,0.3240
2796,0.3223
2806,0.6576
2808,0.7591
2810,0.9308
2812,1.0275
2814,1.1040
2816,1.1347
2818,1.1161
2820,1.1177
2822,1.0790
2824,1.0194
2834,0.7333
2836,0.6108
2838,0.4626
2840,0.3223
2842,0.3199
2844,0.2998
2846,0.2990
2848,0.2998
2850,0.2974
2852,0.2966
2854,0.2917
2864,0.9678
2866,1.0992
2868,1.2676
2870,1.2531
2872,1.2193
2874,1.3232
2876,1.2894
2878,1.2064
2880,1.2757
2882,1.2644
2892,1.2523
2894,1.2878
2896,1.2032
2898,1.2032
2900,1.2370
2902,1.1838
2904,1.1967
2906,1.2725
2908,1.2692
2910,1.2789
2912,1.3619
2922,1.4336
2924,1.4707
2926,1.4409
2928,1.4642
2930,1.5086
2932,1.4868
2934,1.5078
2936,1.5513
2938,1.5327
2940,1.5368
2942,1.5698
2952,1.5392
2954,1.5601
2956,1.5553
2958,1.5336
2960,1.5336
2962,1.5319
2964,1.5110
2966,1.5231
2968,1.5223
2970,1.5021
2972,1.5037
2982,1.4570
2984,1.4449
2986,1.4417
2988,1.4352
2990,1.4240
2992,1.4191
2994,1.4119
2996,1.4103
2998,1.4062
3000,1.4062
3002,1.4038
3012,1.4070
3014,1.4127
3016,1.4135
3018,1.4103
3020,1.4103
3022,1.4151
3024,1.4151
3026,1.4191
3028,1.4232
3030,1.4159
3032,1.4232
3042,1.4433
3044,1.4433
3046,1.4441
3048,1.4457
3050,1.4449
3052,1.4570
3054,1.4570
3056,1.4570
3058,1.4530
3060,1.4417
3062,1.4352
3072,1.4191
3074,1.4135
3076,1.4175
3078,1.4111
3080,1.4078
3082,1.4127
3084,1.4062
3086,1.4095
3088,1.4175
3090,1.4111
3092,1.4159
3102,1.4159
3104,1.4062
3106,1.4175
3108,1.4167
3110,1.4183
3112,1.4223
3114,1.4240
3116,1.4272
3118,1.4288
3120,1.4264
3122,1.4256
3132,1.4393
3134,1.4328
3136,1.4288
3138,1.4312
3140,1.4352
3142,1.4304
3144,1.4352
3146,1.4304
3148,1.4240
3150,1.4288
3152,1.4312
3162,1.4272
3164,1.4240
3166,1.4312
3168,1.4248
3170,1.4312
3172,1.4264
3174,1.4304
3176,1.4223
3178,1.4320
3180,1.4312
3182,1.4320
3192,1.4320
3194,1.4320
3196,1.4360
3198,1.4336
3200,1.4336
3202,1.4352
3204,1.4409
3206,1.4312
3208,1.4304
3210,1.4288
3212,1.4312
3222,1.4304
3224,1.4312
3226,1.4312
3228,1.4312
3230,1.4296
3232,1.4312
3234,1.4312
3236,1.4328
3238,1.4385
3240,1.4312
3242,1.4304
3252,1.4296
3254,1.4328
3256,1.4328
3258,1.4328
3260,1.4312
3262,1.4328
3264,1.4393
3266,1.4312
3268,1.4328
3270,1.4344
3272,1.4304
3282,1.4328
3284,1.4304
3286,1.4352
3288,1.4328
3290,1.4328
3292,1.4385
3294,1.4368
3296,1.4368
3298,1.4304
3300,1.4360
3302,1.4352
3312,1.4280
3314,1.4336
3316,1.4328
3318,1.4320
3320,1.4312
3322,1.4336
3324,1.4336
3326,1.4312
3328,1.4328
3330,1.4320
3332,1.4312
3342,1.4320
3344,1.4328
3346,1.4312
3348,1.4336
3350,1.4320
3352,1.4264
3354,1.4352
3356,1.4336
3358,1.4320
3360,1.4312
3362,1.4352
3372,1.4328
3374,1.4312
3376,1.4312
3378,1.4433
3380,1.4296
3382,1.4401
3384,1.4264
3386,1.4312
3388,1.4368
3390,1.4328
3392,1.4320
3402,1.4304
3404,1.4272
3406,1.4393
3408,1.4312
3410,1.4312
3412,1.4296
3414,1.4336
3416,1.4360
3418,1.4393
3420,1.4328
3422,1.4328
3432,1.4312
3434,1.4312
3436,1.4393
3438,1.4312
3440,1.4328
3442,1.4312
3444,1.4312
3446,1.4320
3448,1.4312
3450,1.4312
3452,1.4312
3462,1.4328
3464,1.4296
3466,1.4312
3468,1.4304
3470,1.4320
3472,1.4336
3474,1.4336
3476,1.4320
3478,1.4368
3480,1.4320
3482,1.4328
3492,1.4328
3494,1.4272
3496,1.4304
3498,1.4312
3500,1.4336
3502,1.4312
3504,1.4336
3506,1.4199
3508,1.3917
3510,1.3555
3512,1.3039
3522,0.8615
3524,0.7253
3526,0.5851
3528,0.4053
3530,0.3006
3532,0.3223
3534,0.3223
3536,0.3368
3538,0.3248
3540,0.3240
3542,0.3151
3552,0.6471
3554,0.7519
3556,0.9195
3558,1.0234
3560,1.0468
3562,1.1371
3564,1.1161
3566,1.1145
3568,1.0871
3570,1.0331
3580,0.7648
3582,0.6342
3584,0.4980
3586,0.3481
3588,0.2966
3590,0.3006
3592,0.3062
3594,0.3078
3596,0.2966
3598,0.2958
3600,0.2966
3610,0.9163
3612,1.0742
3614,1.1733
3616,1.2894
3618,1.2128
3620,1.3023
3622,1.3281
3624,1.2281
3626,1.2563
3628,1.2999
3638,1.2249
3640,1.2813
3642,1.2128
3644,1.1814
3646,1.2338
3648,1.1991
3650,1.1629
3652,1.2596
3654,1.2725
3656,1.2660
3658,1.3361
3668,1.4272
3670,1.4312
3672,1.4320
3674,1.4755
3676,1.4788
3678,1.4828
3680,1.5174
3682,1.5344
3684,1.5303
3686,1.5521
3688,1.5626
3698,1.5722
3700,1.5811
3702,1.5561
3704,1.5553
3706,1.5489
3708,1.5360
3710,1.5255
3712,1.5303
3714,1.5215
3716,1.5078
3718,1.5029
3728,1.4522
3730,1.4441
3732,1.4393
3734,1.4312
3736,1.4207
3738,1.4054
3740,1.4103
3742,1.4054
3744,1.4006
3746,1.4014
3748,1.3845
3758,1.3949
3760,1.3998
3762,1.4030
3764,1.4006
3766,1.4078
3768,1.4078
3770,1.4062
3772,1.4095
3774,1.4167
3776,1.4199
3778,1.4240
3788,1.4433
3790,1.4441
3792,1.4530
3794,1.4570
3796,1.4570
3798,1.4570
3800,1.4594
3802,1.4699
3804,1.4570
3806,1.4594
3808,1.4610
3818,1.4594
3820,1.4618
3822,1.4570
3824,1.4497
3826,1.4473
3828,1.5086
3830,1.4368
3832,1.4393
3834,1.4304
3836,1.4312
3838,1.4296
3848,1.4232
3850,1.4296
3852,1.4280
3854,1.4312
3856,1.4256
3858,1.4352
3860,1.4320
3862,1.4312
3864,1.4385
3866,1.4368
3868,1.4417
3878,1.4441
3880,1.4554
3882,1.4465
3884,1.4489
3886,1.4481
3888,1.4449
3890,1.4433
3892,1.4489
3894,1.4449
3896,1.4449
3898,1.4425
3908,1.4393
3910,1.4312
3912,1.4393
3914,1.4336
3916,1.4344
3918,1.4336
3920,1.4304
3922,1.4328
3924,1.4304
3926,1.4312
3928,1.4320
3938,1.4312
3940,1.4425
3942,1.4312
3944,1.4433
3946,1.4320
3948,1.4401
3950,1.4441
3952,1.4481
3954,1.4449
3956,1.4433
3958,1.4417
3968,1.4393
3970,1.4425
3972,1.4368
3974,1.4433
3976,1.4425
3978,1.4433
3980,1.4368
3982,1.4344
3984,1.4328
3986,1.4433
3988,1.4393
3998,1.4385
4000,1.4425
4002,1.4497
4004,1.4417
4006,1.4368
4008,1.4433
4010,1.4393
4012,1.4328
4014,1.4489
4016,1.4368
4018,1.4433
4028,1.4401
4030,1.4360
4032,1.4368
4034,1.4409
4036,1.4368
4038,1.4368
4040,1.4433
4042,1.4417
4044,1.4368
4046,1.4417
4048,1.4320
4058,1.4433
4060,1.4401
4062,1.4385
4064,1.4368
4066,1.4489
4068,1.4393
4070,1.4465
4072,1.4417
4074,1.4393
4076,1.4352
4078,1.4433
4088,1.4417
4090,1.4328
4092,1.4417
4094,1.4336
4096,1.4336
4098,1.4465
4100,1.4417
4102,1.4385
4104,1.4401
4106,1.4457
4108,1.4352
4118,1.4433
4120,1.4385
4122,1.4368
4124,1.4425
4126,1.4433
4128,1.4393
4130,1.4401
4132,1.4417
4134,1.4465
4136,1.4425
4138,1.4360
4148,1.4312
4150,1.4401
4152,1.4401
4154,1.4360
4156,1.4360
4158,1.4425
4160,1.4401
4162,1.4368
4164,1.4368
4166,1.4594
4168,1.4393
4178,1.4425
4180,1.4417
4182,1.4417
4184,1.4336
4186,1.4385
4188,1.4465
4190,1.4417
4192,1.4417
4194,1.4425
4196,1.4360
4198,1.4368
4208,1.4368
4210,1.4449
4212,1.4385
4214,1.4352
4216,1.4409
4218,1.4368
4220,1.4425
4222,1.4417
4224,1.4417
4226,1.4401
4228,1.4425
4238,1.4409
4240,1.4352
4242,1.4401
4244,1.4352
4246,1.4425
4248,1.4433
4250,1.4368
4252,1.4312
4254,1.3941
4256,1.3538
4266,0.9686
4268,0.8510
4270,0.7180
4272,0.5544
4274,0.3739
4276,0.3264
4278,0.3336
4280,0.3296
4282,0.3393
4284,0.3328
4286,0.3352
4296,0.5786
4298,0.6576
4300,0.7623
4302,0.9412
4304,1.0299
4306,1.1064
4308,1.1475
4310,1.1258
4312,1.1298
4314,1.0936
4316,1.0307
4326,0.7623
4328,0.6390
4330,0.4851
4332,0.3481
4334,0.2949
4336,0.2982
4338,0.3078
4340,0.3062
4342,0.3014
4344,0.3014
4346,0.2966
4356,0.9356
4358,1.0807
4360,1.2370
4362,1.2765
4364,1.2177
4366,1.3232
4368,1.3321
4370,1.2330
4372,1.2765
4374,1.2942
4384,1.2330
4386,1.2958
4388,1.2233
4390,1.1991
4392,1.2539
4394,1.1991
4396,1.1733
4398,1.2523
4400,1.2628
4402,1.2620
4404,1.3466
4414,1.3933
4416,1.3796
4418,1.4530
4420,1.4449
4422,1.4320
4424,1.4933
4426,1.5005
4428,1.4908
4430,1.5336
4432,1.5521
4434,1.5303
4444,1.5706
4446,1.5561
4448,1.5513
4450,1.5747
4452,1.5601
4454,1.5545
4456,1.5634
4458,1.5513
4460,1.5432
4462,1.5481
4464,1.5344
4474,1.4659
4476,1.4618
4478,1.4457
4480,1.4489
4482,1.4368
4484,1.4240
4486,1.4135
4488,1.4038
4490,1.3917
4492,1.3901
4494,1.3901
4504,1.3845
4506,1.3796
4508,1.3821
4510,1.3837
4512,1.3853
4514,1.3893
4516,1.3933
4518,1.3974
4520,1.4054
4522,1.4046
4532,1.4304
4534,1.4312
4536,1.4385
4538,1.4465
4540,1.4449
4542,1.4530
4544,1.4570
4546,1.4562
4548,1.4570
4550,1.4594
4552,1.4570
4562,1.4586
4564,1.4570
4566,1.4530
4568,1.4457
4570,1.4457
4572,1.4401
4574,1.4336
4576,1.4304
4578,1.4304
4580,1.4264
4582,1.4223
4592,1.4151
4594,1.4111
4596,1.4151
4598,1.4175
4600,1.4223
4602,1.4272
4604,1.4296
4606,1.4223
4608,1.4320
4610,1.4336
4612,1.4320
4622,1.4433
4624,1.4457
4626,1.4385
4628,1.4441
4630,1.4457
4632,1.4425
4634,1.4425
4636,1.4449
4638,1.4368
4640,1.4433
4642,1.4401
4652,1.4312
4654,1.4352
4656,1.4336
4658,1.4304
4660,1.4312
4662,1.4312
4664,1.4312
4666,1.4272
4668,1.4304
4670,1.4304
4672,1.4175
4682,1.4401
4684,1.4111
4686,1.4433
4688,1.4336
4690,1.4449
4692,1.4409
4694,1.4449
4696,1.4385
4698,1.4489
4700,1.4489
4702,1.4497
4712,1.4417
4714,1.4393
4716,1.4409
4718,1.4360
4720,1.4352
4722,1.4360
4724,1.4312
4726,1.4344
4728,1.4352
4730,1.4312
4732,1.4360
4742,1.4328
4744,1.4360
4746,1.4312
4748,1.4352
4750,1.4328
4752,1.4312
4754,1.4312
4756,1.4393
4758,1.4312
4760,1.4360
4762,1.4352
4772,1.4368
4774,1.4328
4776,1.4360
4778,1.4393
4780,1.4368
4782,1.4352
4784,1.4401
4786,1.4344
4788,1.4368
4790,1.4352
4792,1.4417
4802,1.4336
4804,1.4312
4806,1.4417
4808,1.4393
4810,1.4352
4812,1.4352
4814,1.4368
4816,1.4328
4818,1.4425
4820,1.4320
4822,1.4336
4832,1.4352
4834,1.4393
4836,1.4385
4838,1.4320
4840,1.4393
4842,1.4401
4844,1.4352
4846,1.4401
4848,1.4401
4850,1.4417
4852,1.4401
4862,1.4256
4864,1.4320
4866,1.4360
4868,1.4320
4870,1.4368
4872,1.4385
4874,1.4393
4876,1.4385
4878,1.4393
4880,1.4336
4882,1.3700
4892,1.4352
4894,1.4312
4896,1.4465
4898,1.4683
4900,1.4417
4902,1.4352
4904,1.5489
4906,1.4393
4908,1.4336
4910,1.4320
4912,1.4328
4922,1.4385
4924,1.4344
4926,1.4433
4928,1.4385
4930,1.4352
4932,1.4344
4934,1.4417
4936,1.4377
4938,1.4360
4940,1.4360
4942,1.4433
4952,1.4312
4954,1.4409
4956,1.4352
4958,1.4409
4960,1.4352
4962,1.4368
4964,1.4368
4966,1.4385
4968,1.4352
4970,1.4336
4972,1.4360
4982,1.4328
4984,1.4336
4986,1.4393
4988,1.4352
4990,1.4344
4992,1.4360
4994,1.4328
4996,1.4433
4998,1.4401
5000,1.4320
5002,1.4385
5012,1.4336
5014,1.4336
5016,1.4368
5018,1.4336
5020,1.4328
5022,1.4385
5024,1.4336
5026,1.4368
5028,1.4344
5030,1.4368
5032,1.4409
5042,1.4352
5044,1.4377
5046,1.4360
5048,1.4385
5050,1.4393
5052,1.4449
5054,1.4344
5056,1.4336
5058,1.4312
5060,1.4352
5062,1.4368
5072,1.4344
5074,1.4417
5076,1.4312
5078,1.4336
5080,1.4288
5082,1.4368
5084,1.4417
5086,1.4393
5088,1.4320
5090,1.4328
5092,1.4320
5102,1.4401
5104,1.4352
5106,1.4385
5108,1.4401
5110,1.4360
5112,1.4401
5114,1.4344
5116,1.4360
5118,1.4360
5120,1.4377
5122,1.4377
5132,1.4336
5134,1.4344
5136,1.4393
5138,1.4368
5140,1.4328
5142,1.4385
5144,1.4360
5146,1.4393
5148,1.4393
5150,1.4377
5152,1.4352
5162,1.4393
5164,1.4360
5166,1.4336
5168,1.4336
5170,1.4336
5172,1.4425
5174,1.4368
5176,1.4368
5178,1.4393
5180,1.4352
5182,1.4425
5192,1.4401
5194,1.4312
5196,1.4312
5198,1.4336
5200,1.4393
5202,1.4312
5204,1.4409
5206,1.4328
5208,1.4393
5210,1.4352
5212,1.4465
5222,1.4417
5224,1.4320
5226,1.4360
5228,1.4385
5230,1.4360
5232,1.4352
5234,1.4360
5236,1.4368
5238,1.4360
5240,1.4626
5242,1.4401
5252,1.4368
5254,1.4352
5256,1.4352
5258,1.4320
5260,1.4393
5262,1.4344
5264,1.4401
5266,1.4393
5268,1.4417
5270,1.4401
5272,1.4352
5282,1.4385
5284,1.4304
5286,1.4312
5288,1.4344
5290,1.4368
5292,1.4352
5294,1.4368
5296,1.4344
5298,1.4368
5300,1.4401
5302,1.4425
5312,1.4433
5314,1.4385
5316,1.4368
5318,1.4336
5320,1.4393
5322,1.4401
5324,1.4401
5326,1.4385
5328,1.4336
5330,1.4312
5332,1.4312
5342,1.4360
5344,1.4360
5346,1.4352
5348,1.4368
5350,1.4312
5352,1.4433
5354,1.4360
5356,1.4336
5358,1.4368
5360,1.4514
5362,1.4352
5372,1.4360
5374,1.4385
5376,1.4328
5378,1.4385
5380,1.4336
5382,1.4312
5384,1.4312
5386,1.4385
5388,1.4360
5390,1.4328
5392,1.4465
5402,1.4352
5404,1.4328
5406,1.4360
5408,1.4328
5410,1.4368
5412,1.4352
5414,1.4385
5416,1.4304
5418,1.4336
5420,1.4368
5422,1.4344
5432,1.4385
5434,1.4304
5436,1.4368
5438,1.4344
5440,1.4360
5442,1.4312
5444,1.4368
5446,1.4336
5448,1.4352
5450,1.4368
5452,1.4320
5462,1.4393
5464,1.4368
5466,1.4344
5468,1.4368
5470,1.4360
5472,1.4368
5474,1.4328
5476,1.4385
5478,1.4368
5480,1.4344
5482,1.4336
5492,1.4312
5494,1.4433
5496,1.4360
5498,1.4401
5500,1.4352
5502,1.4401
5504,1.4360
5506,1.4441
5508,1.4385
5510,1.4401
5512,1.4409
5522,1.4433
5524,1.4336
5526,1.4328
5528,1.4352
5530,1.4320
5532,1.4336
5534,1.4336
5536,1.4385
5538,1.4433
5540,1.4401
5542,1.4352
5552,1.4360
5554,1.4433
5556,1.4312
5558,1.4312
5560,1.4368
5562,1.4344
5564,1.4368
5566,1.4360
5568,1.4360
5570,1.4377
5572,1.4417
5582,1.4360
5584,1.4385
5586,1.4360
5588,1.4401
5590,1.4352
5592,1.4344
5594,1.4385
5596,1.4336
5598,1.4377
5600,1.3530
5602,1.4425
5612,1.4352
5614,1.4433
5616,1.4401
5618,1.4320
5620,1.4103
5622,1.4368
5624,1.4417
5626,1.4393
5628,1.4401
5630,1.4312
5632,1.4336
5642,1.4433
5644,1.4393
5646,1.4385
5648,1.4328
5650,1.4336
5652,1.4360
5654,1.4368
5656,1.4175
5658,1.3917
5660,1.3547
5662,1.3023
5672,0.8639
5674,0.7237
5676,0.5818
5678,0.4053
5680,0.3022
5682,0.3175
5684,0.3240
5686,0.3232
5688,0.3248
5690,0.3215
5692,0.3183
5702,0.6600
5704,0.7535
5706,0.9243
5708,1.0267
5710,1.1097
5712,1.1322
5714,1.1081
5716,1.1040
5718,1.0702
5720,1.0146
5730,0.6922
5732,0.5536
5734,0.3892
5736,0.2700
5738,0.2990
5740,0.3086
5742,0.3078
5744,0.3054
5746,0.2925
5748,0.2966
5750,0.2949
5760,0.8437
5762,1.0073
5764,1.0807
5766,1.1870
5768,1.1645
5770,1.1169
5772,1.1500
5774,1.0847
5776,0.9880
5778,0.9928
5780,0.9590
5790,0.6237
5792,0.5343
5794,0.3812
5796,0.3103
5798,0.2821
5800,0.3014
5802,0.3046
5804,0.3095
5806,0.3046
5808,0.3514
5810,0.4376
5820,1.0170
5822,1.1556
5824,1.2870
5826,1.3740
5828,1.3055
5830,1.3168
5832,1.3724
5834,1.2918
5836,1.2555
5838,1.3071
5840,1.2370
5850,1.1226
5852,1.0678
5854,0.9493
5856,0.9574
5858,0.9388
5860,0.8542
5862,0.9082
5864,0.9275
5866,0.8784
5868,0.9284
5870,0.9840
5880,1.2837
5882,1.4167
5884,1.4530
5886,1.3982
5888,1.4828
5890,1.5215
5892,1.4296
5894,1.4949
5896,1.5400
5898,1.4626
5900,1.5182
5910,1.5521
5912,1.5352
5914,1.5908
5916,1.5618
5918,1.5319
5920,1.5811
5922,1.5730
5924,1.5295
5926,1.5738
5928,1.5835
5930,1.5432
5940,1.5239
5942,1.4844
5944,1.4683
5946,1.4562
5948,1.4014
5950,1.3949
5952,1.3909
5954,1.3530
5956,1.3595
5958,1.2757
5960,1.3337
5970,1.3144
5972,1.3232
5974,1.3184
5976,1.3144
5978,1.3248
5980,1.3353
5982,1.3458
5984,1.3675
5986,1.3812
5988,1.3949
5998,1.4522
6000,1.4651
6002,1.4683
6004,1.4820
6006,1.4715
6008,1.4618
6010,1.4570
6012,1.4465
6014,1.4312
6016,1.4272
6018,1.4223
6028,1.2950
6030,1.2168
6032,1.1403
6034,1.0468
6036,0.9429
6038,0.8308
6040,0.7059
6042,0.5665
6044,0.4327
6046,0.2966
6048,0.3223
6058,0.3006
6060,0.2321
6062,0.3006
6064,0.3820
6066,0.5029
6068,0.5649
6070,0.6664
6072,0.8115
6074,0.8985
6076,0.9678
6078,1.0573
6088,1.0259
6090,1.0202
6092,0.9823
6094,0.9203
6096,0.8695
6098,0.7664
6100,0.6503
6102,0.5415
6104,0.4327
6106,0.3143
6108,0.3457
6118,0.3280
6120,0.3199
6122,0.3215
6124,0.3739
6126,0.5536
6128,0.6270
6130,0.7011
6132,0.8615
6134,0.9541
6136,1.0049
6138,1.1081
6148,1.1371
6150,1.0782
6152,1.0589
6154,1.0065
6156,0.9251
6158,0.8905
6160,0.8486
6162,0.7406
6164,0.6842
6166,0.6270
6176,0.3530
6178,0.3352
6180,0.3377
6182,0.3232
6184,0.3215
6186,0.3610
6188,0.4779
6190,0.5577
6192,0.6568
6194,0.8107
6196,0.9412
6206,1.2934
6208,1.3514
6210,1.2354
6212,1.2370
6214,1.2370
6216,1.0960
6218,1.0589
6220,1.0710
6222,0.9493
6224,0.9308
6226,0.9952
6236,1.0009
6238,1.0976
6240,1.1226
6242,1.1451
6244,1.2297
6246,1.2265
6248,1.2652
6250,1.3281
6252,1.3289
6254,1.3482
6256,1.4256
6266,1.5980
6268,1.6270
6270,1.6488
6272,1.6585
6274,1.6601
6276,1.6496
6278,1.6295
6280,1.5980
6282,1.5779
6284,1.5577
6286,1.5142
6296,1.3998
6298,1.3821
6300,1.3627
6302,1.3748
6304,1.3555
6306,1.3369
6308,1.3337
6310,1.3047
6312,1.2870
6314,1.2966
6316,1.3023
6326,1.3611
6328,1.3812
6330,1.3925
6332,1.3877
6334,1.4095
6336,1.4223
6338,1.4312
6340,1.4433
6342,1.4626
6344,1.4723
6346,1.4868
6356,1.5400
6358,1.5344
6360,1.5440
6362,1.5344
6364,1.5295
6366,1.5215
6368,1.5207
6370,1.5045
6372,1.4933
6374,1.4916
6376,1.4779
6386,1.4522
6388,1.4465
6390,1.4457
6392,1.4344
6394,1.4272
6396,1.4328
6398,1.4304
6400,1.4103
6402,1.3821
6404,1.3538
6406,1.2999
6416,0.8494
6418,0.7180
6420,0.5875
6422,0.3933
6424,0.2941
6426,0.3223
6428,0.3191
6430,0.3223
6432,0.3191
6434,0.3143
6436,0.3070
6446,0.6374
6448,0.7196
6450,0.8945
6452,0.9968
6454,1.0645
6456,1.1347
6458,1.0976
6460,1.0807
6462,1.0782
6464,1.0162
6474,0.7245
6476,0.6237
6478,0.4070
6480,0.2845
6482,0.3103
6484,0.3111
6486,0.3095
6488,0.3054
6490,0.3014
6492,0.2941
6494,0.2966
6504,0.7720
6506,0.9372
6508,1.0452
6510,1.1347
6512,1.1411
6514,1.1306
6516,1.1580
6518,1.1242
6520,1.0790
6522,1.0662
6524,1.0315
6534,0.7712
6536,0.6503
6538,0.5319
6540,0.4537
6542,0.3755
6544,0.2909
6546,0.3280
6548,0.3248
6550,0.3248
6552,0.3103
6554,0.3078
6564,0.8381
6566,0.9662
6568,1.0839
6570,1.2249
6572,1.1806
6574,1.2160
6576,1.3095
6578,1.2716
6580,1.2692
6582,1.3522
6584,1.3208
6594,1.3361
6596,1.3039
6598,1.2370
6600,1.2370
6602,1.2330
6604,1.1669
6606,1.1758
6608,1.1774
6610,1.1298
6612,1.0911
6614,1.1572
6624,1.1846
6626,1.2370
6628,1.2708
6630,1.2249
6632,1.2370
6634,1.2741
6636,1.2579
6638,1.2765
6640,1.3410
6642,1.3232
6644,1.3353
6654,1.4828
6656,1.4771
6658,1.5207
6660,1.5287
6662,1.5207
6664,1.5529
6666,1.5529
6668,1.5344
6670,1.5521
6672,1.5360
6674,1.5199
6684,1.4497
6686,1.4457
6688,1.4441
6690,1.4336
6692,1.4304
6694,1.4256
6696,1.4054
6698,1.4046
6700,1.4014
6702,1.3821
6704,1.3909
6714,1.3796
6716,1.3780
6718,1.3796
6720,1.3821
6722,1.3756
6724,1.3821
6726,1.3796
6728,1.3909
6730,1.3901
6732,1.4014
6742,1.4207
6744,1.4207
6746,1.4336
6748,1.4368
6750,1.4401
6752,1.4465
6754,1.4481
6756,1.4570
6758,1.4626
6760,1.4651
6762,1.4659
6772,1.3466
6774,1.2870
6776,1.2080
6778,1.1201
6780,1.0186
6782,0.9018
6784,0.7704
6786,0.6229
6788,0.4642
6790,0.2966
6800,0.3207
6802,0.3175
6804,0.3078
6806,0.3111
6808,0.3191
6810,0.4513
6812,0.5657
6814,0.6173
6816,0.7390
6818,0.9074
6820,0.9678
6830,1.0831
6832,1.0009
6834,0.9880
6836,1.0001
6838,0.9404
6840,0.9010
6842,0.8768
6844,0.7454
6846,0.5971
6848,0.5133
6850,0.3876
6860,0.3489
6862,0.3441
6864,0.3352
6866,0.3320
6868,0.3272
6870,0.4102
6872,0.5834
6874,0.6519
6876,0.7253
6878,0.8897
6880,0.9711
6890,1.1403
6892,1.0750
6894,1.0186
6896,1.0428
6898,0.9799
6900,0.8889
6902,0.9074
6904,0.8639
6906,0.7664
6908,0.7680
6918,0.4118
6920,0.4110
6922,0.4086
6924,0.3546
6926,0.3667
6928,0.3981
6930,0.3731
6932,0.4287
6934,0.5391
6936,0.6060
6938,0.7212
6948,1.2765
6950,1.2370
6952,1.3353
6954,1.3949
6956,1.2781
6958,1.2894
6960,1.2773
6962,1.1298
6964,1.1000
6966,1.1113
6968,0.9759
6978,0.9727
6980,0.9332
6982,0.8977
6984,0.9799
6986,0.9807
6988,0.9670
6990,1.0742
6992,1.1330
6994,1.1862
6996,1.2370
6998,1.2620
7008,1.4812
7010,1.5295
7012,1.5714
7014,1.6464
7016,1.6649
7018,1.6552
7020,1.6891
7022,1.6496
7024,1.5916
7026,1.5884
7028,1.5456
7038,1.3812
7040,1.3748
7042,1.3393
7044,1.3281
7046,1.3434
7048,1.3023
7050,1.2862
7052,1.2974
7054,1.2539
7056,1.2370
7058,1.2789
7068,1.3426
7070,1.3708
7072,1.3788
7074,1.3837
7076,1.4014
7078,1.4167
7080,1.4320
7082,1.4465
7084,1.4747
7086,1.4916
7088,1.5013
7098,1.5086
7100,1.4626
7102,1.4514
7104,1.4336
7106,1.4175
7108,1.4191
7110,1.4135
7112,1.4167
7114,1.4191
7116,1.4207
7118,1.4312
7128,1.4223
7130,1.4199
7132,1.4240
7134,1.4328
7136,1.4352
7138,1.4425
7140,1.4530
7142,1.4546
7144,1.4546
7146,1.4586
7148,1.4522
7158,1.4465
7160,1.4514
7162,1.4360
7164,1.4441
7166,1.4449
7168,1.4417
7170,1.4441
7172,1.4312
7174,1.4078
7176,1.3651
7178,1.3168
7188,0.8639
7190,0.7277
7192,0.5778
7194,0.3997
7196,0.3086
7198,0.3240
7200,0.3232
7202,0.3377
7204,0.3288
7206,0.3232
7208,0.3264
7218,0.6713
7220,0.7607
7222,0.9364
7224,1.0460
7226,1.1218
7228,1.1355
7230,1.1218
7232,1.1129
7234,1.0702
7244,0.7946
7246,0.7003
7248,0.5448
7250,0.3876
7252,0.2708
7254,0.3062
7256,0.3086
7258,0.3095
7260,0.2990
7262,0.2974
7264,0.2941
7274,0.7341
7276,0.8977
7278,1.0452
7280,1.1484
7282,1.1733
7284,1.1355
7286,1.1911
7288,1.1621
7290,1.0903
7292,1.1008
7302,0.9372
7304,0.8897
7306,0.8179
7308,0.6801
7310,0.6278
7312,0.5907
7314,0.5021
7316,0.5021
7318,0.5488
7320,0.5149
7322,0.5375
7332,0.9082
7334,1.0210
7336,1.1758
7338,1.3031
7340,1.3498
7342,1.2845
7344,1.3490
7346,1.3853
7348,1.3240
7350,1.3659
7352,1.4078
7362,1.4135
7364,1.4441
7366,1.4054
7368,1.3837
7370,1.4312
7372,1.4111
7374,1.3998
7376,1.4610
7378,1.4570
7380,1.4417
7382,1.4828
7392,1.4578
7394,1.4771
7396,1.4812
7398,1.4473
7400,1.4586
7402,1.4779
7404,1.4352
7406,1.4514
7408,1.4723
7410,1.4457
7412,1.4562
7422,1.4368
7424,1.4360
7426,1.4481
7428,1.4344
7430,1.4417
7432,1.4385
7434,1.4385
7436,1.4385
7438,1.4546
7440,1.4522
7442,1.4514
7452,1.4699
7454,1.4667
7456,1.4699
7458,1.4771
7460,1.4755
7462,1.4779
7464,1.4804
7466,1.4900
7468,1.4836
7470,1.4876
7472,1.4788
7482,1.4425
7484,1.4336
7486,1.4352
7488,1.4320
7490,1.4320
7492,1.4312
7494,1.4312
7496,1.4264
7498,1.4240
7500,1.4167
7502,1.4199
7512,1.4207
7514,1.4304
7516,1.4328
7518,1.4320
7520,1.4312
7522,1.4312
7524,1.5013
7526,1.4336
7528,1.4360
7530,1.4401
7532,1.4417
7542,1.3103
7544,1.2370
7546,1.1677
7548,1.0831
7550,0.9259
7552,0.8784
7554,0.7607
7556,0.6286
7558,0.4771
7568,0.3272
7570,0.3304
7572,0.3248
7574,0.3183
7576,0.3183
7578,0.3183
7580,0.4271
7582,0.5770
7584,0.6334
7586,0.7551
7588,0.9147
7598,1.0831
7600,1.1226
7602,1.0662
7604,1.0210
7606,1.0436
7608,0.9888
7610,0.9195
7612,0.8873
7614,0.7865
7624,0.3352
7626,0.3409
7628,0.3393
7630,0.3248
7632,0.3199
7634,0.3175
7636,0.3167
7638,0.3199
7640,0.4408
7642,0.6423
7644,0.7390
7654,1.3079
7656,1.2249
7658,1.2821
7660,1.3514
7662,1.2531
7664,1.1991
7666,1.2338
7668,1.1395
7670,1.0782
7672,1.1137
7674,1.0452
7684,0.6914
7686,0.5979
7688,0.4755
7690,0.4811
7692,0.4956
7694,0.4231
7696,0.4601
7698,0.5198
7700,0.4634
7702,0.5456
7704,0.6810
7714,1.3087
7716,1.3426
7718,1.3547
7720,1.4804
7722,1.4852
7724,1.4651
7726,1.5344
7728,1.5626
7730,1.5215
7732,1.5053
7734,1.5303
7744,1.4360
7746,1.4497
7748,1.4570
7750,1.4175
7752,1.4473
7754,1.4747
7756,1.4626
7758,1.4925
7760,1.5190
7762,1.5070
7764,1.4836
7774,1.4522
7776,1.4546
7778,1.4449
7780,1.4449
7782,1.4433
7784,1.4352
7786,1.4207
7788,1.4191
7790,1.4191
7792,1.4030
7794,1.3966
7804,1.3675
7806,1.3547
7808,1.3595
7810,1.3522
7812,1.3498
7814,1.3579
7816,1.3514
7818,1.3555
7820,1.3579
7822,1.3684
7832,1.3812
7834,1.3909
7836,1.3933
7838,1.3941
7840,1.4014
7842,1.4054
7844,1.4046
7846,1.4127
7848,1.4078
7850,1.4191
7852,1.4223
7862,1.4449
7864,1.4473
7866,1.4514
7868,1.4570
7870,1.4570
7872,1.4570
7874,1.4546
7876,1.4505
7878,1.4578
7880,1.4497
7882,1.4570
7892,1.4594
7894,1.4618
7896,1.4659
7898,1.4683
7900,1.4675
7902,1.4659
7904,1.4779
7906,1.4651
7908,1.4312
7910,1.4006
7912,1.3498
7922,0.9066
7924,0.7648
7926,0.6068
7928,0.4118
7930,0.3296
7932,0.3481
7934,0.3449
7936,0.3481
7938,0.3449
7940,0.3377
7942,0.3344
7952,0.5979
7954,0.6914
7956,0.8526
7958,0.9582
7960,1.0589
7962,1.1347
7964,1.1105
7966,1.1234
7968,1.1169
7970,1.0226
7980,0.5923
7982,0.4747
7984,0.3497
7986,0.3119
7988,0.3175
7990,0.3223
7992,0.3264
7994,0.3223
7996,0.3207
7998,0.3127
8000,0.3167
8010,0.9485
8012,1.0984
8014,1.1854
8016,1.2966
8018,1.4054
8020,1.4360
8022,1.3547
8024,1.3821
8026,1.3788
8028,1.2620
8038,0.8752
8040,0.6834
8042,0.5286
8044,0.4561
8046,0.2772
8048,0.3264
8050,0.3191
8052,0.3086
8054,0.3054
8056,0.2982
8058,0.2998
8068,1.0267
8070,1.2112
8072,1.2370
8074,1.3079
8076,1.4804
8078,1.4812
8080,1.4683
8082,1.5892
8084,1.6037
8086,1.5384
8088,1.5239
8098,1.3659
8100,1.3023
8102,1.3281
8104,1.3015
8106,1.2515
8108,1.2837
8110,1.2902
8112,1.2668
8114,1.3063
8116,1.3103
8118,1.2999
8128,1.3901
8130,1.3990
8132,1.3547
8134,1.4006
8136,1.4111
8138,1.3756
8140,1.4046
8142,1.4368
8144,1.4078
8146,1.4095
8148,1.4425
8158,1.3998
8160,1.3925
8162,1.3812
8164,1.3780
8166,1.3611
8168,1.3619
8170,1.3627
8172,1.3530
8174,1.3966
8176,1.3740
8178,1.3837
8188,1.4175
8190,1.4143
8192,1.4062
8194,1.4054
8196,1.4054
8198,1.3917
8200,1.3974
8202,1.3990
8204,1.3869
8206,1.3909
8208,1.4006
8218,1.4127
8220,1.4175
8222,1.4078
8224,1.4175
8226,1.4127
8228,1.4183
8230,1.4127
8232,1.4151
8234,1.4215
8236,1.4191
8238,1.4232
8248,1.4328
8250,1.4409
8252,1.4393
8254,1.4304
8256,1.4336
8258,1.4344
8260,1.4352
8262,1.4336
8264,1.4320
8266,1.4352
8268,1.4304
8278,1.3039
8280,1.2338
8282,1.1492
8284,1.0653
8286,0.9622
8288,0.8534
8290,0.7301
8292,0.6052
8294,0.4650
8296,0.3111
8306,0.3207
8308,0.3151
8310,0.3095
8312,0.3111
8314,0.3465
8316,0.4513
8318,0.5117
8320,0.5593
8322,0.6834
8324,0.7849
8326,0.8566
8336,1.1016
8338,1.0702
8340,1.0468
8342,1.0186
8344,0.9670
8346,0.8985
8348,0.8582
8350,0.7752
8352,0.6987
8362,0.3336
8364,0.3304
8366,0.3248
8368,0.3336
8370,0.3223
8372,0.3151
8374,0.3054
8376,0.3634
8378,0.5012
8380,0.5891
8382,0.6705
8392,1.2596
8394,1.2104
8396,1.2886
8398,1.3611
8400,1.2805
8402,1.2370
8404,1.2338
8406,1.0903
8408,1.0009
8410,0.9686
8412,0.8010
8422,0.4795
8424,0.4037
8426,0.3167
8428,0.3401
8430,0.3223
8432,0.3223
8434,0.3183
8436,0.3465
8438,0.4884
8440,0.6060
8442,0.7229
8452,1.3192
8454,1.4425
8456,1.5239
8458,1.5078
8460,1.5747
8462,1.6399
8464,1.6109
8466,1.5738
8468,1.5618
8470,1.5601
8472,1.5199
8482,1.4232
8484,1.4054
8486,1.3812
8488,1.3845
8490,1.3812
8492,1.3772
8494,1.3982
8496,1.4038
8498,1.4054
8500,1.4272
8502,1.4312
8512,1.3627
8514,1.3845
8516,1.3538
8518,1.3659
8520,1.3885
8522,1.3587
8524,1.3595
8526,1.3724
8528,1.3506
8530,1.3321
8532,1.3466
8542,1.2805
8544,1.2918
8546,1.2910
8548,1.2845
8550,1.2942
8552,1.3007
8554,1.3063
8556,1.3176
8558,1.3248
8560,1.3305
8562,1.3385
8572,1.3667
8574,1.3659
8576,1.3772
8578,1.3595
8580,1.3925
8582,1.3925
8584,1.4070
8586,1.4191
8588,1.4256
8590,1.4312
8592,1.4304
8602,1.4514
8604,1.4489
8606,1.4497
8608,1.4530
8610,1.4546
8612,1.4522
8614,1.4570
8616,1.4441
8618,1.4562
8620,1.4514
8622,1.4481
8632,1.4618
8634,1.4610
8636,1.4675
8638,1.4715
8640,1.4675
8642,1.4771
8644,1.4707
8646,1.4804
8648,1.4820
8650,1.4820
8652,1.4868
8662,1.4949
8664,1.4941
8666,1.4916
8668,1.4925
8670,1.4852
8672,1.4868
8674,1.4820
8676,1.4755
8678,1.4779
8680,1.4755
8682,1.4715
8692,1.4578
8694,1.4594
8696,1.4618
8698,1.4562
8700,1.4610
8702,1.4546
8704,1.4570
8706,1.4578
8708,1.4618
8710,1.4667
8712,1.4618
8722,1.4723
8724,1.4788
8726,1.4852
8728,1.4828
8730,1.4828
8732,1.4844
8734,1.4836
8736,1.4868
8738,1.4884
8740,1.4836
8742,1.4844
8752,1.3426
8754,1.2773
8756,1.1919
8758,1.0952
8760,0.9928
8762,0.8615
8764,0.7277
8766,0.5802
8768,0.4110
8770,0.2812
8780,0.3183
8782,0.3119
8784,0.3070
8786,0.3103
8788,0.3820
8790,0.4932
8792,0.5206
8794,0.6060
8796,0.7470
8798,0.8244
8800,0.9155
8810,1.1169
8812,1.0533
8814,1.0581
8816,1.0105
8818,0.9138
8820,0.8993
8822,0.8550
8824,0.7583
8826,0.7438
8828,0.7349
8830,0.6600
8840,0.5923
8842,0.5794
8844,0.5875
8846,0.6745
8848,0.7398
8850,0.8075
8852,0.9227
8854,1.0428
8856,1.1484
8858,1.3079
8860,1.4038
8870,1.4675
8872,1.4570
8874,1.3385
8876,1.3514
8878,1.3514
8880,1.2370
8882,1.2370
8884,1.2789
8886,1.2297
8888,1.2370
8890,1.3240
8900,1.4594
8902,1.5037
8904,1.5158
8906,1.4884
8908,1.4828
8910,1.4804
8912,1.4610
8914,1.4771
8916,1.4723
8918,1.5086
8920,1.5247
8930,1.5070
8932,1.4771
8934,1.4997
8936,1.4675
8938,1.4312
8940,1.4530
8942,1.4344
8944,1.4103
8946,1.4207
8948,1.4143
8950,1.4062
8960,1.4151
8962,1.4143
8964,1.4175
8966,1.4111
8968,1.4199
8970,1.4232
8972,1.4167
8974,1.4304
8976,1.4199
8978,1.4304
8980,1.4320
8990,1.4312
8992,1.4320
8994,1.4296
8996,1.4312
8998,1.4280
9000,1.4312
9002,1.4336
9004,1.4280
9006,1.4272
9008,1.4312
9010,1.4232
9020,1.4232
9022,1.4151
9024,1.4111
9026,1.4111
9028,1.4062
9030,1.4046
9032,1.4054
9034,1.4046
9036,1.4022
9038,1.4030
9040,1.4038
9050,1.4207
9052,1.4191
9054,1.4207
9056,1.4272
9058,1.4264
9060,1.4312
9062,1.4336
9064,1.4336
9066,1.4409
9068,1.4344
9070,1.4433
9080,1.4449
9082,1.4360
9084,1.4312
9086,1.4352
9088,1.4272
9090,1.4264
9092,1.4240
9094,1.4240
9096,1.4183
9098,1.4207
9100,1.4207
9110,1.4151
9112,1.4183
9114,1.4175
9116,1.4175
9118,1.4159
9120,1.4199
9122,1.4119
9124,1.4183
9126,1.4207
9128,1.4240
9130,1.4199
9140,1.4312
9142,1.4312
9144,1.4328
9146,1.4336
9148,1.4328
9150,1.4312
9152,1.4312
9154,1.4240
9156,1.4304
9158,1.4256
9160,1.4207
9170,1.4207
9172,1.4191
9174,1.4135
9176,1.4143
9178,1.4175
9180,1.4240
9182,1.4159
9184,1.4183
9186,1.4143
9188,1.4223
9190,1.4159
9200,1.4256
9202,1.4240
9204,1.4240
9206,1.4280
9208,1.4232
9210,1.4240
9212,1.4232
9214,1.4288
9216,1.4191
9218,1.4207
9220,1.4223
9230,1.4127
9232,1.4175
9234,1.4167
9236,1.4232
9238,1.4143
9240,1.4159
9242,1.4232
9244,1.4207
9246,1.4199
9248,1.4175
9250,1.4159
9260,1.4312
9262,1.4199
9264,1.3740
9266,1.4207
9268,1.4232
9270,1.4256
9272,1.4264
9274,1.3579
9276,1.4191
9278,1.4191
9280,1.4199
9290,1.4223
9292,1.4199
9294,1.4199
9296,1.4272
9298,1.4135
9300,1.4199
9302,1.4175
9304,1.4167
9306,1.4143
9308,1.4207
9310,1.4223
9320,1.4240
9322,1.4232
9324,1.4232
9326,1.4256
9328,1.4232
9330,1.4232
9332,1.4256
9334,1.4199
9336,1.4296
9338,1.4191
9340,1.4175
9350,1.4232
9352,1.4175
9354,1.4199
9356,1.4159
9358,1.4264
9360,1.4167
9362,1.4183
9364,1.4215
9366,1.4175
9368,1.4191
9370,1.4191
9380,1.4223
9382,1.4223
9384,1.4232
9386,1.4175
9388,1.4304
9390,1.4175
9392,1.4232
9394,1.4207
9396,1.4199
9398,1.4167
9400,1.4207
9410,1.4223
9412,1.4199
9414,1.4191
9416,1.4223
9418,1.3724
9420,1.4183
9422,1.4103
9424,1.4191
9426,1.4191
9428,1.4191
9430,1.4207
9440,1.4288
9442,1.4256
9444,1.4199
9446,1.4191
9448,1.4070
9450,1.4207
9452,1.4232
9454,1.4223
9456,1.4223
9458,1.4207
9460,1.4183
9470,1.4175
9472,1.4175
9474,1.4183
9476,1.4191
9478,1.4175
9480,1.4232
9482,1.4167
9484,1.4191
9486,1.4199
9488,1.4175
9490,1.4191
9500,1.2910
9502,1.2322
9504,1.1524
9506,1.0702
9508,0.9695
9510,0.8599
9512,0.7349
9514,0.5568
9516,0.4722
9518,0.3240
9528,0.3191
9530,0.3119
9532,0.3127
9534,0.3151
9536,0.3763
9538,0.4755
9540,0.5029
9542,0.5577
9544,0.6632
9546,0.7390
9548,0.8147
9558,1.1218
9560,1.1064
9562,1.1201
9564,1.1210
9566,1.0702
9568,1.0186
9570,0.9791
9572,0.9010
9574,0.8429
9576,0.8179
9586,0.7092
9588,0.6922
9590,0.6600
9592,0.6479
9594,0.6616
9596,0.7019
9598,0.7430
9600,0.8381
9602,0.9501
9604,1.0662
9606,1.1999
9616,1.5005
9618,1.4965
9620,1.5239
9622,1.4457
9624,1.4006
9626,1.4264
9628,1.3498
9630,1.2999
9632,1.3152
9634,1.2620
9636,1.2305
9646,1.4296
9648,1.4570
9650,1.5086
9652,1.5440
9654,1.5432
9656,1.5392
9658,1.5497
9660,1.5255
9662,1.4925
9664,1.4852
9666,1.4836
9676,1.5126
9678,1.5142
9680,1.4900
9682,1.4554
9684,1.4264
9686,1.4046
9688,1.3780
9690,1.3538
9692,1.3538
9694,1.3530
9696,1.3482
9706,1.3571
9708,1.3635
9710,1.3530
9712,1.3490
9714,1.3587
9716,1.3458
9718,1.3442
9720,1.3538
9722,1.3538
9724,1.3466
9734,1.3837
9736,1.3853
9738,1.3925
9740,1.3949
9742,1.3941
9744,1.3941
9746,1.4046
9748,1.4030
9750,1.4038
9752,1.4078
9754,1.4078
9764,1.4312
9766,1.4272
9768,1.4312
9770,1.4272
9772,1.4264
9774,1.4256
9776,1.4240
9778,1.4272
9780,1.4264
9782,1.4207
9784,1.4232
9794,1.4320
9796,1.4312
9798,1.4546
9800,1.4409
9802,1.4465
9804,1.4441
9806,1.4465
9808,1.4530
9810,1.4578
9812,1.4578
9814,1.4562
9824,1.4828
9826,1.4852
9828,1.4908
9830,1.4868
9832,1.4683
9834,1.4933
9836,1.4852
9838,1.4812
9840,1.4828
9842,1.4828
9844,1.4771
9854,1.4578
9856,1.4570
9858,1.4562
9860,1.4481
9862,1.4473
9864,1.4465
9866,1.4368
9868,1.4401
9870,1.4368
9872,1.4417
9874,1.4393
9884,1.4497
9886,1.4546
9888,1.4514
9890,1.4562
9892,1.4570
9894,1.4570
9896,1.4626
9898,1.4602
9900,1.4610
9902,1.4683
9904,1.4747
9914,1.4828
9916,1.4788
9918,1.4723
9920,1.4707
9922,1.4691
9924,1.4691
9926,1.4651
9928,1.4570
9930,1.4562
9932,1.4489
9934,1.4546
9944,1.4393
9946,1.4425
9948,1.4433
9950,1.4441
9952,1.4409
9954,1.4441
9956,1.4425
9958,1.4449
9960,1.4562
9962,1.4433
9964,1.4465
9974,1.4562
9976,1.4578
9978,1.4570
9980,1.4570
9982,1.4651
9984,1.4626
9986,1.4651
9988,1.4586
9990,1.4642
9992,1.4594
9994,1.4586
10004,1.4570
10006,1.4514
10008,1.4546
10010,1.4489
10012,1.4481
10014,1.4554
10016,1.4530
10018,1.4586
10020,1.4449
10022,1.4530
10032,1.4570
10034,1.4546
10036,1.4514
10038,1.4546
10040,1.4522
10042,1.4546
10044,1.4594
10046,1.4626
10048,1.4586
10058,1.4586
10060,1.4618
10062,1.4570
10064,1.4530
10066,1.4522
10068,1.4546
10070,1.4530
10072,1.4570
10074,1.4530
10076,1.4481
10086,1.4554
10088,1.4465
10090,1.4497
10092,1.4546
10094,1.4538
10096,1.4554
10098,1.4554
10100,1.4586
10102,1.4457
10112,1.4570
10114,1.4570
10116,1.4594
10118,1.4570
10120,1.4578
10122,1.4578
10124,1.4554
10126,1.4570
10128,1.4570
10130,1.4562
10140,1.4570
10142,1.4570
10144,1.4554
10146,1.4570
10148,1.4570
10150,1.4514
10152,1.4514
10154,1.4530
10156,1.4570
10166,1.4570
10168,1.4570
10170,1.4530
10172,1.4554
10174,1.4546
10176,1.4570
10178,1.4522
10180,1.4626
10182,1.4570
10184,1.4554
10194,1.4562
10196,1.4570
10198,1.4570
10200,1.4530
10202,1.4554
10204,1.4530
10206,1.4481
10208,1.4538
10210,1.4489
10220,1.4546
10222,1.4481
10224,1.4417
10226,1.4119
10228,1.3796
10230,1.3232
10232,1.2547
10234,1.1733
10244,0.4456
10246,0.2885
10248,0.3280
10250,0.3497
10252,0.3441
10254,0.3409
10256,0.3320
10258,0.3240
10260,0.3215
10270,0.6576
10272,0.8437
10274,0.9284
10276,1.0299
10278,1.0379
10280,1.1113
10282,1.1733
10284,1.1403
10294,1.0637
10296,0.9751
10298,0.9130
10300,0.9155
10302,0.9082
10304,0.8969
10306,0.9598
10308,1.0114
10310,1.0621
10320,1.5158
10322,1.4570
10324,1.4916
10326,1.5867
10328,1.5158
10330,1.4868
10332,1.5730
10334,1.5448
10336,1.4828
10338,1.5199
10348,1.4876
10350,1.4852
10352,1.4949
10354,1.4497
10356,1.4320
10358,1.4554
10360,1.4312
10362,1.3917
10364,1.4054
10374,1.4135
10376,1.4054
10378,1.4199
10380,1.4111
10382,1.3974
10384,1.4062
10386,1.4046
10388,1.3901
10390,1.3949
10400,1.4328
10402,1.4336
10404,1.4497
10406,1.4385
10408,1.4368
10410,1.4328
10412,1.4304
10414,1.4135
10416,1.4054
10426,1.3619
10428,1.3627
10430,1.3651
10432,1.3684
10434,1.3708
10436,1.3756
10438,1.3772
10440,1.3804
10442,1.3885
10452,1.3853
10454,1.3740
10456,1.3845
10458,1.3796
10460,1.3804
10462,1.3869
10464,1.3821
10466,1.3853
10476,1.3949
10478,1.3933
10480,1.4070
10482,1.4054
10484,1.4038
10486,1.4022
10488,1.4046
10490,1.4054
10492,1.3925
10502,1.3998
10504,1.4006
10506,1.4062
10508,1.3966
10510,1.4046
10512,1.4046
10514,1.4038
10516,1.4046
10526,1.4038
10528,1.4030
10530,1.4054
10532,1.4054
10534,1.4054
10536,1.4054
10538,1.4111
10540,1.4014
