time_ms,adc
99,334
110,335
120,334
131,334
141,334
151,334
162,334
173,334
183,334
193,334
204,334
215,334
225,334
235,334
245,334
257,335
267,334
277,335
287,334
297,334
309,334
319,334
329,334
339,333
350,334
361,334
371,334
381,334
392,334
402,335
413,335
423,334
434,334
444,334
454,334
465,334
476,334
486,334
496,335
506,334
518,335
528,333
538,333
548,334
559,334
570,334
580,334
590,334
601,334
611,334
622,334
632,334
643,334
653,334
664,334
674,334
685,334
695,333
705,335
716,334
727,335
737,334
747,334
757,334
769,334
779,334
789,333
799,334
809,334
821,335
831,334
841,334
851,334
862,334
873,334
883,334
893,334
904,334
914,334
925,334
935,334
946,335
956,334
966,334
977,334
988,334
998,334
1008,334
1019,334
1030,334
1040,334
1050,334
1061,334
1072,334
1082,334
1092,333
1103,335
1114,334
1124,334
1134,334
1144,334
1156,334
1166,334
1176,334
1186,335
1198,334
1208,335
1218,334
1228,334
1240,333
1250,334
1260,334
1270,334
1282,334
1292,334
1302,334
1312,334
1324,334
1334,334
1344,334
1354,334
1366,334
1376,334
1386,334
1396,334
1408,334
1418,335
1428,335
1438,335
1449,335
1460,334
1470,334
1480,333
1491,334
1502,334
1512,334
1522,334
1533,334
1544,334
1554,334
1564,334
1575,334
1586,334
1596,334
1606,334
1617,334
1628,334
1638,335
1648,334
1659,334
1670,334
1680,334
1690,335
1701,334
1712,334
1722,334
1732,334
1743,334
1754,334
1764,334
1774,334
1785,334
1796,333
1806,333
1816,334
1827,334
1838,333
1848,333
1858,333
1869,334
1880,334
1890,333
1900,334
1911,333
1922,335
1932,334
1942,334
1953,334
1964,333
1974,334
1984,333
1995,334
2006,333
2016,334
2026,333
2037,333
2048,334
2058,333
2068,333
2079,333
2089,333
2100,334
2110,333
2121,334
2131,333
2142,333
2152,334
2163,333
2173,333
2184,334
2194,334
2205,333
2215,333
2226,333
2236,334
2247,333
2257,334
2268,334
2278,334
2289,334
2299,333
2310,333
2320,333
2331,333
2341,333
2352,334
2362,333
2373,333
2383,334
2394,333
2404,334
2414,334
2425,334
2436,334
2446,334
2456,334
2467,333
2478,334
2488,334
2498,334
2509,333
2520,334
2530,333
2540,333
2551,334
2562,334
2572,333
2582,333
2593,334
2604,333
2614,333
2624,333
2635,333
2646,334
2656,333
2666,334
2677,334
2688,334
2698,333
2708,333
2719,334
2729,333
2740,333
2750,333
2761,333
2771,333
2782,333
2792,334
2803,333
2813,334
2824,333
2834,334
2845,333
2855,333
2866,334
2876,333
2887,334
2897,333
2908,334
2918,335
2929,334
2939,334
2950,334
2960,334
2971,334
2981,333
2992,333
3002,333
3013,333
3023,333
3034,334
3044,333
3055,334
3065,333
3076,333
3086,333
3097,334
3107,333
3118,334
3128,333
3139,333
3149,334
3160,334
3170,334
3181,333
3191,333
3202,333
3212,333
3222,333
3233,334
3244,333
3254,333
3264,334
3275,334
3286,333
3296,333
3306,333
3317,333
3328,333
3338,333
3348,333
3359,333
3369,333
3380,333
3390,333
3401,335
3411,334
3422,334
3432,335
3443,334
3453,333
3464,333
3474,333
3485,334
3495,333
3506,333
3516,334
3527,333
3537,333
3548,333
3558,334
3569,333
3579,333
3590,334
3600,334
3611,334
3621,333
3632,334
3642,333
3653,334
3663,334
3674,333
3684,335
3695,333
3705,333
3716,333
3726,333
3737,333
3747,333
3758,333
3768,333
3779,333
3789,334
3800,333
3810,334
3821,333
3831,333
3842,333
3852,334
3863,334
3873,334
3884,335
3894,335
3905,334
3915,335
3926,334
3936,334
3946,334
3957,334
3968,335
3978,334
3988,334
3999,334
4009,334
4020,335
4030,334
4041,334
4051,334
4062,334
4072,334
4083,334
4093,334
4104,334
4114,334
4125,334
4135,334
4146,335
4156,334
4167,335
4177,334
4188,334
4198,335
4209,334
4219,334
4230,334
4240,334
4251,335
4261,334
4272,334
4282,334
4293,334
4303,334
4314,334
4324,334
4335,334
4345,334
4356,334
4366,334
4377,335
4387,334
4398,335
4408,335
4419,334
4429,334
4440,334
4450,334
4461,334
4471,334
4482,334
4492,334
4503,334
4513,333
4524,334
4534,334
4545,334
4555,334
4566,334
4576,334
4587,334
4597,334
4608,334
4618,334
4629,335
4639,335
4649,334
4660,335
4670,334
4681,334
4691,334
4702,334
4712,334
4723,334
4733,334
4744,334
4754,334
4765,334
4775,333
4786,334
4796,334
4807,334
4817,334
4828,334
4838,334
4849,334
4859,334
4870,334
4880,334
4891,334
4901,335
4912,334
4922,333
4933,334
4943,334
4954,334
4964,334
4975,334
4985,334
4996,334
5006,334
5017,334
5027,334
5038,334
5048,334
5059,334
5069,334
5080,334
5090,334
5101,334
5111,334
5122,335
5132,335
5143,334
5153,334
5164,334
5174,334
5185,334
5195,334
5206,334
5216,334
5227,334
5237,334
5248,334
5258,334
5269,334
5279,334
5289,334
5300,334
5311,334
5321,335
5331,334
5342,334
5352,334
5363,335
5373,334
5384,335
5394,334
5405,334
5415,335
5426,335
5436,334
5447,333
5457,334
5468,334
5478,334
5489,334
5499,334
5510,334
5520,334
5531,335
5541,334
5552,334
5562,334
5573,334
5583,334
5594,334
5604,334
5615,335
5625,335
5636,334
5646,334
5657,334
5667,334
5678,334
5688,333
5699,334
5709,333
5720,334
5730,334
5741,333
5751,333
5762,333
5772,333
5783,333
5793,333
5804,333
5814,333
5825,333
5835,333
5846,333
5856,334
5867,334
5877,334
5888,333
5898,334
5909,333
5919,333
5929,333
5940,334
5951,333
5961,333
5971,333
5982,334
5992,333
6003,333
6013,333
6024,333
6034,333
6045,333
6055,333
6066,333
6076,333
6087,333
6097,334
6108,334
6118,333
6129,334
6139,334
6150,333
6160,333
6171,333
6181,334
6192,333
6202,334
6213,333
6223,333
6234,334
6244,333
6255,334
6265,333
6276,333
6286,333
6297,333
6307,333
6318,333
6328,333
6339,333
6349,334
6360,334
6370,334
6381,333
6391,334
6402,333
6412,333
6423,334
6433,334
6444,333
6454,333
6465,334
6475,333
6486,333
6496,334
6507,333
6517,334
6528,333
6538,333
6549,334
6559,333
6569,333
6580,333
6591,333
6601,334
6611,333
6622,334
6633,334
6643,333
6653,333
6664,333
6675,333
6685,334
6695,334
6706,333
6716,333
6727,333
6737,333
6748,333
6758,334
6769,334
6779,333
6790,333
6800,334
6811,333
6821,333
6832,334
6842,333
6853,334
6863,335
6874,333
6884,334
6895,333
6905,333
6916,333
6926,333
6937,334
6947,333
6958,333
6968,334
6979,334
6989,333
7000,333
7010,333
7021,333
7031,334
7042,333
7052,334
7063,333
7073,333
7084,334
7094,334
7105,333
7115,334
7126,334
7136,333
7147,334
7157,333
7168,334
7178,333
7189,333
7199,333
7209,334
7220,333
7231,334
7241,333
7251,334
7262,334
7273,334
7283,333
7293,333
7304,333
7315,334
7325,333
7335,333
7346,334
7356,333
7367,334
7377,333
7388,334
7398,333
7409,333
7419,333
7430,333
7440,334
7451,333
7461,333
7472,334
7482,334
7493,333
7503,333
7514,334
7524,333
7535,334
7545,334
7556,333
7566,334
7577,334
7587,333
7598,334
7608,334
7619,334
7629,333
7640,333
7650,333
7661,333
7671,333
7682,334
7692,333
7703,333
7713,334
7724,334
7734,334
7745,333
7755,333
7766,334
7776,334
7787,333
7797,334
7808,333
7818,333
7829,333
7839,334
7849,334
7860,333
7871,334
7881,334
7891,333
7902,333
7913,333
7923,334
7933,334
7944,333
7954,333
7965,334
7975,333
7986,334
7996,333
8007,333
8017,334
8028,334
8038,334
8049,334
8059,334
8070,334
8080,335
8091,334
8101,335
8112,334
8122,334
8133,335
8143,334
8154,334
8164,334
8175,334
8185,334
8196,334
8206,334
8217,334
8227,334
8238,334
8248,334
8259,334
8269,334
8280,334
8290,334
8301,334
8311,334
8322,334
8332,335
8343,335
8353,334
8364,334
8374,334
8385,334
8395,334
8406,334
8416,334
8427,334
8437,334
8448,334
8458,334
8469,334
8479,334
8489,334
8500,334
8511,333
8521,334
8531,334
8542,334
8553,333
8563,335
8573,334
8584,335
8595,335
8605,334
8615,334
8626,334
8636,334
8647,334
8657,334
8668,334
8678,334
8689,334
8699,335
8710,333
8720,334
8731,334
8741,334
8752,334
8762,334
8773,334
8783,334
8794,334
8804,334
8815,334
8825,335
8836,334
8846,334
8857,334
8867,334
8878,334
8888,334
8899,334
8909,334
8920,334
8930,334
8941,334
8951,334
8962,334
8972,334
8983,334
8993,334
9004,334
9014,334
9025,334
9035,334
9046,334
9056,334
9067,334
9077,334
9088,335
9098,334
9109,335
9119,334
9129,334
9140,334
9151,334
9161,334
9171,334
9182,334
9193,334
9203,334
9213,335
9224,334
9235,334
9245,334
9255,334
9266,334
9276,334
9287,334
9297,334
9308,334
9318,335
9329,334
9339,334
9350,334
9360,334
9371,334
9381,334
9392,333
9402,334
9413,334
9423,333
9434,334
9444,333
9455,334
9465,334
9476,334
9486,334
9497,334
9507,334
9518,334
9528,334
9539,334
9549,335
9560,334
9570,334
9581,335
9591,334
9602,334
9612,334
9623,334
9633,334
9644,333
9654,334
9665,334
9675,334
9686,334
9696,334
9707,333
9717,335
9728,334
9738,334
9749,334
9759,334
9769,334
9780,334
9791,334
9801,334
9811,335
9822,334
9833,335
9843,334
9853,333
9864,334
9874,334
9885,334
9895,334
9906,334
9916,333
9927,333
9937,333
9948,333
9958,333
9969,333
9979,333
9990,333
10000,333
10011,333
10021,333
10032,334
10043,333
10053,334
10063,334
10074,334
10085,333
10095,333
10105,333
10117,333
10127,333
10137,333
10147,333
10159,333
10169,333
10179,333
10190,333
10201,334
10211,333
10222,334
10232,333
10243,333
10253,333
10264,333
10274,333
10285,333
10296,333
10306,334
10316,333
10327,334
10338,334
10348,334
10358,333
10370,333
10380,333
10390,333
10400,333
10412,333
10422,333
10432,333
10443,334
10454,333
10464,334
10475,333
10485,333
10496,333
10506,333
10517,333
10527,333
10537,333
10549,334
10559,333
10569,333
10579,333
10591,333
10601,333
10611,334
10622,334
10633,334
10643,333
10653,334
10664,333
10675,333
10685,333
10696,333
10706,333
10717,334
10727,333
10738,333
10748,334
10759,333
10770,333
10780,334
10790,333
10802,333
10812,333
10822,333
10832,334
10844,334
10854,334
10864,333
10875,333
10886,334
10896,334
10906,334
10917,334
10928,334
10938,333
10949,333
10959,333
10970,333
10980,334
10991,333
11001,333
11012,333
11023,334
11033,333
11043,333
11054,334
11065,333
11075,333
11085,333
11097,334
11107,333
11117,333
11128,334
11139,333
11149,334
11159,333
11170,334
11181,334
11191,333
11202,334
11212,333
11223,334
11233,333
11244,333
11254,333
11265,334
11276,333
11286,333
11296,333
11307,333
11318,333
11328,334
11338,334
11350,334
11360,333
11370,333
11380,333
11392,334
11402,333
11412,334
11423,333
11433,333
11444,334
11455,333
11465,333
11475,334
11486,333
11497,334
11507,333
11517,333
11529,334
11539,333
11549,333
11559,333
11571,333
11581,334
11591,334
11602,333
11613,334
11623,334
11633,334
11644,333
11655,333
11665,334
11676,333
11686,333
11697,334
11707,334
11718,334
11728,333
11739,333
11750,333
11760,333
11770,333
11782,333
11792,333
11802,333
11812,334
11824,333
11834,334
11844,334
11855,333
11866,333
11876,333
11886,333
11897,333
11908,333
11918,333
11929,333
11939,333
11950,333
11960,333
11971,334
11981,334
11992,334
12003,333
12013,334
12023,333
12034,334
12045,334
12055,334
12065,334
12077,333
12087,333
12097,334
12107,333
12119,334
12129,334
12139,333
12150,333
12161,334
12171,333
12182,334
12192,333
12203,333
12213,333
12224,333
12234,333
12244,334
12256,334
12266,334
12276,333
12286,333
12298,333
12308,333
12318,333
12329,334
12340,333
12350,333
12360,334
12371,333
12382,334
12392,333
12403,333
12413,333
12424,333
12434,333
12445,333
12455,333
12466,333
12477,334
12487,334
12497,333
12509,334
12519,334
12529,334
12539,333
12551,334
12561,334
12571,334
12582,334
12593,334
12603,334
12613,334
12624,333
12635,333
12645,334
12656,333
12666,333
12677,333
12687,334
12698,333
12708,333
12719,333
12730,334
12740,334
12750,334
12761,333
12772,333
12782,334
12792,335
12804,334
12814,334
12824,334
12835,334
12846,334
12856,334
12866,334
12877,334
12888,334
12898,334
12909,334
12919,334
12930,334
12940,333
12951,334
12961,334
12972,334
12983,334
12993,333
13003,334
13014,334
13025,334
13035,334
13045,334
13057,334
13067,335
13077,335
13088,334
13099,335
13109,334
13119,334
13130,334
13140,334
13151,334
13162,334
13172,334
13182,334
13193,334
13204,334
13214,333
13224,334
13236,334
13246,334
13256,334
13266,334
13278,334
13288,334
13298,334
13309,334
13320,333
13330,334
13340,334
13351,335
13362,335
13372,334
13383,334
13393,335
13404,334
13415,334
13425,334
13435,334
13446,334
13457,334
13467,334
13477,334
13489,334
13499,335
13509,334
13519,334
13531,334
13541,334
13551,334
13562,334
13573,333
13583,334
13593,334
13604,334
13615,335
13625,334
13636,334
13646,334
13657,334
13667,334
13678,335
13688,334
13699,334
13710,334
13720,334
13730,334
13741,334
13752,334
13762,334
13772,334
13784,334
13794,334
13804,334
13815,335
13826,334
13836,334
13846,334
13857,334
13868,334
13878,334
13889,335
13899,335
13910,334
13920,335
13931,334
13941,334
13952,334
13963,334
13973,334
13983,334
13993,334
14005,334
14015,334
14025,334
14036,333
14047,334
14057,334
14068,334
14078,334
14089,334
14099,334
14110,334
14120,335
14131,334
14142,334
14152,334
14162,335
14173,335
14184,334
14194,334
14204,334
14216,335
14226,334
14236,334
14246,335
14258,334
14268,334
14278,334
14289,334
14300,334
14310,334
14320,334
14331,334
14342,334
14352,334
14363,334
14373,334
14384,333
14394,334
14405,334
14415,334
14426,335
14437,335
14447,335
14457,334
14469,334
14479,334
14489,334
14499,334
14511,334
14521,334
14531,335
14542,334
14553,334
14563,334
14573,334
14584,334
14595,334
14605,334
14616,334
14626,334
14637,334
14647,334
14658,334
14668,334
14679,334
14690,334
14700,334
14710,335
14721,335
14732,335
14742,335
14752,334
14764,334
14774,334
14784,334
14795,335
14806,334
14816,334
14826,334
14837,334
14848,334
14858,333
14869,333
14879,334
14889,334
14900,334
14911,334
14921,334
14931,334
14943,334
14953,333
14963,334
14973,334
14985,334
14995,335
15005,335
15016,334
15027,334
15037,334
15047,334
15058,334
15069,334
15079,334
15090,334
15100,334
15111,334
15122,334
15132,334
15142,334
15153,334
15164,334
15174,334
15184,334
15196,334
15206,333
15216,334
15226,334
15238,334
15248,334
15258,334
15269,334
15280,334
15290,334
15300,333
15311,334
15322,333
15332,333
15343,333
15353,334
15364,334
15375,334
15385,333
15395,333
15406,333
15417,334
15427,334
15437,334
15449,333
15459,333
15469,333
15479,334
15491,333
15501,334
15511,334
15522,333
15533,334
15543,333
15553,334
15564,334
15575,333
15585,333
15596,334
15606,333
15617,334
15627,333
15638,334
15648,333
15659,334
15670,333
15680,334
15690,333
15702,333
15712,334
15722,333
15732,333
15744,334
15754,333
15764,334
15775,333
15785,333
15796,333
15806,333
15817,333
15827,334
15838,334
15849,334
15859,334
15869,333
15880,334
15891,333
15901,334
15911,333
15923,333
15933,334
15943,333
15953,333
15965,334
15975,334
15985,333
15996,334
16007,333
16017,333
16028,334
16038,334
16049,333
16059,334
16070,333
16080,334
16091,334
16102,333
16112,334
16122,334
16133,333
16144,333
16154,334
16164,333
16176,334
16186,334
16196,334
16206,333
16218,333
16228,333
16238,333
16249,333
16260,334
16270,334
16281,334
16291,333
16302,334
16312,333
16323,334
16333,333
16344,334
16355,334
16365,333
16375,334
16386,333
16397,335
16407,333
16417,333
16429,334
16439,333
16449,333
16459,333
16471,333
16481,334
16491,333
16502,333
16513,333
16523,333
16533,333
16544,333
16555,333
16565,333
16576,333
16586,333
16596,334
16608,333
16618,333
16628,335
16638,334
16650,333
16660,333
16670,334
16681,333
16692,333
16702,333
16712,333
16723,334
16734,333
16744,334
16755,333
16765,333
16776,334
16786,333
16797,333
16807,333
16818,333
16829,333
16839,333
16849,333
16860,333
16871,333
16881,334
16891,333
16903,334
16913,334
16923,333
16934,333
16945,334
16955,333
16965,334
16976,333
16987,333
16997,334
17008,333
17018,333
17029,334
17039,333
17050,333
17060,334
17071,334
17082,333
17092,333
17102,334
17113,333
17124,333
17134,333
17144,334
17156,333
17166,334
17176,335
17186,334
17198,334
17208,333
17218,334
17229,333
17240,333
17250,333
17260,334
17271,334
17282,333
17292,334
17303,333
17313,333
17324,333
17335,333
17345,333
17355,334
17366,334
17377,333
17387,333
17397,334
17409,333
17419,333
17429,334
17439,334
17451,334
17461,335
17471,334
17482,334
17492,334
17503,334
17513,334
17524,333
17534,334
17545,334
17556,333
17566,335
17576,334
17587,334
17598,334
17608,334
17618,334
17630,334
17640,334
17650,334
17661,334
17672,334
17682,334
17692,334
17703,333
17714,334
17724,335
17735,335
17745,334
17756,334
17766,334
17777,334
17787,334
17798,334
17809,334
17819,334
17829,334
17840,334
17851,333
17861,334
17871,334
17883,334
17893,334
17903,333
17913,334
17925,334
17935,334
17945,334
17956,334
17967,334
17977,334
17988,334
17998,334
18009,335
18019,334
18030,334
18040,334
18051,334
18062,335
18072,334
18082,333
18093,334
18104,334
18114,334
18124,333
18136,334
18146,334
18156,334
18166,334
18178,334
18188,334
18198,334
18209,334
18220,334
18230,334
18240,334
18251,334
18262,334
18272,334
18283,335
18293,335
18304,334
18315,334
18325,334
18335,334
18345,333
18357,334
18367,334
18377,335
18388,334
18399,333
18409,334
18419,334
18430,334
18441,334
18451,333
18462,334
18472,333
18483,334
18493,334
18504,334
18514,334
18525,334
18536,334
18546,334
18556,335
