99,530
110,531
120,530
131,530
141,530
151,531
162,532
173,531
183,532
193,530
203,530
215,530
225,530
235,530
245,530
256,530
267,530
277,530
287,530
297,530
308,530
319,530
329,531
339,530
350,530
360,532
371,530
381,531
392,531
402,530
412,532
423,529
434,530
444,530
454,530
465,531
476,530
486,530
496,531
506,530
518,530
528,531
538,530
548,530
559,530
570,531
580,531
590,530
601,531
611,530
622,530
632,531
643,530
653,530
663,530
674,530
685,530
695,530
705,530
715,530
727,531
737,530
747,531
757,530
768,530
779,532
789,530
799,531
809,531
820,530
831,530
841,530
851,530
862,531
873,530
883,530
893,530
904,530
914,531
925,530
935,530
946,531
956,530
966,530
977,530
988,531
998,531
1008,530
1018,530
1030,531
1040,530
1050,530
1060,531
1072,530
1082,530
1092,530
1102,530
1114,531
1124,530
1134,530
1144,530
1156,530
1166,530
1176,530
1186,530
1198,531
1208,531
1218,531
1228,531
1240,531
1250,531
1260,530
1270,530
1282,531
1292,530
1302,530
1312,531
1324,530
1334,530
1344,531
1354,530
1366,530
1376,530
1386,530
1396,531
1408,529
1418,530
1428,530
1438,531
1449,530
1460,531
1470,531
1480,530
1491,531
1502,530
1512,530
1522,530
1532,530
1544,530
1554,530
1564,531
1574,530
1586,530
1596,530
1606,530
1616,530
1628,530
1638,530
1648,530
1658,530
1670,530
1680,531
1690,531
1700,531
1712,531
1722,530
1732,530
1742,530
1754,530
1764,530
1774,531
1784,530
1796,531
1806,530
1816,530
1826,531
1838,529
1848,530
1858,530
1868,530
1880,531
1890,530
1900,531
1910,531
1922,531
1932,530
1942,530
1952,530
1964,531
1974,530
1984,530
1994,531
2006,530
2016,530
2026,530
2036,530
2048,531
2058,530
2068,530
2078,530
2089,530
2100,530
2110,531
2120,531
2131,531
2142,531
2152,530
2162,531
2173,529
2184,531
2194,530
2204,530
2214,530
2226,530
2236,530
2246,530
2256,530
2268,530
2278,530
2288,530
2298,530
2310,531
2320,530
2330,530
2340,530
2352,530
2362,532
2372,530
2382,531
2394,530
2404,530
2414,530
2424,530
2436,530
2446,531
2456,530
2466,530
2478,530
2488,529
2498,530
2508,530
2520,530
2530,530
2540,530
2550,530
2562,530
2572,530
2582,530
2592,531
2604,531
2614,531
2624,530
2634,529
2646,531
2656,530
2666,530
2676,531
2688,530
2698,531
2708,530
2718,530
2729,530
2740,530
2750,530
2760,530
2771,530
2782,530
2792,530
2802,531
2813,531
2824,531
2834,530
2844,531
2854,530
2866,530
2876,530
2886,530
2896,530
2908,530
2918,530
2928,531
2938,530
2950,530
2960,530
2970,530
2980,531
2992,530
3002,530
3012,531
3022,530
3034,530
3044,531
3054,530
3064,531
3076,530
3086,530
3096,530
3106,530
3118,530
3128,531
3138,530
3148,530
3160,530
3170,530
3180,531
3190,530
3202,530
3212,530
3222,530
3232,530
3244,530
3254,530
3264,531
3274,531
3286,531
3296,531
3306,530
3316,530
3328,530
3338,530
3348,531
3358,530
3369,530
3380,530
3390,530
3400,530
3411,531
3422,530
3432,530
3442,530
3452,530
3464,530
3474,530
3484,531
3494,531
3506,530
3516,531
3526,530
3536,530
3548,530
3558,530
3568,530
3578,531
3590,530
3600,530
3610,531
3620,530
3632,530
3642,530
3652,530
3662,531
3674,530
3684,530
3694,531
3704,530
3716,531
3726,530
3736,531
3746,531
3758,530
3768,530
3778,531
3788,529
3800,530
3810,530
3820,530
3830,531
3842,530
3852,530
3862,530
3872,530
3884,530
3894,530
3904,530
3914,530
3926,530
3936,531
3946,531
3956,531
3968,530
3978,530
3988,530
3998,530
4009,531
4020,530
4030,531
4040,530
4050,530
4062,531
4072,529
4082,531
4092,530
4104,530
4114,530
4124,530
4134,530
4146,530
4156,530
4166,531
4176,532
4188,530
4198,531
4208,530
4218,530
4230,530
4240,531
4250,530
4260,531
4272,530
4282,530
4292,530
4302,530
4314,530
4324,530
4334,530
4344,531
4356,530
4366,530
4376,530
4386,530
4398,532
4408,531
4418,531
4428,530
4440,530
4450,530
4460,530
4470,530
4482,530
4492,530
4502,530
4512,530
4524,530
4534,530
4544,531
4554,530
4566,531
4576,531
4586,530
4596,531
4608,530
4618,531
4628,531
4638,531
4648,531
4660,530
4670,530
4680,530
4690,530
4702,530
4712,530
4722,530
4732,530
4744,531
4754,531
4764,530
4774,530
4786,530
4796,530
4806,530
4816,530
4828,531
4838,530
4848,531
4858,531
4870,530
4880,532
4890,530
4900,530
4912,531
4922,530
4932,530
4942,530
4954,530
4964,530
4974,530
4984,530
4996,531
5006,530
5016,530
5026,531
5038,530
5048,530
5058,531
5068,530
5080,531
5090,530
5100,531
5110,531
5122,530
5132,530
5142,530
5152,531
5164,531
5174,529
5184,530
5194,531
5206,529
5216,530
5226,530
5236,530
5246,530
5258,530
5268,531
5278,530
5288,530
5300,530
5310,531
5320,531
5330,531
5342,530
5352,530
5362,531
5372,529
5384,530
5394,531
5404,530
5414,531
5426,530
5436,530
5446,531
5456,530
5468,531
5478,530
5488,530
5498,530
5510,530
5520,530
5530,531
5540,531
5552,531
5562,532
5572,531
5582,530
5594,531
5604,530
5614,530
5624,530
5636,529
5646,531
5656,530
5666,530
5678,530
5688,530
5698,530
5708,530
5720,530
5730,530
5740,530
5750,531
5762,531
5772,531
5782,531
5792,530
5804,530
5814,530
5824,530
5834,530
5844,531
5856,530
5866,530
5876,530
5886,530
5898,531
5908,530
5918,530
5928,530
5940,530
5950,530
5960,530
5970,530
5982,531
5992,531
6002,530
6012,531
6024,530
6034,531
6044,530
6054,530
6066,530
6076,530
6086,530
6096,530
6108,530
6118,529
6128,531
6138,530
6150,530
6160,531
6170,530
6180,530
6192,530
6202,530
6212,531
6222,530
6234,530
6244,531
6254,531
6264,531
6276,530
6286,530
6296,530
6306,530
6318,530
6328,530
6338,530
6348,530
6360,530
6370,530
6380,530
6390,530
6402,530
6412,531
6422,530
6432,530
6444,530
6454,529
6464,530
6474,530
6486,531
6496,531
6506,531
6516,530
6526,530
6538,530
6548,530
6558,530
6568,530
6580,530
6590,530
6600,529
6610,530
6622,530
6632,530
6642,531
6652,530
6664,530
6674,530
6684,530
6694,531
6706,531
6716,530
6726,532
6736,530
6748,530
6758,530
6768,530
6778,530
6790,530
6800,530
6810,531
6820,530
6832,530
6842,529
6852,530
6862,530
6874,530
6884,530
6894,531
6904,530
6916,530
6926,532
6936,530
6946,531
6958,530
6968,530
6978,531
6988,530
7000,530
7010,530
7020,530
7030,530
7042,530
7052,530
7062,530
7072,530
7084,530
7094,531
7104,530
7114,530
7124,530
7136,530
7146,530
7156,530
7166,531
7178,530
7188,531
7198,530
7208,531
7220,530
7230,530
7240,530
7250,529
7262,531
7272,530
7282,530
7292,531
7304,530
7314,531
7324,530
7334,530
7346,530
7356,530
7366,530
7376,530
7388,531
7398,531
7408,531
7418,530
7430,530
7440,530
7450,530
7460,531
7472,530
7482,530
7492,530
7502,530
7514,530
7524,530
7534,530
7544,531
7556,530
7566,530
7576,530
7586,530
7598,531
7608,531
7618,530
7628,531
7640,530
7650,530
7660,530
7670,530
7682,530
7692,530
7702,530
7712,531
7724,531
7734,530
7744,531
7754,530
7766,530
7776,530
7786,530
7796,530
7806,530
7818,530
7828,531
7838,530
7848,531
7860,531
7870,531
7880,531
7890,530
7902,530
7912,531
7922,530
7932,530
7944,530
7954,530
7964,530
7974,531
7986,530
7996,530
8006,530
8016,530
8028,532
8038,530
8048,530
8058,531
8070,530
8080,531
8090,531
8100,530
8112,531
8122,530
8132,531
8142,531
8154,530
8164,530
8174,530
8184,530
8196,531
8206,530
8216,530
8226,531
8238,530
8248,530
8258,530
8268,530
8280,531
8290,531
8300,530
8310,531
8322,530
8332,530
8342,531
8352,530
8364,531
8374,530
8384,530
8394,531
8406,530
8416,530
8426,530
8436,530
8448,530
8458,530
8468,530
8478,530
8488,530
8500,530
8510,531
8520,531
8530,531
8542,531
8552,531
8562,531
8572,529
8584,530
8594,530
8604,530
8614,530
8626,531
8636,530
8646,530
8656,530
8668,530
8678,531
8688,530
8698,530
8710,530
8720,530
8730,530
8740,530
8752,531
8762,530
8772,531
8782,530
8794,531
8804,530
8814,530
8824,530
8836,530
8846,530
8856,530
8866,530
8878,531
8888,529
8898,530
8908,530
8920,530
8930,530
8940,530
8950,530
8962,531
8972,531
8982,530
8992,531
9004,530
9014,531
9024,530
9034,530
9046,530
9056,530
9066,530
9076,530
9086,530
9098,530
9108,530
9118,530
9128,531
9140,530
9150,530
9160,531
9170,529
9182,530
9192,530
9202,530
9212,532
9224,530
9234,532
9244,531
9254,530
9266,531
9276,530
9286,530
9296,531
9308,530
9318,530
9328,530
9338,530
9350,530
9360,530
9370,530
9380,530
9392,530
9402,530
9412,530
9422,530
9434,531
9444,531
9454,531
9464,530
9476,530
9486,530
9496,530
9506,530
9518,530
9528,530
9538,530
9548,530
9560,530
9570,530
9580,530
9590,530
9602,530
9612,531
9622,530
9632,530
9644,531
9654,530
9664,531
9674,531
9686,531
9696,531
9706,530
9716,530
9728,531
9738,530
9748,530
9758,530
9769,530
9780,531
9790,530
9800,530
9810,531
9822,529
9832,530
9842,531
9852,530
9864,530
9874,530
9884,531
9894,531
9906,531
9916,530
9926,531
9936,530
9948,530
9958,531
9968,529
9978,531
9990,530
10000,530
10010,531
10021,530
10032,531
10042,530
10052,530
10063,530
10074,530
10084,530
10095,530
10105,530
10116,530
10126,531
10137,530
10147,530
10158,531
10169,531
10179,531
10189,530
10200,530
10211,531
10221,530
10231,530
10243,530
10253,530
10263,530
10273,530
10285,530
10295,531
10305,530
10316,530
10327,531
10337,529
10348,530
10358,530
10369,530
10379,532
10390,530
10400,531
10411,531
10422,530
10432,530
10442,530
10452,530
10464,530
10474,530
10484,530
10496,530
10506,530
10516,530
10526,530
10537,530
10548,530
10558,530
10569,530
10579,530
10590,530
10600,530
10611,530
10621,531
10632,530
10643,531
10653,531
10663,531
10675,530
10685,529
10695,531
10705,530
10717,530
10727,531
10737,530
10748,531
10759,530
10769,530
10779,531
10790,530
10801,530
10811,530
10822,530
10832,529
10843,530
10853,530
10864,530
10874,530
10885,530
10896,532
10906,530
10916,530
10927,531
10938,530
10948,530
10958,530
10970,530
10980,530
10990,530
11000,530
11012,530
11022,530
11032,529
11043,531
11054,529
11064,530
11075,530
11085,530
11096,531
11106,529
11117,530
11127,531
11138,531
11149,531
11159,530
11169,530
11180,530
11191,530
11201,530
11211,530
11223,530
11233,530
11243,531
11253,530
11265,530
11275,531
11285,530
11296,530
11307,530
11317,530
11327,530
11338,530
11348,530
11359,530
11370,530
11380,530
11390,531
11402,530
11412,531
11422,530
11432,530
11444,531
11454,529
11464,530
11475,530
11486,530
11496,531
11506,530
11517,530
11528,531
11538,530
11549,530
11559,531
11570,530
11580,530
11591,530
11601,529
11612,531
11623,530
11633,531
11643,531
11654,530
11665,531
11675,530
11685,530
11697,530
11707,530
11717,530
11728,531
11739,530
11749,530
11759,531
11770,530
11781,530
11791,531
11802,530
11812,531
11823,530
11833,530
11844,531
11854,530
11865,530
11876,531
11886,531
11896,530
11907,531
11918,531
11928,531
11938,530
11950,530
11960,531
11970,530
11981,530
11992,531
12002,530
12012,530
12023,530
12034,530
12044,531
12055,530
12065,530
12076,530
12086,530
12097,530
12107,530
12118,530
12129,532
12139,530
12149,531
12160,531
12171,530
12181,531
12191,530
12203,530
12213,531
12223,530
12233,530
12244,530
12255,530
12265,530
12276,530
12286,530
12297,530
12308,530
12318,530
12328,531
12339,530
12350,530
12360,531
12370,529
12382,531
12392,531
12402,531
12412,531
12424,530
12434,530
12444,530
12455,530
12466,530
12476,531
12486,530
12497,530
12508,530
12518,530
12529,531
12539,530
