65759,1.0662
65771,1.0629
65781,1.0726
65792,1.0702
65803,1.0702
65812,1.0694
65824,1.0694
65834,1.0710
65845,1.0670
65856,1.0678
65865,1.0702
65877,1.0702
65886,1.0678
65898,1.0702
65909,1.0662
65918,1.0662
65930,1.0662
65939,1.0702
65951,1.0645
65960,1.0629
65962,1.0662
65973,1.0678
65982,1.0702
65994,1.0718
66003,1.0702
66015,1.0662
66025,1.0694
66036,1.0710
66047,1.0694
66056,1.0702
66068,1.0694
66078,1.0662
66089,1.0694
66100,1.0702
66109,1.0613
66121,1.0686
66130,1.0662
66142,1.0686
66153,1.0678
66162,1.0702
66174,1.0653
66184,1.0589
66195,1.0694
66206,1.0629
66215,1.0613
66227,1.0621
66236,1.0629
66248,1.0653
66259,1.1113
66268,1.1612
66280,1.2112
66290,1.2982
66301,1.3716
66312,1.4191
66321,1.4594
66333,1.4723
66342,1.4731
66354,1.4393
66365,1.4272
66374,1.4062
66386,1.4038
66395,1.4054
66407,1.4014
66418,1.3974
66427,1.3788
66439,1.3466
66448,1.3450
66460,1.3466
66471,1.3385
66480,1.3466
66492,1.3538
66501,1.3490
66513,1.3538
66523,1.3530
66534,1.3458
66545,1.3530
66554,1.3611
66566,1.3579
66576,1.3514
66587,1.3538
66598,1.3547
66607,1.3555
66619,1.3538
66629,1.3555
66640,1.3498
66651,1.3555
66660,1.3530
66672,1.3538
66682,1.3547
66693,1.3538
66704,1.3627
66713,1.3555
66725,1.3538
66734,1.3579
66746,1.3538
66757,1.3538
66766,1.3563
66778,1.3538
66788,1.3538
66799,1.3587
66810,1.3619
66819,1.3530
66831,1.3538
66840,1.3530
66852,1.3530
66863,1.3547
66872,1.3547
66884,1.3538
66893,1.3587
66905,1.3538
66915,1.3547
66926,1.3571
66937,1.3522
66946,1.3538
66958,1.3466
66969,1.3538
66978,1.3538
66990,1.3563
66999,1.3595
67011,1.3538
67021,1.3579
67032,1.3547
67043,1.3563
67052,1.3579
67064,1.3490
67074,1.3538
67085,1.3530
67096,1.3547
67105,1.3579
67117,1.3547
67127,1.3490
67138,1.3522
67149,1.3547
67158,1.3563
67170,1.3538
67180,1.3522
67191,1.3538
67202,1.3563
67211,1.3587
67223,1.3547
67232,1.3555
67244,1.3587
67255,1.3547
67264,1.3538
67276,1.3547
67285,1.3587
67297,1.3538
67307,1.3514
67317,1.3635
67329,1.3547
67338,1.3530
67350,1.3579
67361,1.3547
67370,1.3587
67382,1.3538
67391,1.3547
67403,1.3547
67413,1.3538
67424,1.3538
67435,1.3498
67444,1.3571
67456,1.3547
67466,1.3563
67477,1.3538
67488,1.3547
67497,1.3571
67509,1.3530
67519,1.3587
67530,1.3555
67541,1.3563
67550,1.3595
67562,1.3538
67572,1.3555
67583,1.3563
67594,1.3490
67603,1.3579
67615,1.3538
67624,1.3587
67636,1.3538
67647,1.3538
67656,1.3571
67668,1.3563
67678,1.3555
67689,1.3563
67700,1.3587
67709,1.3522
67721,1.3547
67730,1.3547
67742,1.3587
67753,1.3538
67762,1.3547
67774,1.3547
67783,1.3579
67795,1.3538
67805,1.3555
67816,1.3587
67827,1.3563
67836,1.3595
67848,1.3595
67859,1.3563
67868,1.3538
67880,1.3538
67889,1.3555
67901,1.3538
67911,1.3579
67922,1.3538
67933,1.3563
67942,1.3555
67954,1.3579
67964,1.3563
67975,1.3579
67986,1.3530
67995,1.3659
68007,1.3538
68016,1.3538
68028,1.3555
68039,1.3538
68048,1.3538
68060,1.3579
68070,1.3538
68081,1.3579
68092,1.3514
68101,1.3482
68113,1.3587
68122,1.3563
68134,1.3547
68145,1.3595
68154,1.3538
68166,1.3522
68175,1.3538
68187,1.3547
68196,1.3547
68198,1.3522
68209,1.3538
68218,1.3538
68230,1.3538
68239,1.3587
68251,1.3547
68261,1.3571
68272,1.3547
68283,1.3522
68292,1.3547
68304,1.3555
68314,1.3538
68325,1.3595
68336,1.3555
68345,1.3555
68357,1.4207
68367,1.3571
68378,1.3538
68389,1.3547
68398,1.3595
68410,1.3538
68420,1.3595
68431,1.3555
68442,1.3579
68451,1.3555
68463,1.3547
68472,1.3547
68484,1.3538
68495,1.3579
68504,1.3530
68516,1.3563
68526,1.3547
68537,1.3555
68548,1.3547
68557,1.3538
68569,1.3579
68579,1.3547
68590,1.3538
68601,1.3587
68610,1.3555
68622,1.3563
68632,1.3563
68643,1.3547
68654,1.3563
68663,1.3563
68675,1.3538
68684,1.3538
68696,1.3530
68707,1.3547
68716,1.3547
68728,1.3538
68737,1.3555
68749,1.3563
68760,1.3587
68769,1.3627
68781,1.3530
68790,1.3547
68802,1.3555
68813,1.3627
68823,1.3538
68834,1.3563
68843,1.3514
68855,1.3538
68865,1.3547
68876,1.3595
68887,1.3547
68896,1.3547
68908,1.3563
68917,1.3530
68919,1.3538
68929,1.3538
68940,1.3611
68951,1.3555
68960,1.3538
68972,1.3587
68981,1.3563
68993,1.3547
69004,1.3538
69013,1.3547
69025,1.3579
69035,1.3538
69046,1.3555
69057,1.3498
69066,1.3538
69078,1.3538
69087,1.3538
69099,1.3538
69110,1.3498
69119,1.3579
69131,1.3490
69140,1.3538
69152,1.3547
69163,1.3498
69173,1.3522
69184,1.3530
69193,1.3538
69205,1.3538
69216,1.3627
69225,1.3538
69237,1.3530
69247,1.3538
69258,1.3619
69269,1.3530
69278,1.3579
69290,1.3555
69299,1.3627
69311,1.3538
69322,1.3643
69331,1.3547
69343,1.3538
69352,1.3538
69364,1.3563
69375,1.3587
69384,1.3538
69396,1.3506
69405,1.3547
69417,1.3514
69428,1.3563
69437,1.3538
69449,1.3538
69458,1.3538
69470,1.3538
69480,1.3595
69491,1.3547
69502,1.3563
69511,1.3530
69523,1.3547
69533,1.3514
69544,1.3530
69555,1.3538
69564,1.3547
69576,1.3555
69586,1.3538
69597,1.3530
69608,1.3538
69617,1.3538
69629,1.3547
69639,1.3522
69650,1.3538
69661,1.3587
69670,1.3555
69682,1.3611
69691,1.3595
69703,1.3538
69714,1.3587
69723,1.3547
69735,1.3538
69745,1.3563
69756,1.3530
69767,1.3538
69776,1.3595
69788,1.3538
69797,1.3555
69809,1.3555
69820,1.3538
69829,1.3538
69841,1.3538
69850,1.3547
69862,1.3547
69872,1.3538
69883,1.3538
69894,1.3522
69903,1.3619
69915,1.3538
69926,1.3579
69935,1.3555
69947,1.3587
69956,1.3587
69968,1.3538
69978,1.3611
69989,1.3579
70000,1.3555
70009,1.3555
70021,1.3514
70031,1.3522
70042,1.3538
70053,1.3547
70062,1.3538
70074,1.3547
70084,1.3619
70095,1.3587
70106,1.3538
70115,1.3136
70127,1.1830
70137,1.0444
70148,0.9227
70159,0.9211
70168,1.0259
70180,1.1564
70189,1.2354
70201,1.2652
70212,1.1911
70221,1.1330
70233,1.0678
70243,1.0315
70254,1.0130
70265,1.0581
70274,1.1064
70286,1.1717
70296,1.2193
70307,1.1717
70318,1.1266
70327,1.1081
70339,1.0871
70349,1.0960
70360,1.1089
70371,1.1218
70380,1.1145
70392,1.0984
70402,1.0984
70413,1.0960
70424,1.0960
70433,1.0960
70445,1.0960
70454,1.0992
70466,1.0944
70477,1.0960
70486,1.1073
70498,1.0976
70507,1.0960
70519,1.1016
70530,1.0992
70539,1.0984
70551,1.0976
70560,1.1008
70572,1.0968
70583,1.1008
70592,1.1000
70604,1.0976
70614,1.0944
70625,1.0984
70636,1.0984
70645,1.0992
70657,1.0960
70667,1.0976
70678,1.0960
70689,1.0984
70698,1.1000
70710,1.0968
70720,1.0855
70731,1.0976
70742,1.0992
70751,1.1016
70763,1.1008
70773,1.0960
70784,1.1000
70795,1.0984
70804,1.0992
70816,1.0968
70825,1.0976
70837,1.0968
70848,1.0968
70857,1.1016
70869,1.1032
70879,1.0992
70890,1.1032
70901,1.0960
70910,1.0911
70922,1.0960
70931,1.0968
70943,1.0968
70954,1.0919
70963,1.0992
70975,1.0976
70985,1.1000
70996,1.0976
71007,1.0952
71016,1.0968
71028,1.1008
71037,1.1000
71049,1.0984
71060,1.1000
71069,1.1000
71081,1.1040
71090,1.0968
71102,1.0984
71113,1.1016
71122,1.1081
71134,1.0992
71143,1.1016
71155,1.1000
71166,1.0944
71175,1.0960
71187,1.0960
71196,1.1032
71208,1.0984
71219,1.0968
71228,1.0976
71240,1.0984
71250,1.1040
71261,1.0968
71272,1.0952
71281,1.0968
71293,1.0984
71302,1.0960
71314,1.0976
71325,1.0968
71334,1.1000
71346,1.0960
71356,1.0960
71367,1.0839
71378,1.0984
71387,1.0984
71399,1.0960
71408,1.0960
71420,1.0960
71431,1.1000
71440,1.1105
71452,1.0984
71462,1.0984
71473,1.1000
71484,1.1048
71493,1.0976
71505,1.0960
71514,1.0960
71526,1.1016
71537,1.0968
71546,1.0984
71558,1.0960
71567,1.1048
71579,1.0960
71590,1.0960
71599,1.0960
71611,1.0976
71621,1.0960
71632,1.0968
71643,1.0976
71652,1.0968
71664,1.0968
71673,1.1040
71685,1.1000
71696,1.1000
71705,1.0976
71717,1.1008
71727,1.1693
71738,1.0984
71749,1.0960
71758,1.0984
71770,1.0952
71779,1.0960
71791,1.0984
71802,1.0968
71811,1.0976
71823,1.0968
71833,1.1040
71844,1.1008
71855,1.0944
71864,1.1016
71876,1.0936
71886,1.0968
71897,1.0960
71908,1.0984
71917,1.0984
71929,1.0960
71939,1.0936
71950,1.0968
71961,1.1000
71970,1.0968
71982,1.0968
71992,1.1073
72003,1.0944
72014,1.0960
72023,1.0960
72035,1.0960
72044,1.0992
72056,1.0960
72067,1.0960
72076,1.1032
72088,1.1048
72098,1.0968
72109,1.0984
72120,1.0968
72129,1.0944
72141,1.1016
72151,1.1097
72162,1.1016
72173,1.0976
72182,1.0976
72194,1.1000
72204,1.0976
72215,1.1000
72226,1.0976
72235,1.0960
72247,1.1218
72257,1.1008
72268,1.0952
72279,1.0976
72288,1.1032
72300,1.0960
72310,1.0960
72321,1.0968
72332,1.1016
72341,1.0960
72353,1.1008
72363,1.0960
72374,1.0976
72385,1.0984
72394,1.0968
72406,1.0976
72415,1.1073
72427,1.0944
72438,1.0984
72447,1.1048
72459,1.1000
72469,1.1000
72480,1.0960
72491,1.1016
72500,1.0976
72512,1.1048
72522,1.0960
72533,1.0984
72544,1.0952
72553,1.1008
72565,1.0992
72575,1.1016
72586,1.0968
72597,1.1000
72606,1.0960
72618,1.0960
72628,1.1008
72639,1.0976
72650,1.1016
72659,1.1024
72671,1.0968
72680,1.0984
72692,1.1032
72703,1.1008
72712,1.0960
72724,1.1008
72734,1.0976
72745,1.0984
72756,1.0992
72765,1.0968
72777,1.0976
72787,1.1000
72798,1.0960
72809,1.0919
72818,1.0968
72830,1.1000
72840,1.0968
72851,1.0968
72862,1.0952
72871,1.1016
72883,1.0952
72893,1.1032
72904,1.0968
72915,1.0968
72924,1.0984
72936,1.0984
72946,1.0952
72957,1.1008
72968,1.0960
72977,1.0992
72989,1.0944
72999,1.0984
73010,1.0968
73021,1.1032
73030,1.0960
73042,1.0960
73052,1.0976
73063,1.0968
73074,1.0976
73083,1.0984
73095,1.1032
73105,1.1016
73116,1.0976
73127,1.0968
73136,1.1064
73148,1.1016
73158,1.0968
73169,1.0952
73180,1.1000
73189,1.1048
73201,1.0871
73211,1.1024
73222,1.1008
73233,1.0960
73242,1.0984
73254,1.1064
73264,1.0960
73275,1.0968
73286,1.1000
73295,1.0960
73307,1.1040
73317,1.1218
73328,1.1000
73339,1.0976
73348,1.0968
73360,1.0960
73370,1.0960
73381,1.0984
73392,1.0976
73401,1.1000
73413,1.0960
73423,1.1064
73434,1.1008
73445,1.0976
73454,1.0976
73466,1.0968
73476,1.0984
73487,1.1008
73498,1.0960
73507,1.1048
73519,1.0944
73529,1.0968
73540,1.0976
73551,1.0984
73560,1.0976
73572,1.1032
73582,1.0984
73593,1.0976
73604,1.1467
73613,1.0984
73625,1.1064
73635,1.1008
73646,1.0968
73657,1.0976
73666,1.1064
73678,1.0968
73688,1.0968
73699,1.1016
73710,1.0960
73719,1.1016
73731,1.1064
73741,1.0976
73752,1.0968
73763,1.0960
73772,1.0984
73784,1.1008
73794,1.1016
73805,1.1008
73816,1.0960
73825,1.0952
73837,1.0992
73847,1.0984
73858,1.1008
73869,1.1024
73878,1.1000
73890,1.0992
73900,1.0960
73911,1.1000
73922,1.1000
73931,1.0960
73943,1.0960
73953,1.0968
73964,1.0952
73975,1.1000
73984,1.0984
73996,1.0976
74006,1.1040
74017,1.0976
74028,1.0976
74037,1.1032
74049,1.0952
74060,1.0976
74070,1.0984
74081,1.0960
74090,1.0968
74102,1.0984
74112,1.1008
74123,1.0944
74134,1.0984
74143,1.0944
74155,1.0992
74165,1.1451
74176,1.0960
74187,1.1048
74196,1.0976
74208,1.1016
74218,1.0984
74229,1.1008
74240,1.1032
74249,1.1016
74261,1.0960
74271,1.1032
74282,1.0952
74293,1.1008
74302,1.0968
74314,1.1016
74324,1.0960
74335,1.0960
74346,1.0952
74355,1.0984
74367,1.1024
74377,1.0960
74388,1.0960
74399,1.1032
74408,1.0984
74420,1.0968
74431,1.0968
74441,1.0960
74452,1.0968
74461,1.1024
74473,1.1008
74483,1.0968
74494,1.0944
74505,1.0960
74514,1.0968
74526,1.1008
74535,1.1000
74537,1.1000
74547,1.0960
74558,1.0960
74569,1.1016
74578,1.0960
74590,1.0984
74600,1.0936
74611,1.0976
74622,1.0968
74631,1.0976
74643,1.0992
74653,1.0968
74664,1.1008
74675,1.0960
74684,1.0976
74696,1.0976
74706,1.0952
74717,1.0960
74728,1.0976
74737,1.1008
74749,1.0976
74758,1.1024
74760,1.1016
74770,1.0984
74781,1.0992
74792,1.0960
74801,1.1008
74813,1.1064
74823,1.1008
74834,1.1016
74845,1.0968
74854,1.1000
74866,1.0960
74876,1.0976
74887,1.0960
74898,1.0984
74907,1.0992
74919,1.1008
74929,1.0960
74940,1.0952
74951,1.1048
74960,1.0968
74972,1.0976
74982,1.0952
74993,1.0984
75004,1.0984
75013,1.1008
75025,1.0968
75035,1.0960
75046,1.0968
75057,1.1048
75066,1.1000
75078,1.0960
75088,1.0960
75099,1.0960
75110,1.1040
75119,1.1427
75131,1.1911
75141,1.2265
75152,1.3144
75163,1.3796
75172,1.4240
75184,1.4465
75194,1.4497
75205,1.4473
75216,1.4328
75225,1.4232
75237,1.4207
75246,1.4207
75258,1.4223
75269,1.4175
75278,1.4135
75290,1.4054
75299,1.3812
75311,1.3555
75322,1.3563
75331,1.3538
75343,1.3514
75352,1.3514
75364,1.3547
75375,1.3538
75385,1.3555
75396,1.3530
75405,1.3530
75417,1.3538
75427,1.3522
75438,1.3555
75449,1.3538
75458,1.3530
75470,1.3538
75479,1.3514
75481,1.3547
75491,1.3579
75502,1.3538
75513,1.3555
75522,1.3530
75534,1.3587
75543,1.3571
75555,1.3498
75566,1.3547
75575,1.3514
75587,1.3555
75597,1.3579
75608,1.3530
75619,1.3538
75628,1.3571
75640,1.3627
75649,1.3538
75661,1.3579
75672,1.3522
75681,1.3538
75693,1.3538
75702,1.3530
75714,1.3555
75725,1.3547
75735,1.3538
75746,1.3538
75755,1.3538
75767,1.3490
75778,1.3522
75787,1.3547
75799,1.3563
75809,1.3571
75820,1.3547
75831,1.3538
75840,1.3538
75852,1.3538
75861,1.3538
75873,1.3555
75884,1.3579
75893,1.3514
75905,1.3538
75914,1.3538
75926,1.3547
75936,1.3555
75946,1.3563
75958,1.3530
75967,1.3595
75979,1.3482
75990,1.3538
75999,1.3555
76011,1.3538
76020,1.3555
76032,1.3595
76042,1.3547
76053,1.3579
76064,1.3522
76073,1.3490
76085,1.3563
76095,1.3579
76106,1.3538
76117,1.3522
76126,1.3538
76138,1.3538
76148,1.3579
76159,1.3490
76170,1.3538
76179,1.3563
76191,1.3490
76201,1.3506
76212,1.3538
76223,1.3538
76232,1.3563
76244,1.3538
76253,1.3579
76265,1.3514
76276,1.3563
76285,1.3538
76297,1.3538
76307,1.3547
76318,1.3555
76329,1.3555
76338,1.3498
76350,1.3538
76359,1.3490
76371,1.3547
76382,1.3538
76391,1.3538
76403,1.3563
76412,1.3514
76424,1.3563
76434,1.3627
76445,1.3522
76456,1.3563
76465,1.3490
76477,1.3547
76488,1.3563
76497,1.3538
76509,1.3563
76518,1.3538
76530,1.3530
76540,1.3538
76551,1.3587
76562,1.3764
76571,1.3563
76583,1.3555
76593,1.3547
76604,1.3619
76615,1.3498
76624,1.3522
76636,1.3547
76645,1.3547
76657,1.3538
76668,1.3538
76677,1.3635
76689,1.3538
76699,1.3530
76710,1.3522
76721,1.3555
76730,1.3522
76742,1.3538
76751,1.3530
76763,1.3547
76774,1.3538
76783,1.3611
76795,1.3530
76805,1.3595
76816,1.3530
76827,1.3555
76836,1.3571
76848,1.3538
76858,1.3530
76869,1.3563
76880,1.3587
76889,1.3555
76901,1.3587
76910,1.3538
76922,1.3579
76933,1.3547
76942,1.3555
76954,1.3595
76963,1.3563
76975,1.3547
76986,1.3579
76995,1.3555
77007,1.3538
77016,1.3538
77028,1.3547
77039,1.3579
77048,1.3571
77060,1.3595
77069,1.3506
77081,1.3538
77092,1.3538
77102,1.3538
77113,1.3563
77122,1.3538
77134,1.3547
77144,1.3547
77155,1.3611
77166,1.3579
77175,1.3547
77187,1.3514
77196,1.3538
77198,1.3555
77208,1.3538
77219,1.3619
77230,1.3522
77239,1.3538
77251,1.3587
77260,1.3547
77272,1.3498
77283,1.3555
77292,1.3522
77304,1.3563
77313,1.3595
77325,1.3595
77336,1.3547
77345,1.3547
77357,1.3555
77366,1.3547
77378,1.3538
77389,1.3522
77398,1.3619
77410,1.3490
77420,1.3579
77431,1.3538
77442,1.3538
77451,1.3538
77463,1.3522
77472,1.3538
77484,1.3643
77495,1.3530
77504,1.3595
77516,1.3579
77526,1.3538
77537,1.3547
77548,1.3571
77557,1.4957
77569,1.3547
77578,1.3538
77590,1.3522
77601,1.3530
77610,1.3547
77622,1.3563
77631,1.3538
77643,1.3547
77653,1.3619
77664,1.3579
77675,1.3555
77684,1.3547
77696,1.3563
77707,1.3506
77717,1.3514
77728,1.3538
77737,1.3538
77749,1.3506
77759,1.3538
77770,1.3514
77781,1.3579
77790,1.3538
77802,1.3538
77812,1.3538
77823,1.3547
77834,1.3522
77843,1.3571
77855,1.3571
77865,1.3538
77876,1.3530
77887,1.3563
77896,1.3522
77908,1.3530
77918,1.3563
77929,1.3530
77940,1.3530
77949,1.3547
77961,1.3530
77970,1.3555
77982,1.3563
77993,1.3530
78002,1.3538
78014,1.3538
78023,1.3579
78035,1.3547
78046,1.3563
78055,1.3547
78067,1.3563
78076,1.3466
78088,1.3490
78099,1.3538
78108,1.3538
78120,1.3530
78129,1.3530
78141,1.3587
78151,1.3555
78162,1.3538
78173,1.3547
78182,1.3579
78194,1.3538
78204,1.3538
78215,1.3571
78226,1.3547
78235,1.3538
78247,1.3547
78257,1.3579
78268,1.3514
78279,1.3538
78288,1.3538
78300,1.3498
78310,1.3635
78321,1.3571
78332,1.3538
78341,1.3555
78353,1.3563
78362,1.3538
78374,1.3538
78385,1.3555
78394,1.3538
78406,1.3530
78416,1.3538
78427,1.3530
78438,1.3538
78447,1.3547
78459,1.3579
78468,1.3538
78480,1.3522
78491,1.3587
78500,1.3522
78512,1.3538
78521,1.3547
78533,1.3555
78543,1.3555
78554,1.3514
78565,1.3538
78574,1.3538
78586,1.3498
78597,1.3555
78606,1.3538
78618,1.3555
78627,1.3563
78639,1.3530
78649,1.3538
78660,1.3538
78671,1.3538
78680,1.3498
78692,1.3538
78702,1.3514
78713,1.3547
78724,1.3579
78733,1.3547
78745,1.3538
78755,1.3547
78766,1.3595
78777,1.3571
78786,1.3547
78798,1.3587
78808,1.3538
78819,1.3538
78830,1.3538
78839,1.3482
78851,1.3563
78860,1.3579
78872,1.3538
78883,1.3530
78892,1.3571
78904,1.3538
78913,1.3530
78925,1.3522
78934,1.3506
78936,1.3563
78947,1.3538
78956,1.3538
78968,1.3530
78977,1.3498
78989,1.3530
78999,1.3538
79010,1.3555
79021,1.3522
79030,1.3538
79042,1.3514
79052,1.3563
79063,1.3490
79074,1.3514
79083,1.3538
79095,1.3538
79105,1.3538
79116,1.3538
79127,1.3538
79136,1.3619
79148,1.3571
79158,1.3538
79169,1.3530
79180,1.3587
79189,1.3538
79201,1.3547
79210,1.3538
79222,1.3547
79233,1.3555
79242,1.3514
79254,1.3538
79264,1.3538
79275,1.3538
79286,1.3555
79295,1.3450
79307,1.3538
79316,1.3538
79328,1.3538
79339,1.3547
79348,1.3538
79360,1.3530
79369,1.3538
79381,1.3514
79391,1.3547
79402,1.3555
79413,1.3538
79422,1.3547
79434,1.3538
79445,1.3498
79454,1.3538
79466,1.3547
79475,1.3563
79487,1.3547
79497,1.3538
79508,1.3547
79519,1.3555
79528,1.3538
79540,1.3563
79550,1.3563
79561,1.3587
79572,1.3579
79581,1.3514
79593,1.3547
79602,1.3555
79614,1.3538
79625,1.3538
79634,1.3530
79646,1.3579
79656,1.3538
79667,1.3563
79678,1.3579
79687,1.3538
79699,1.3547
79708,1.3563
79720,1.3538
79731,1.3538
79740,1.3595
79752,1.3538
79762,1.3498
79773,1.3547
79784,1.3538
79793,1.3555
79805,1.3530
79815,1.3579
79826,1.3538
79837,1.3563
79846,1.3547
79858,1.3619
79867,1.3571
79879,1.3579
79890,1.3482
79899,1.3530
79911,1.3547
79920,1.3530
79932,1.3498
79943,1.3547
79952,1.3522
79964,1.3555
79973,1.3530
79985,1.3538
79996,1.3530
80005,1.3482
80017,1.3563
80026,1.3538
80038,1.3538
80049,1.3538
80059,1.3490
80070,1.3547
80079,1.3490
80091,1.3547
80101,1.3466
80112,1.3538
80123,1.3007
80132,1.1862
80144,1.0307
80154,0.9259
80165,0.9187
80176,1.0436
80185,1.1475
80197,1.2765
80207,1.2765
80218,1.1870
80229,1.0984
80238,1.0355
80250,1.0017
80260,1.0178
80271,1.0952
80282,1.1580
80291,1.2144
80303,1.2370
80312,1.2241
80324,1.1886
80335,1.1347
80344,1.0960
80356,1.0702
80365,1.0702
80377,1.0629
80388,1.0339
80397,1.0444
80409,1.0839
80418,1.0960
80430,1.1016
80441,1.1161
80450,1.1322
80462,1.1355
80471,1.1266
80483,1.1306
80493,1.1322
80503,1.1298
80515,1.1371
80524,1.1274
80536,1.1298
80547,1.1242
80557,1.1347
80568,1.1242
80577,1.1322
80589,1.1330
80600,1.1258
80609,1.1266
80621,1.1338
80631,1.1274
80642,1.1290
80653,1.1322
80662,1.1242
80674,1.1322
80684,1.1314
80695,1.1322
80706,1.1338
80715,1.1338
80727,1.1330
80737,1.1330
80748,1.1347
80759,1.1322
80768,1.1355
80780,1.1322
80790,1.1290
80801,1.1355
80812,1.1290
80821,1.1274
80833,1.1322
80843,1.1355
80854,1.1306
80865,1.1290
80874,1.1274
80886,1.1330
80896,1.1347
80907,1.1218
80918,1.1347
80927,1.1298
80939,1.1306
80949,1.1274
80960,1.1322
80971,1.1306
80980,1.1314
80992,1.1306
81002,1.1330
81013,1.1314
81024,1.1266
81033,1.1322
81045,1.1338
81055,1.1322
81066,1.1322
81077,1.1322
81086,1.1330
81098,1.1314
81107,1.1298
81119,1.1274
81130,1.1338
81139,1.1298
81151,1.1274
81161,1.1226
81172,1.1322
81183,1.1314
81192,1.1322
81204,1.1330
81214,1.1330
81225,1.1298
81236,1.1347
81245,1.1298
81257,1.1274
81267,1.1330
81278,1.1298
81289,1.1330
81298,1.1330
81310,1.1306
81320,1.1298
81331,1.1347
81342,1.1355
81351,1.1298
81363,1.1282
81373,1.1306
81384,1.1298
81395,1.1347
81404,1.1258
81416,1.1274
81426,1.1306
81437,1.1282
81448,1.1322
81457,1.1290
81469,1.1242
81479,1.1306
81490,1.1322
81501,1.1274
81510,1.1322
81522,1.1274
81532,1.1347
81543,1.1290
81554,1.1347
81563,1.1306
81575,1.1322
81585,1.1322
81596,1.1306
81607,1.1266
81616,1.1355
81628,1.1347
81638,1.1298
81649,1.1347
81660,1.1298
81669,1.1274
81681,1.1298
81691,1.1274
81702,1.1298
81713,1.1306
81722,1.1242
81734,1.1338
81744,1.1338
81755,1.1266
81766,1.1290
81775,1.1347
81787,1.1338
81797,1.1298
81808,1.1290
81819,1.1347
81828,1.1330
81840,1.1347
81850,1.1347
81861,1.1258
81872,1.1290
81881,1.1330
81893,1.1338
81903,1.1274
81914,1.1266
81925,1.1306
81934,1.1290
81946,1.1298
81956,1.1322
81967,1.1314
81978,1.1330
81987,1.1234
81999,1.1298
82009,1.1355
82020,1.1306
82031,1.1330
82040,1.1338
82052,1.1290
82062,1.1306
82073,1.1306
82084,1.1330
82093,1.1306
82105,1.1218
82116,1.1250
82126,1.1338
82137,1.1322
82146,1.1298
82158,1.1306
82168,1.1338
82179,1.1266
82190,1.1266
82199,1.1306
82211,1.1306
82221,1.1338
82232,1.1298
82243,1.1306
82252,1.1355
82264,1.1306
82274,1.1347
82285,1.1274
82296,1.1338
82305,1.1226
82317,1.1306
82327,1.1274
82338,1.1347
82349,1.1314
82358,1.1322
82370,1.1242
82380,1.1330
82391,1.1347
82402,1.1274
82411,1.1314
82423,1.1347
82433,1.1322
82444,1.1330
82455,1.1266
82464,1.1314
82476,1.1298
82487,1.1266
82497,1.1355
82508,1.1234
82517,1.1250
82529,1.1338
82539,1.1274
82550,1.1298
82561,1.1250
82570,1.1226
82582,1.1338
82592,1.1564
82603,1.1338
82614,1.1290
82623,1.1387
82635,1.1250
82645,1.1347
82656,1.1258
82667,1.1290
82676,1.1322
82688,1.1298
82698,1.1258
82709,1.1347
82720,1.1322
82729,1.1290
82741,1.1314
82752,1.1322
82761,1.1363
82773,1.1266
82782,1.1338
82794,1.1274
82804,1.1355
82815,1.1258
82826,1.1306
82835,1.1322
82847,1.1330
82858,1.1290
82868,1.1314
82879,1.1314
82888,1.1250
82900,1.1266
82910,1.1306
82920,1.1298
82932,1.1274
82941,1.1274
82953,1.1306
82962,1.1298
82964,1.1282
82974,1.1322
82985,1.1298
82996,1.1355
83005,1.1274
83017,1.1338
83027,1.1314
83038,1.1322
83049,1.1314
83058,1.1290
83070,1.1330
83080,1.1314
83091,1.1314
83102,1.1306
83111,1.1274
83123,1.1330
83133,1.1322
83144,1.1306
83155,1.1290
83164,1.1306
83176,1.1306
83185,1.1226
83187,1.1322
83197,1.1274
83208,1.1306
83219,1.1338
83228,1.1347
83240,1.1338
83250,1.1258
83261,1.1314
83272,1.1306
83281,1.1274
83293,1.1298
83303,1.1306
83314,1.1274
83325,1.1274
83334,1.1306
83346,1.1338
83356,1.1330
83367,1.1306
83378,1.1274
83387,1.1322
83399,1.1274
83409,1.1330
83420,1.1322
83431,1.1322
83440,1.1322
83452,1.1306
83462,1.1242
83473,1.1298
83484,1.1266
83493,1.1250
83505,1.1330
83515,1.1306
83526,1.1226
83537,1.1274
83546,1.1306
83558,1.1338
83568,1.1274
83579,1.1347
83590,1.1355
83599,1.1218
83611,1.1322
83621,1.1330
83632,1.1298
83643,1.1282
83652,1.1347
83664,1.1298
83674,1.1298
83685,1.1274
83696,1.1290
83705,1.1258
83717,1.1306
83727,1.1306
83738,1.1242
83749,1.1274
83758,1.1242
83770,1.1274
83780,1.1306
83791,1.1274
83802,1.1347
83811,1.1330
83823,1.1274
83833,1.1226
83844,1.1258
83855,1.1282
83864,1.1242
83876,1.1306
83886,1.1129
83897,1.1274
83908,1.1274
83917,1.1322
83929,1.1306
83939,1.1330
83950,1.1338
83961,1.1210
83970,1.1266
83982,1.1274
83992,1.1274
84003,1.1322
84014,1.1306
84023,1.1266
84035,1.1322
84045,1.1234
84056,1.1258
84067,1.1242
84076,1.1347
84088,1.1306
84098,1.1298
84109,1.1306
84120,1.1322
84129,1.1330
84141,1.1274
84152,1.1330
84162,1.1338
84173,1.1338
84182,1.1266
84194,1.1322
84204,1.1242
84215,1.1306
84226,1.1234
84235,1.1338
84247,1.1322
84257,1.1322
84268,1.1347
84279,1.1290
84288,1.1258
84300,1.1274
84310,1.1258
84321,1.1298
84332,1.1290
84341,1.1242
84353,1.1322
84363,1.1330
84374,1.1258
84385,1.1242
84394,1.1298
84406,1.1298
84417,1.1322
84426,1.1274
84438,1.1314
84447,1.1338
84459,1.1290
84469,1.1266
84480,1.1258
84491,1.1322
84500,1.1330
84512,1.1298
84523,1.1306
84533,1.1347
84544,1.1306
84553,1.1330
84565,1.1306
84575,1.1322
84585,1.1338
84597,1.1347
84606,1.1314
84618,1.1306
84627,1.1330
84629,1.1306
84639,1.1322
84650,1.1298
84661,1.1306
84670,1.1314
84682,1.1347
84692,1.1347
84703,1.1274
84714,1.1338
84723,1.1322
84735,1.1242
84745,1.1347
84756,1.1306
84767,1.1322
84776,1.1347
84788,1.1266
84798,1.1258
84809,1.1322
84820,1.1322
84829,1.1234
84841,1.1363
84850,1.1274
84852,1.1218
84862,1.1306
84873,1.1290
84884,1.1355
84893,1.1347
84905,1.1242
84915,1.1330
84926,1.1306
84937,1.1274
84946,1.1298
84958,1.1298
84968,1.1330
84979,1.1266
84990,1.1266
84999,1.1306
85011,1.1355
85021,1.1298
85032,1.1306
85043,1.1338
85052,1.1298
85064,1.1306
85074,1.1306
85085,1.1250
85096,1.1306
85105,1.1274
85117,1.1250
85127,1.1653
85138,1.2136
85149,1.2515
85158,1.2878
85170,1.3587
85180,1.3925
85191,1.4167
85202,1.4312
85211,1.4264
85223,1.4143
85233,1.4095
85244,1.4159
85255,1.4191
85264,1.4256
85276,1.4175
85286,1.4143
85297,1.4143
85308,1.4215
85317,1.4240
85329,1.4207
85338,1.4167
85350,1.3949
85361,1.3708
85370,1.3547
85382,1.3579
85391,1.3482
85403,1.3498
85413,1.3538
85423,1.3538
85435,1.3538
85444,1.3563
85456,1.3514
85467,1.3538
85477,1.3514
85488,1.3555
85497,1.3458
85509,1.3571
85519,1.3579
85530,1.3555
85541,1.3538
85550,1.3538
85562,1.3538
85572,1.3530
85583,1.3555
85594,1.3530
85603,1.3611
85615,1.3530
85625,1.3538
85636,1.3514
85647,1.3555
85656,1.3514
85668,1.3538
85678,1.3538
85689,1.3522
85700,1.3538
85709,1.3538
85721,1.3538
85730,1.3563
85742,1.3555
85753,1.3538
85762,1.3514
85774,1.3538
85783,1.3611
85795,1.3522
85806,1.3538
85815,1.3538
85827,1.3514
85836,1.3547
85848,1.3522
85859,1.3538
85868,1.3538
85880,1.3538
85889,1.3498
85901,1.3522
85911,1.3506
85922,1.3530
85933,1.3595
85942,1.3538
85954,1.3538
85965,1.3538
85975,1.3466
85986,1.3538
85995,1.3538
86007,1.3563
86017,1.3522
86028,1.3538
86039,1.3538
86048,1.3506
86060,1.3547
86070,1.3579
86081,1.3547
86092,1.3466
86101,1.3547
86113,1.3522
86122,1.3530
86134,1.3538
86145,1.3563
86154,1.3538
86166,1.3538
86176,1.3514
86187,1.3538
86198,1.3595
86207,1.3563
86219,1.3547
86228,1.3571
86240,1.3538
86251,1.3530
86260,1.3538
86272,1.3522
86281,1.3538
86293,1.3522
86303,1.3530
86313,1.3530
86325,1.3595
86334,1.3547
86346,1.3530
86357,1.3563
86366,1.3530
86378,1.3490
86387,1.3538
86399,1.3538
86409,1.3530
86420,1.3538
86431,1.3458
86440,1.3547
86452,1.3530
86462,1.3530
86473,1.3530
86484,1.3466
86493,1.3587
86505,1.3538
86515,1.3538
86526,1.3547
86537,1.3579
86546,1.3555
86558,1.3522
86568,1.3530
86579,1.3530
86590,1.3538
86599,1.3538
86611,1.3506
86620,1.3530
86632,1.3547
86643,1.3482
86652,1.3538
86664,1.3498
86673,1.3547
86685,1.3555
86696,1.3530
86705,1.3522
86717,1.3538
86726,1.3538
86738,1.3538
86749,1.3498
86758,1.3563
86770,1.3538
86779,1.3538
86791,1.3538
86801,1.3538
86812,1.3522
86823,1.3466
86832,1.3490
86844,1.3538
86854,1.3538
86865,1.3555
86876,1.3530
86885,1.3563
86897,1.3555
86907,1.3538
86918,1.3555
86929,1.3538
86938,1.3490
86950,1.3571
86960,1.3490
86971,1.3514
86982,1.3474
86991,1.3538
87003,1.3514
87012,1.3498
87024,1.3538
87035,1.3547
87044,1.3563
87056,1.3538
87066,1.3506
87077,1.3538
87088,1.3547
87097,1.3514
87109,1.3522
87118,1.3538
87130,1.3538
87141,1.3498
87150,1.3530
87162,1.3555
87171,1.3538
87183,1.3538
87193,1.3538
87204,1.3538
87215,1.3538
87224,1.3587
87236,1.3490
87247,1.3547
87256,1.3530
87268,1.3538
87277,1.3530
87289,1.3538
87299,1.3506
87310,1.3538
87321,1.3522
87330,1.3538
87342,1.3530
87352,1.3538
87363,1.3498
87374,1.3538
87383,1.3530
87395,1.3571
87405,1.3514
87416,1.3538
87427,1.3538
87436,1.3538
87448,1.3538
87458,1.3514
87469,1.3547
87480,1.3538
87489,1.3538
87501,1.3538
87510,1.3466
87522,1.3514
87533,1.3547
87542,1.3514
87554,1.3538
87563,1.3538
87575,1.3538
87586,1.3522
87595,1.3538
87607,1.3538
87616,1.3538
87628,1.3538
87639,1.3530
87648,1.3538
87660,1.3538
87669,1.3522
87681,1.3555
87691,1.3522
87702,1.3538
87713,1.3547
87722,1.3498
87734,1.3555
87744,1.3538
87755,1.3530
87766,1.3538
87775,1.3547
87787,1.3490
87797,1.3538
87808,1.3627
87819,1.3538
87828,1.3538
87840,1.3514
87850,1.3538
87861,1.3530
87872,1.3522
87881,1.3547
87893,1.3563
87902,1.3547
87914,1.3538
87925,1.3522
87934,1.3595
87946,1.3538
87956,1.3538
87967,1.3538
87978,1.3538
87987,1.3538
87999,1.3538
88008,1.3547
88020,1.3514
88031,1.3538
88040,1.3587
88052,1.3595
88061,1.3538
88073,1.3538
88082,1.3563
88084,1.3538
88095,1.3538
88104,1.3530
88116,1.3611
88125,1.3538
88137,1.3579
88147,1.3538
88158,1.3514
88169,1.3538
88178,1.3514
88190,1.3490
88200,1.3522
88211,1.3547
88222,1.3538
88231,1.3563
88243,1.3538
88253,1.3498
88264,1.3490
88275,1.3547
88284,1.3547
88296,1.3538
88306,1.3522
88317,1.3538
88328,1.3538
88337,1.3587
88349,1.3611
88358,1.3281
88370,1.3522
88381,1.3538
88390,1.3555
88402,1.3587
88412,1.3514
88423,1.3579
88434,1.3555
88443,1.3538
88455,1.3538
88465,1.3538
88476,1.3538
88487,1.3563
88496,1.3555
88508,1.3522
88518,1.3506
88529,1.3538
88540,1.3571
88549,1.3538
88561,1.3563
88570,1.3482
88582,1.3538
88593,1.3498
88602,1.3538
88614,1.3538
88623,1.3538
88635,1.3522
88646,1.3587
88655,1.3555
88667,1.3563
88677,1.3538
88688,1.3538
88699,1.3579
88708,1.3538
88720,1.3498
88729,1.3538
88741,1.3538
88752,1.3498
88761,1.3547
88773,1.3538
88783,1.3514
88794,1.3522
88805,1.3538
88814,1.3514
88826,1.3538
88835,1.3530
88847,1.3522
88858,1.3466
88867,1.3555
88879,1.3538
88888,1.3555
88900,1.3563
88910,1.3587
88921,1.3490
88932,1.3538
88941,1.3538
88953,1.3555
88964,1.3538
88973,1.3530
88985,1.3538
88994,1.3498
89006,1.3490
89016,1.3498
89027,1.3490
89038,1.3538
89047,1.3530
89059,1.3522
89069,1.3538
89080,1.3538
89091,1.3538
89100,1.3538
89112,1.3538
89121,1.3530
89133,1.3498
89144,1.3538
89153,1.3530
89165,1.3514
89175,1.3506
89186,1.3530
89197,1.3579
89206,1.3587
89218,1.3538
89227,1.3538
89239,1.3627
89250,1.3538
89259,1.3530
89271,1.3538
89281,1.3547
89292,1.3514
89303,1.3555
89312,1.3547
89324,1.3498
89334,1.3514
89345,1.3555
89356,1.3555
89365,1.3538
89377,1.3522
89387,1.3530
89398,1.3538
89409,1.3538
89418,1.3538
89430,1.3547
89439,1.3547
89451,1.3619
89462,1.3522
89471,1.3538
89483,1.3538
89492,1.3555
89504,1.3563
89515,1.3522
89524,1.3538
89536,1.3490
89545,1.3571
89557,1.3555
89568,1.3538
89578,1.3555
89589,1.3538
89598,1.3530
89610,1.3530
89620,1.3498
89631,1.3530
89642,1.3538
89651,1.3555
89663,1.3514
89672,1.3547
89674,1.3522
89684,1.3587
89695,1.3530
89706,1.3538
89715,1.3538
89727,1.3530
89736,1.3538
89748,1.3587
89759,1.3538
89768,1.3538
89780,1.3571
89789,1.3563
89801,1.3522
89812,1.3506
89821,1.3563
89833,1.3563
89842,1.3538
89854,1.3514
89865,1.3547
89874,1.3587
89886,1.3530
89895,1.3530
89907,1.3498
89918,1.3506
89928,1.3538
89939,1.3530
89948,1.3023
89960,1.3522
89970,1.3522
89981,1.3563
89992,1.3522
90001,1.3466
90013,1.3538
90022,1.3547
90024,1.3522
90034,1.3522
90045,1.3538
90056,1.3547
90065,1.3538
90077,1.3538
90086,1.3571
90098,1.3555
90109,1.3538
90118,1.3538
90130,1.2934
90140,1.1854
90151,1.0275
90162,0.9179
90171,0.9171
90183,1.0404
90192,1.1564
90204,1.2684
90215,1.2700
90224,1.1983
90236,1.1040
90246,1.0444
90257,0.9880
90268,1.0057
90277,1.0887
90289,1.1330
90298,1.1870
90310,1.2370
90321,1.2225
90330,1.1983
90342,1.1532
90352,1.1242
90363,1.1000
90374,1.0831
90383,1.0436
90395,1.0299
90404,1.0581
90416,1.0750
90427,1.0944
90436,1.1145
90448,1.1218
90457,1.1379
90469,1.1330
90480,1.1322
90489,1.1363
90501,1.1355
90510,1.1274
90522,1.1210
90533,1.1226
90542,1.1218
90554,1.1193
90563,1.1226
90575,1.1218
90586,1.1234
90595,1.1193
90607,1.1298
90616,1.1210
90628,1.1250
90639,1.1274
90648,1.1218
90660,1.1218
90669,1.1242
90681,1.1226
90692,1.1226
90701,1.1193
90713,1.1234
90723,1.1234
90734,1.1234
90745,1.1274
90754,1.1226
90766,1.1274
90776,1.1218
90787,1.1258
90798,1.1218
90807,1.1177
90819,1.1218
90829,1.1226
90840,1.1242
90851,1.1258
90860,1.1218
90872,1.1298
90882,1.1218
90893,1.1234
90904,1.1234
90913,1.1226
90925,1.1242
90935,1.1210
90946,1.1298
90957,1.1201
90966,1.1226
90978,1.1218
90988,1.1218
90999,1.1201
91010,1.1226
91019,1.1226
91031,1.1169
91041,1.1242
91052,1.1218
91063,1.1218
91072,1.1258
91084,1.1234
91094,1.1226
91105,1.1218
91116,1.1210
91125,1.1218
91137,1.1274
91147,1.1242
91158,1.1218
91169,1.1250
91178,1.1226
91190,1.1218
91200,1.1226
91211,1.1226
91222,1.1234
91231,1.1218
91243,1.1258
91253,1.1226
91264,1.1266
91275,1.1242
91284,1.1218
91296,1.1250
91306,1.1226
91317,1.1258
91328,1.1177
91337,1.1266
91349,1.1266
91360,1.1218
91370,1.1210
91381,1.1242
91390,1.1218
91402,1.1218
91412,1.1258
91423,1.1298
91434,1.1234
91443,1.1218
91455,1.1282
91465,1.0597
91476,1.1242
91487,1.1193
91496,1.1226
91508,1.1306
91518,1.1201
91529,1.1242
91540,1.1193
91549,1.1218
91561,1.1218
91571,1.1282
91582,1.1218
91593,1.1218
91602,1.1218
91614,1.1218
91624,1.1226
91635,1.1218
91646,1.1218
91655,1.1226
91667,1.1258
91677,1.1218
91688,1.1218
91699,1.1218
91708,1.1242
91720,1.1234
91731,1.1218
91741,1.1218
91752,1.1234
91761,1.1218
91773,1.1226
91783,1.1193
91794,1.1218
91805,1.1314
91814,1.1226
91826,1.1210
91835,1.1258
91837,1.1242
91847,1.1218
91858,1.1193
91869,1.1218
91878,1.1218
91890,1.1218
91900,1.1218
91911,1.1218
91922,1.1242
91931,1.1234
91943,1.1218
91953,1.1226
91964,1.1258
91975,1.1234
91984,1.1218
91996,1.1218
92006,1.1242
92017,1.1242
92028,1.1218
92037,1.1266
92049,1.1210
92059,1.1250
92070,1.1234
92081,1.1210
92090,1.1250
92102,1.1218
92112,1.1226
92123,1.1242
92134,1.1258
92143,1.1242
92155,1.1266
92165,1.1218
92176,1.1218
92187,1.1218
92196,1.1218
92208,1.1274
92218,1.1226
92229,1.1242
92240,1.1218
92249,1.1218
92261,1.1274
92271,1.1306
92282,1.1218
92293,1.1234
92302,1.1250
92314,1.1218
92324,1.1218
92335,1.1201
92346,1.1266
92355,1.1242
92367,1.1242
92377,1.1210
92388,1.1218
92399,1.1210
92408,1.1242
92420,1.1226
92431,1.1193
92441,1.1218
92452,1.1218
92461,1.1290
92473,1.1266
92483,1.1258
92494,1.1242
92505,1.1218
92514,1.1274
92526,1.1218
92536,1.0903
92547,1.1242
92558,1.1274
92567,1.1226
92579,1.1218
92589,1.1218
92600,1.1218
92611,1.1234
92620,1.1210
92632,1.1274
92642,1.1218
92653,1.1210
92664,1.1218
92673,1.1218
92685,1.1258
92696,1.1234
92705,1.1218
92717,1.1250
92726,1.1242
92738,1.1274
92748,1.1226
92759,1.1201
92770,1.1274
92779,1.1226
92791,1.1274
92802,1.1218
92812,1.1290
92823,1.1210
92832,1.1218
92844,1.1226
92854,1.1177
92865,1.1218
92876,1.1218
92885,1.1226
92897,1.1218
92907,1.1193
92918,1.1226
92929,1.1226
92938,1.1242
92950,1.1218
92960,1.1218
92971,1.1242
92982,1.1266
92991,1.1250
93003,1.1218
93013,1.1218
93024,1.1210
93035,1.1226
93044,1.1226
93056,1.1218
93067,1.1218
93076,1.1266
93088,1.1218
93097,1.1234
93109,1.1234
93119,1.1226
93130,1.1226
93141,1.1177
93150,1.1242
93162,1.1258
93173,1.1218
93183,1.1201
93194,1.1218
93203,1.1266
93215,1.1210
93225,1.1266
93235,1.1242
93247,1.1169
93256,1.1226
93268,1.1218
93277,1.1234
93279,1.1218
93289,1.1218
93300,1.1242
93311,1.1218
93320,1.1234
93332,1.1242
93342,1.1218
93353,1.1218
93364,1.1218
93373,1.1234
93385,1.1193
93396,1.1177
93406,1.1193
93417,1.1185
93426,1.1210
93438,1.1210
93448,1.1193
93459,1.1242
93470,1.1274
93479,1.1258
93491,1.1234
93500,1.1218
93502,1.1234
93512,1.1218
93523,1.1242
93534,1.1177
93543,1.1210
93555,1.1193
93565,1.1193
93576,1.1218
93587,1.1218
93596,1.1266
93608,1.1201
93618,1.1226
93629,1.1218
93640,1.1258
93649,1.1234
93661,1.1274
93671,1.1193
93682,1.1218
93693,1.1201
93702,1.1210
93714,1.1193
93724,1.1242
93735,1.1242
93746,1.1201
93755,1.1210
93767,1.1226
93777,1.1242
93788,1.1258
93799,1.1242
93808,1.1226
93820,1.1201
93830,1.1226
93841,1.1210
93852,1.1274
93861,1.1226
93873,1.1193
93883,1.1226
93894,1.1218
93905,1.1218
93914,1.1218
93926,1.1226
93936,1.1226
93947,1.1242
93958,1.1218
93967,1.1242
93979,1.1234
93989,1.1218
94000,1.1161
94011,1.1234
94020,1.1226
94032,1.1218
94042,1.1242
94053,1.1258
94064,1.1266
94073,1.1218
94085,1.1226
94096,1.0525
94106,1.1226
94117,1.1242
94126,1.1258
94138,1.1266
94148,1.1242
94159,1.1298
94170,1.1242
94179,1.1226
94191,1.1218
94201,1.1234
94212,1.1242
94223,1.1169
94232,1.1193
94244,1.1234
94254,1.1218
94265,1.1258
94276,1.1226
94285,1.1218
94297,1.1210
94307,1.1218
94318,1.1161
94329,1.1210
94338,1.1242
94350,1.1218
94360,1.1210
94371,1.1218
94382,1.1193
94391,1.1145
94403,1.1226
94413,1.1218
94424,1.1218
94435,1.1218
94444,1.1193
94456,1.1234
94467,1.1226
94477,1.1210
94488,1.1218
94497,1.1234
94509,1.1250
94519,1.1226
94530,1.1250
94541,1.1218
94550,1.1193
94562,1.1218
94571,1.1218
94573,1.1218
94583,1.1226
94594,1.1210
94605,1.1201
94614,1.1250
94626,1.1226
94636,1.1218
94647,1.1145
94658,1.1218
94667,1.1193
94679,1.1242
94689,1.1298
94700,1.1234
94711,1.1218
94720,1.1226
94732,1.1242
94742,1.1250
94753,1.1258
94764,1.1218
94773,1.1242
94785,1.1226
94794,1.1218
94796,1.1242
94806,1.1218
94817,1.1218
94828,1.1226
94837,1.1218
94849,1.1218
94859,1.1258
94870,1.1234
94881,1.1242
94890,1.1282
94902,1.1274
94912,1.1177
94923,1.1234
94934,1.1290
94943,1.1201
94955,1.1218
94965,1.1226
94976,1.1137
94987,1.1218
94996,1.1218
95008,1.1193
95018,1.1226
95029,1.1234
95040,1.1218
95049,1.1218
95061,1.1226
95071,1.1218
95082,1.1250
95093,1.1250
95102,1.1242
95114,1.1234
95124,1.1629
95135,1.1435
95146,1.2370
95155,1.3079
95167,1.3667
95177,1.4062
95188,1.4312
95199,1.4401
95208,1.4328
95220,1.4207
95230,1.4240
95241,1.4183
95252,1.4207
95261,1.4248
95273,1.4167
95282,1.4095
95294,1.4151
95305,1.4175
95314,1.4014
95326,1.3692
95335,1.3571
95347,1.3563
95358,1.3466
95367,1.3490
95379,1.3490
95389,1.3498
95400,1.3466
95411,1.3547
95420,1.3490
95432,1.3506
95441,1.3538
95453,1.3555
95464,1.3538
95473,1.3538
95485,1.3482
95495,1.3522
95506,1.3482
95517,1.3522
95526,1.3490
95538,1.3530
95547,1.3490
95559,1.3506
95570,1.3482
95579,1.3555
95591,1.3498
95600,1.3490
95612,1.3538
95622,1.3538
95633,1.3506
95644,1.3538
95653,1.3538
95665,1.3506
95676,1.3490
95685,1.3522
95697,1.3482
95706,1.3522
95718,1.3474
95728,1.3530
95739,1.3498
95750,1.3450
95759,1.3530
95771,1.3466
95781,1.3555
95792,1.3458
95803,1.3547
95812,1.3450
95824,1.3498
95833,1.3538
95845,1.3538
95856,1.3498
95865,1.3514
95877,1.3498
95887,1.3538
95898,1.3466
95909,1.3538
95918,1.3538
95930,1.3434
95939,1.3538
95951,1.3506
95962,1.3458
95971,1.3530
95983,1.3538
95993,1.3458
96004,1.3547
96015,1.2886
96024,1.3466
96036,1.3514
96046,1.3538
96057,1.3498
96068,1.3538
96077,1.3522
96089,1.3498
96099,1.3498
96110,1.3514
96121,1.3514
96130,1.3530
96142,1.3458
96151,1.3522
96163,1.3458
96174,1.3514
96183,1.3458
96195,1.3466
96204,1.3514
96216,1.3530
96227,1.3522
96236,1.3530
96248,1.3514
96258,1.3506
96269,1.3498
96280,1.3466
96289,1.3498
96301,1.3490
96310,1.3498
96322,1.3506
96333,1.3522
96342,1.3538
96354,1.3547
96363,1.3514
96375,1.3466
96386,1.3490
96395,1.3522
96407,1.3498
96416,1.3490
96428,1.3522
96439,1.3538
96448,1.3522
96460,1.3530
96469,1.3482
96481,1.3538
96491,1.3538
96502,1.3514
96513,1.3514
96522,1.3466
96534,1.3506
96544,1.3482
96555,1.3538
96566,1.3538
96575,1.3530
96587,1.3538
96597,1.3498
96608,1.3547
96619,1.3490
96628,1.3498
96640,1.3514
96650,1.3490
96661,1.3490
96672,1.3530
96681,1.3538
96693,1.3530
96702,1.3514
96714,1.3530
96725,1.3538
96734,1.3490
96746,1.3522
96756,1.3474
96767,1.3466
96778,1.3555
96787,1.3490
96799,1.3490
96808,1.3522
96820,1.3530
96831,1.3514
96840,1.3498
96852,1.3563
96862,1.3482
96873,1.3498
96884,1.3482
96893,1.3538
96905,1.3547
96915,1.3458
96926,1.3498
96937,1.3522
96946,1.3458
96958,1.3490
96968,1.3458
96979,1.3538
96990,1.3530
96999,1.3522
97011,1.3530
97020,1.3563
97032,1.3530
97043,1.3466
97052,1.3555
97064,1.3498
97073,1.3490
97085,1.3538
97096,1.3506
97105,1.3538
97117,1.3458
97126,1.3538
97138,1.3514
97149,1.3538
97159,1.3506
97170,1.3514
97179,1.3538
97191,1.3466
97201,1.3538
97212,1.3466
97223,1.3522
97232,1.3410
97244,1.3490
97254,1.3498
97265,1.3506
97276,1.3498
97285,1.3522
97297,1.3538
97307,1.3498
97318,1.3522
97329,1.3530
97338,1.3450
97350,1.3538
97360,1.3547
97371,1.3498
97382,1.3498
97391,1.3466
97403,1.3530
97412,1.3538
97424,1.3538
97435,1.3530
97444,1.3498
97456,1.3538
97466,1.3514
97477,1.3482
97488,1.3490
97497,1.3530
97509,1.3530
97518,1.3482
97530,1.3506
97541,1.3530
97550,1.3538
97562,1.3458
97571,1.3490
97583,1.3498
97593,1.3458
97604,1.3498
97615,1.3482
97624,1.3530
97636,1.3466
97647,1.3538
97657,1.3498
97668,1.3530
97677,1.3530
97689,1.3498
97699,1.3506
97710,1.3498
97721,1.3482
97730,1.3466
97742,1.3538
97752,1.3514
97763,1.3506
97774,1.3538
97783,1.3514
97795,1.3538
97805,1.3530
97816,1.3522
97827,1.3530
97836,1.3547
97848,1.3563
97858,1.3538
97869,1.3538
97880,1.3538
97889,1.3498
97901,1.3482
97910,1.3530
97922,1.3514
97933,1.3498
97942,1.3538
97954,1.3530
97963,1.3547
97975,1.3538
97986,1.3530
97995,1.3571
98007,1.3563
98016,1.3498
98028,1.3514
98039,1.3538
98048,1.3498
98060,1.3498
98069,1.3530
98081,1.3538
98091,1.3563
98102,1.3426
98113,1.3538
98122,1.3522
98134,1.3506
98144,1.3538
98155,1.3530
98166,1.3466
98175,1.3434
98187,1.3530
98197,1.3482
98208,1.3482
98219,1.3530
98228,1.3466
98240,1.3538
98250,1.3466
98261,1.3490
98272,1.3538
98281,1.3530
98293,1.3538
98302,1.3530
98314,1.3522
98325,1.3547
98334,1.3522
98346,1.3538
98356,1.3514
98367,1.3538
98378,1.3498
98387,1.3369
98399,1.3514
98408,1.3530
98420,1.3482
98431,1.3547
98440,1.3450
98452,1.3522
98461,1.3563
98473,1.3498
98483,1.3538
98494,1.3498
98505,1.3458
98514,1.3466
98526,1.3538
98537,1.3522
98546,1.3522
98558,1.3538
98567,1.3538
98579,1.3538
98589,1.3538
98600,1.3466
98611,1.3538
98620,1.3538
98632,1.3530
98642,1.3530
98653,1.3522
98664,1.3466
98673,1.3538
98685,1.3514
98695,1.3538
98706,1.3547
98717,1.3514
98726,1.3530
98738,1.3530
98748,1.3538
98759,1.3522
98770,1.3538
98779,1.3522
98791,1.3522
98800,1.3538
98812,1.3522
98823,1.3498
98832,1.3530
98844,1.3555
98853,1.3466
98865,1.3530
98875,1.3530
98885,1.3458
98897,1.3530
98906,1.3297
98918,1.3538
98929,1.3514
98938,1.3498
98950,1.3498
98959,1.3522
98971,1.3522
98981,1.3530
98992,1.3514
99003,1.3450
99012,1.3498
99024,1.3530
99034,1.3490
99045,1.3498
99056,1.3530
99065,1.3514
99077,1.3482
99087,1.3466
99098,1.3538
99109,1.3514
99118,1.3538
99130,1.3514
99140,1.3506
99151,1.3538
99162,1.3498
99171,1.3450
99183,1.3538
99192,1.3498
99204,1.3538
99215,1.3547
99224,1.3466
99236,1.3530
99246,1.3538
99257,1.3522
99268,1.3522
99277,1.3538
99289,1.3530
99298,1.3482
99310,1.3530
99321,1.3579
99330,1.3530
99342,1.3538
99351,1.3514
99363,1.3490
99373,1.3538
99384,1.3514
99395,1.3498
99404,1.3522
99416,1.3514
99427,1.3547
99436,1.3450
99448,1.3538
99457,1.3530
99469,1.3522
99479,1.3547
99490,1.3410
99501,1.3530
99510,1.3538
99522,1.3466
99532,1.3522
99543,1.3538
99554,1.3538
99563,1.3530
99575,1.3466
99584,1.3538
99596,1.3538
99607,1.3538
99616,1.3490
99628,1.3458
99638,1.3538
99649,1.3538
99660,1.3595
99669,1.3482
99681,1.3506
99690,1.3490
99702,1.3538
99713,1.3538
99722,1.3579
99734,1.3490
99743,1.3538
99755,1.3514
99764,1.3522
99766,1.3530
99777,1.3482
99786,1.3538
99798,1.3522
99807,1.3530
99819,1.3538
99829,1.3514
99840,1.3538
99851,1.3538
99860,1.3530
99872,1.3547
99882,1.3530
99893,1.3490
99904,1.3538
99913,1.3530
99925,1.3522
99935,1.3490
99946,1.3482
99957,1.3538
99966,1.3506
99978,1.3514
99988,1.3538
99999,1.3538
100010,1.3530
100019,1.3514
100031,1.3538
100040,1.3538
100052,1.3555
100061,1.3482
100073,1.3538
100084,1.3522
100094,1.3522
100105,1.3538
100114,1.3538
100126,1.3490
100137,1.2950
100147,1.1741
100158,1.0299
100167,0.9308
100179,0.9380
100188,1.0226
100200,1.1588
100211,1.2741
100221,1.2725
100232,1.1782
100241,1.1097
100253,1.0331
100262,0.9912
100264,0.9928
100274,1.0081
100285,1.0968
100296,1.1596
100305,1.2209
100317,1.2531
100326,1.2338
100338,1.1749
100349,1.1097
100358,1.0694
100370,1.0371
100379,1.0420
100391,1.0815
100402,1.0807
100412,1.0492
100423,1.0533
100432,1.0782
100444,1.1048
100454,1.0984
100465,1.1016
100476,1.1064
100485,1.1210
100497,1.1193
100506,1.1226
100518,1.1145
100529,1.1242
100538,1.1218
100550,1.1185
100559,1.1218
100571,1.1193
100581,1.1193
100592,1.1193
100603,1.1210
100612,1.1226
100624,1.1177
100633,1.1218
100645,1.1201
100656,1.1193
100666,1.1218
100677,1.1242
100686,1.1210
100698,1.0267
100707,1.1201
100719,1.1218
100730,1.1218
100740,1.1161
100751,1.1210
100760,1.1210
100772,1.1161
100783,1.1185
100793,1.1145
100804,1.1210
100813,1.1218
100825,1.1250
100834,1.1218
100846,1.1210
100857,1.1218
100867,1.1218
100878,1.1201
100887,1.1169
100899,1.1218
100908,1.1218
100920,1.1185
100931,1.1185
100941,1.1201
100952,1.1218
100961,1.1193
100973,1.1201
100984,1.1177
100993,1.1218
101005,1.1201
101014,1.1234
101026,1.1161
101036,1.1169
101047,1.1218
101058,1.1218
101067,1.1161
101079,1.1218
101088,1.1137
101100,1.1145
101110,1.1218
101121,1.1218
101132,1.1242
101141,1.1169
101153,1.1218
101163,1.1210
101174,1.1161
101185,1.1226
101194,1.1169
101206,1.1218
101215,1.1218
101227,1.1218
101237,1.1177
101248,1.1201
101259,1.1169
101268,1.1218
101280,1.1210
101290,1.1177
101301,1.1153
101312,1.1161
101321,1.1218
101333,1.1169
101342,1.1169
101354,1.1177
101363,1.1218
101375,1.1177
101386,1.1218
101395,1.1210
101407,1.1169
101416,1.1218
101428,1.1193
101438,1.1201
101449,1.1193
101460,1.1218
101469,1.1210
101481,1.1177
101490,1.1218
101502,1.1218
101513,1.1218
101523,1.1177
101534,1.1226
101543,1.1210
101555,1.1201
101565,1.1193
101576,1.1161
101587,1.1210
101596,1.1210
101608,1.1226
101617,1.1218
101629,1.1218
101638,1.1177
101650,1.1193
101661,1.1218
101670,1.1193
101682,1.1210
101691,1.1210
101703,1.1161
101712,1.1169
101724,1.1193
101734,1.1218
101745,1.1234
101756,1.1201
101765,1.1218
101777,1.1210
101786,1.1177
101798,1.1169
101809,1.1218
101818,1.1218
101830,1.1177
101839,1.1193
101851,1.1161
101861,1.1210
101872,1.1210
101883,1.1177
101892,1.1218
101904,1.1145
101913,1.1201
101925,1.1193
101936,1.1177
101945,1.1201
101957,1.1218
101966,1.1210
101978,1.1210
101988,1.1218
101999,1.1201
102010,1.1210
102019,1.1193
102031,1.1169
102040,1.1218
102052,1.1242
102062,1.1145
102073,1.1201
102084,1.1218
102093,1.1193
102105,1.1201
102114,1.1169
102126,1.1218
102136,1.1129
102147,1.1210
102158,1.1210
102167,1.1177
102179,1.1193
102188,1.1201
102200,1.1201
102211,1.1250
102220,1.1210
102232,1.1193
102241,1.1218
102253,1.1137
102263,1.1218
102274,1.1218
102285,1.1226
102294,1.1218
102306,1.1210
102315,1.1210
102327,1.1185
102336,1.1218
102348,1.1210
102359,1.1218
102368,1.1218
102380,1.1210
102389,1.1218
102401,1.1185
102411,1.1129
102422,1.1201
102433,1.1218
102442,1.1201
102454,1.1242
102463,1.1218
102475,1.1218
102486,1.1201
102495,1.1193
102507,1.1193
102516,1.1201
102528,1.1242
102538,1.1185
102549,1.1169
102560,1.1218
102569,1.1177
102581,1.1234
102590,1.1210
102602,1.1226
102611,1.1193
102623,1.1177
102634,1.1218
102643,1.1201
102655,1.1129
102664,1.1177
102676,1.1177
102686,1.1121
102697,1.1218
102708,1.1185
102717,1.1210
102729,1.1177
102738,1.1169
102750,1.1218
102761,1.1201
102771,1.1129
102782,1.1185
102791,1.1210
102803,1.1210
102813,1.1201
102824,1.1177
102835,1.1201
102844,1.1218
102856,1.1218
102865,1.1177
102877,1.1218
102888,1.1169
102898,1.1210
102909,1.1234
102918,1.1218
102930,1.1258
102940,1.1201
102951,1.1218
102962,1.1226
102971,1.1177
102983,1.1201
102992,1.1145
103004,1.1218
103015,1.1193
103025,1.1218
103036,1.1201
103045,1.1177
103057,1.1145
103066,1.1201
103078,1.1169
103089,1.1218
103099,1.1177
103110,1.1226
103119,1.1169
103131,1.1242
103142,1.1145
103152,1.1242
103163,1.1218
103172,1.1169
103184,1.1234
103194,1.1201
103205,1.1210
103216,1.1193
103225,1.1145
103237,1.1137
103246,1.1201
103258,1.1218
103269,1.1218
103279,1.1210
103290,1.1177
103299,1.1226
103311,1.1185
103320,1.1218
103332,1.1193
103343,1.1177
103352,1.1129
103364,1.1218
103373,1.1193
103385,1.1218
103394,1.1258
103396,1.1218
103406,1.1193
103417,1.1193
103428,1.1218
103437,1.1169
103449,1.1210
103458,1.1177
103470,1.1218
103480,1.1193
103491,1.1169
103502,1.1193
103511,1.1218
103523,1.1177
103532,1.1201
103544,1.1218
103555,1.1145
103564,1.1185
103576,1.1193
103585,1.1210
103597,1.1218
103607,1.1185
103618,1.1242
103629,1.1161
103638,1.1218
103650,1.1193
103659,1.1218
103671,1.1218
103682,1.1185
103692,1.1226
103703,1.1234
103712,1.1201
103724,1.1218
103734,1.1177
103745,1.1218
103756,1.1218
103766,1.1161
103777,1.1250
103786,1.1218
103798,1.1169
103809,1.1218
103819,1.1177
103830,1.1218
103839,1.1218
103851,1.1185
103860,1.1274
103872,1.1242
103883,1.1210
103893,1.1218
103904,1.1113
103913,1.1185
103925,1.1161
103936,1.1185
103946,1.1218
103957,1.1177
103966,1.1210
103978,1.1218
103988,1.1169
103999,1.1193
104010,1.1218
104019,1.1218
104031,1.1201
104040,1.1218
104052,1.1210
104063,1.1177
104073,1.1218
104084,1.1218
104093,1.1226
104105,1.1226
104115,1.1193
104126,1.1290
104137,1.1193
104146,1.1250
104158,1.1210
104167,1.1185
104179,1.1234
104188,1.1193
104190,1.1201
104200,1.1210
104211,1.1210
104222,1.1210
104231,1.1185
104243,1.1177
104252,1.1177
104264,1.1218
104275,1.1258
104284,1.1169
104296,1.1218
104305,1.1218
104317,1.1234
104326,1.1153
104338,1.1210
104349,1.1218
104358,1.1177
104370,1.1177
104379,1.1161
104391,1.1201
104401,1.1218
104412,1.1210
104423,1.1161
104432,1.1185
104444,1.1210
104453,1.1210
104465,1.1218
104476,1.1218
104486,1.1218
104497,1.1169
104506,1.1234
104518,1.1201
104528,1.1185
104539,1.1218
104550,1.1218
104559,1.1218
104571,1.1169
104580,1.1218
104592,1.1177
104603,1.1177
104613,1.1218
104624,1.1177
104633,1.1177
104645,1.1169
104655,1.1121
104666,1.1169
104677,1.1218
104686,1.1161
104698,1.1129
104707,1.1218
104719,1.1145
104730,1.1113
104739,1.1169
104751,1.1218
104760,1.1218
104772,1.1218
104782,1.1218
104793,1.1193
104804,1.1137
104813,1.1201
104825,1.1250
104835,1.1210
104846,1.1169
104857,1.1226
104866,1.1218
104878,1.1226
104887,1.1242
104899,1.1210
104909,1.1218
104920,1.1234
104931,1.1145
104940,1.1169
104952,1.1193
104961,1.1169
104973,1.1210
104984,1.1169
104994,1.1234
105005,1.1210
105014,1.1218
105026,1.1242
105035,1.1177
105047,1.1193
105058,1.1218
105067,1.1226
105079,1.1193
105088,1.1226
105100,1.1113
105109,1.1218
105111,1.1210
105121,1.1193
105132,1.1201
105143,1.1564
105152,1.2040
105164,1.2370
105173,1.2999
105185,1.3611
105195,1.4054
105206,1.4223
105217,1.4240
105227,1.4264
105238,1.4191
105247,1.4175
105259,1.4296
105268,1.4191
105280,1.4248
105291,1.4175
105300,1.4207
105312,1.4175
105321,1.4215
105333,1.4191
105343,1.4103
105354,1.3796
105365,1.3611
105374,1.3643
105386,1.3538
105395,1.3522
105407,1.3458
105416,1.3506
105428,1.3498
105439,1.3522
105449,1.3514
105460,1.3498
105469,1.3450
105481,1.3530
105491,1.3538
105502,1.3522
105513,1.3434
105523,1.3563
105534,1.3538
105543,1.3538
105555,1.3563
105564,1.3506
105576,1.3530
105587,1.3506
105596,1.3538
105608,1.3466
105617,1.3514
105629,1.3538
105640,1.3450
105650,1.3538
105661,1.3482
105670,1.3538
105682,1.3538
105691,1.3547
105703,1.3490
105714,1.3538
105723,1.3538
105735,1.3530
105744,1.3458
105756,1.3514
105766,1.3538
105777,1.3538
105788,1.3538
105797,1.3547
105809,1.3530
105818,1.3514
105830,1.3530
105839,1.3490
105851,1.3571
105862,1.3538
105872,1.3538
105883,1.3538
105892,1.3498
105904,1.3514
105914,1.3538
105925,1.3530
105936,1.3530
105946,1.3538
105957,1.3538
105966,1.3538
105978,1.3538
105987,1.3514
105999,1.3522
106010,1.3498
106019,1.3522
106031,1.3538
106040,1.3563
106052,1.3538
106063,1.3530
106073,1.3571
106084,1.3538
106093,1.3530
106105,1.3530
106114,1.3514
106126,1.3498
106137,1.3538
106146,1.3514
106158,1.3538
106167,1.3538
106179,1.3514
106189,1.3538
106200,1.3538
106211,1.3530
106220,1.3538
106232,1.3490
106241,1.3538
106253,1.3547
106262,1.3538
106274,1.3538
106285,1.3538
106295,1.3538
106306,1.3538
106315,1.3514
106327,1.3547
106337,1.3538
106348,1.3530
106359,1.3538
106369,1.3538
106380,1.3538
106389,1.3514
106401,1.3538
106410,1.3482
106422,1.3530
106433,1.3547
106442,1.3579
106454,1.3538
106463,1.3555
106475,1.3506
106485,1.3538
106496,1.3579
106507,1.3514
106516,1.3538
106528,1.3490
106537,1.3498
106549,1.3514
106558,1.3538
106570,1.3530
106581,1.3547
106591,1.3538
106602,1.3522
106611,1.3538
106623,1.3506
106633,1.3490
106644,1.3514
106655,1.3522
106664,1.3442
106676,1.3538
106685,1.3538
106697,1.3522
106708,1.3514
106718,1.3538
106729,1.3538
106738,1.3538
106750,1.3547
106760,1.3563
106771,1.3522
106782,1.3482
106792,1.3538
106803,1.3538
106812,1.3563
106824,1.3563
106833,1.3547
106845,1.3538
106856,1.3530
106866,1.3522
106877,1.3538
106886,1.3530
106898,1.3538
106908,1.3538
106919,1.3538
106930,1.3538
106939,1.3538
106951,1.3538
106960,1.3522
106972,1.3482
106981,1.3538
106993,1.3538
107004,1.3547
107014,1.3538
107025,1.3538
107034,1.3498
107046,1.3538
107056,1.3490
107067,1.3538
107078,1.3506
107087,1.3506
107099,1.3547
107108,1.3530
107120,1.3538
107131,1.3547
107141,1.3538
107152,1.3571
107161,1.3498
107173,1.3555
107183,1.3619
107194,1.3514
107205,1.3538
107215,1.3482
107226,1.3538
107235,1.3530
107247,1.3547
107256,1.3538
107268,1.3547
107279,1.3538
107289,1.3530
107300,1.3530
107309,1.3530
107321,1.3538
107331,1.3530
107342,1.3538
107353,1.3522
107362,1.3547
107374,1.3538
107383,1.3595
107395,1.3538
107404,1.3514
107416,1.3514
107427,1.3232
107437,1.3514
107448,1.3563
107457,1.3482
107469,1.3514
107479,1.3530
107490,1.3466
107501,1.3538
107510,1.3563
107522,1.3538
107531,1.3538
107543,1.3506
107554,1.3538
107564,1.3530
107575,1.3538
107584,1.3498
107596,1.3514
107606,1.3538
107617,1.3555
107628,1.3538
107638,1.3498
107649,1.3466
107658,1.3538
107670,1.3538
107679,1.3555
107691,1.3538
107702,1.3530
107711,1.3506
107723,1.3538
107732,1.3522
107744,1.3538
107754,1.3538
107765,1.3885
107776,1.3538
107785,1.3506
107797,1.3547
107806,1.3530
107818,1.3530
107827,1.3538
107839,1.3538
107850,1.3514
107860,1.3530
107871,1.3498
107880,1.3506
107892,1.3538
107902,1.3538
107913,1.3498
107924,1.3498
107933,1.3538
107945,1.3490
107954,1.3547
107966,1.3522
107977,1.3547
107987,1.3547
107998,1.3514
108007,1.3522
108019,1.3466
108029,1.3522
108040,1.3563
108051,1.3522
108061,1.3498
108072,1.3538
108081,1.3555
108093,1.3538
108102,1.3538
108114,1.3514
108125,1.3555
108134,1.3514
108146,1.3627
108155,1.3514
108167,1.3547
108177,1.3498
108188,1.3563
108199,1.3514
108208,1.3538
108220,1.3458
108229,1.3547
108241,1.3522
108250,1.3538
108262,1.3547
108273,1.3538
108283,1.3530
108294,1.3563
108303,1.3530
108315,1.3538
108325,1.3506
108336,1.3498
108347,1.3538
108356,1.3522
108368,1.3466
108377,1.3563
108389,1.3579
108400,1.3555
108410,1.3490
108421,1.3514
108430,1.3522
108442,1.3538
108452,1.3538
108463,1.3530
108474,1.3547
108484,1.3538
108495,1.3538
108504,1.3514
108516,1.3530
108525,1.3563
108537,1.3538
108548,1.3538
108557,1.3547
108569,1.3522
108578,1.3530
108590,1.3538
108601,1.3555
108611,1.3538
108622,1.3514
108631,1.3538
108643,1.3522
108654,1.3538
108663,1.3538
108675,1.3530
108684,1.3514
108696,1.3522
108706,1.3530
108717,1.3530
108728,1.3522
108737,1.3530
108749,1.3538
108758,1.3514
108770,1.3514
108781,1.3522
108791,1.3522
108802,1.3571
108811,1.3538
108823,1.3530
108832,1.3530
108844,1.3530
108855,1.3538
108864,1.3538
108876,1.3538
108885,1.3538
108897,1.3530
108908,1.3514
108918,1.3555
108929,1.3538
108938,1.3538
108950,1.3555
108960,1.3538
108971,1.3490
108982,1.3490
108991,1.3538
109003,1.3530
109012,1.3563
109024,1.3571
109035,1.3538
109045,1.3498
109056,1.3538
109065,1.3563
109077,1.3547
109086,1.3538
109098,1.3490
109109,1.3466
109119,1.3482
109130,1.3538
109139,1.3538
109151,1.3530
109160,1.3538
109172,1.3522
109183,1.3538
109193,1.3530
109204,1.3563
109213,1.3530
109225,1.3538
109234,1.3587
109246,1.3563
109257,1.3563
109267,1.3514
109278,1.3482
109287,1.3547
109299,1.3571
109308,1.3490
109310,1.3522
109320,1.3522
109331,1.3538
109342,1.3538
109351,1.3530
109363,1.3530
109372,1.3538
109384,1.3490
109394,1.3498
109405,1.3522
109416,1.3514
109425,1.3458
109437,1.3538
109446,1.3514
109458,1.3538
109467,1.3538
109479,1.3538
109490,1.3530
109500,1.3538
109511,1.3538
109520,1.3538
109532,1.3595
109542,1.3490
109553,1.3538
109564,1.3555
109574,1.3547
109585,1.3538
109594,1.3555
109606,1.3514
109615,1.3538
109627,1.3506
109638,1.3530
109647,1.3538
109659,1.3547
109668,1.3530
109680,1.3514
109691,1.3538
109701,1.3498
109712,1.3498
109721,1.3514
109733,1.3522
109742,1.3522
109754,1.3538
109765,1.3490
109774,1.3522
109786,1.3538
109795,1.3530
109807,1.3514
109817,1.3547
109828,1.3538
109839,1.3522
109848,1.3530
109860,1.3522
109869,1.3563
109881,1.3442
109890,1.3547
109902,1.3522
109913,1.3538
109923,1.3538
109934,1.3538
109943,1.3538
109955,1.3498
109965,1.3547
109976,1.3538
109987,1.3482
109997,1.3538
110008,1.3506
110017,1.3522
110029,1.3547
110038,1.3530
110050,1.3514
110061,1.3522
110070,1.3522
110082,1.3530
110091,1.3563
110103,1.3538
110114,1.3530
110124,1.3530
110135,1.2950
110144,1.1862
110156,1.0194
110165,0.9284
110177,0.9308
110188,1.0444
110198,1.1653
110209,1.2765
110218,1.2741
110230,1.1806
110240,1.1105
110251,1.0315
110262,0.9840
110271,1.0065
110283,1.0976
110292,1.1459
110304,1.2177
110313,1.2628
110325,1.2338
110336,1.1830
110346,1.1169
110357,1.0710
110366,1.0436
110378,1.0428
110388,1.0702
110399,1.0686
110410,1.0444
110420,1.0653
110431,1.0927
110440,1.1121
110452,1.1137
110463,1.1161
110472,1.1201
110484,1.1242
110493,1.1266
110505,1.1169
110516,1.1210
110525,1.1210
110537,1.1218
110546,1.1242
110558,1.1218
110569,1.1218
110579,1.1218
110590,1.1218
110599,1.1234
110611,1.1201
110621,1.1177
110632,1.1234
110643,1.0541
110652,1.1201
110664,1.1218
110673,1.1193
110685,1.1218
110696,1.1210
110706,1.1210
110717,1.1266
110726,1.1218
110738,1.1266
110747,1.1218
110759,1.1266
110770,1.1306
110780,1.1250
110791,1.1169
110800,1.1226
110812,1.1193
110821,1.1226
110833,1.1218
110844,1.1218
110854,1.1169
110865,1.1242
110874,1.1226
110886,1.1226
110895,1.1218
110907,1.1274
110918,1.1274
110928,1.1210
110939,1.1210
110948,1.1218
110960,1.1226
110971,1.1250
110981,1.1145
110992,1.1210
111001,1.1234
111013,1.1218
111023,1.1226
111034,1.1242
111045,1.1210
111054,1.1218
111066,1.1218
111075,1.1210
111087,1.1234
111098,1.1234
111108,1.1234
111119,1.1218
111128,1.1274
111140,1.1201
111150,1.1210
111161,1.1210
111172,1.1234
111181,1.1242
111193,1.1218
111202,1.1218
111214,1.1298
111223,1.1242
111225,1.1218
111235,1.1234
111246,1.1145
111257,1.1218
111266,1.1234
111278,1.1193
111287,1.1258
111299,1.1274
111310,1.1218
111319,1.1234
111331,1.1218
111340,1.1218
111352,1.1258
111363,1.1210
111373,1.1290
111384,1.1234
111393,1.1226
111405,1.1234
111415,1.1218
111426,1.1210
111437,1.1177
111446,1.1218
111458,1.1218
111467,1.1218
111479,1.1298
111490,1.1234
111500,1.1250
111511,1.1210
111520,1.1177
111532,1.1218
111541,1.1226
111553,1.1218
111564,1.1218
111574,1.1210
111585,1.1234
111594,1.1218
111606,1.1250
111617,1.1218
111627,1.1226
111638,1.1258
111647,1.1169
111659,1.1185
111669,1.1218
111680,1.1210
111691,1.1145
111700,1.1218
111712,1.1218
111721,1.1210
111733,1.1218
111744,1.1242
111754,1.1226
111765,1.1226
111774,1.1218
111786,1.1234
111796,1.1218
111807,1.1226
111818,1.1218
111827,1.1234
111839,1.1226
111848,1.1226
111860,1.1218
111869,1.1218
111871,1.1218
111881,1.1218
111892,1.1201
111903,1.1226
111912,1.1218
111924,1.1218
111933,1.1258
111945,1.1258
111956,1.1218
111966,1.1210
111977,1.1226
111986,1.1185
111998,1.1218
112007,1.1193
112019,1.1226
112030,1.1193
112039,1.1218
112051,1.1226
112060,1.1218
112072,1.1234
112082,1.1201
112093,1.1218
112104,1.1274
112113,1.1218
112125,1.1218
112134,1.1218
112146,1.1210
112156,1.1242
112167,1.1161
112178,1.1210
112187,1.1226
112199,1.1210
112208,1.1234
112220,1.1218
112230,1.1226
112241,1.1266
112252,1.1185
112261,1.1218
112273,1.1201
112282,1.1218
112294,1.1218
112305,1.1258
112314,1.1234
112326,1.1274
112335,1.1218
112347,1.1242
112357,1.1218
112368,1.1234
112379,1.1218
112388,1.1218
112400,1.1218
112409,1.1218
112421,1.1193
112432,1.1218
112442,1.1218
112453,1.1854
112462,1.1234
112474,1.1218
112484,1.1201
112495,1.1210
112506,1.1274
112515,1.1218
112527,1.1201
112536,1.1185
112548,1.1185
112559,1.1258
112569,1.1218
112580,1.1242
112589,1.1201
112601,1.1218
112610,1.1226
112622,1.0960
112633,1.1193
112643,1.1242
112654,1.1210
112663,1.1226
112675,1.1266
112686,1.1234
112696,1.1226
112707,1.1201
112716,1.1234
112728,1.1226
112738,1.1218
112749,1.1258
112760,1.1242
112769,1.1242
112781,1.1218
112790,1.1258
112802,1.1210
112813,1.1210
112823,1.1218
112834,1.1218
112843,1.1242
112855,1.1193
112865,1.1193
112876,1.1258
112887,1.1242
112896,1.1177
112908,1.1218
112917,1.1218
112929,1.1242
112938,1.1242
112940,1.1218
112950,1.1242
112961,1.1242
112972,1.1201
112981,1.1177
112993,1.1218
113002,1.1218
113014,1.1218
113025,1.1226
113034,1.1226
113046,1.1210
113055,1.1218
113067,1.1218
113078,1.1218
113088,1.1258
113099,1.1226
113108,1.1193
113120,1.1210
113130,1.1201
113141,1.1218
113152,1.1266
113161,1.1218
113173,1.1218
113182,1.1218
113194,1.1218
113205,1.1258
113215,1.1218
113226,1.1218
113235,1.1218
113247,1.1210
113256,1.1218
113268,1.1201
113279,1.1177
113289,1.1234
113300,1.1218
113309,1.1210
113321,1.1145
113332,1.1226
113342,1.1242
113353,1.1193
113362,1.1234
113374,1.1218
113383,1.1242
113395,1.1218
113406,1.1226
113415,1.1274
113427,1.1242
113436,1.1226
113448,1.1169
113459,1.1210
113469,1.1258
113480,1.1210
113489,1.1242
113501,1.1242
113510,1.1274
113522,1.1218
113533,1.1218
113542,1.1193
113554,1.1218
113563,1.1218
113575,1.1218
113584,1.1258
113586,1.1210
113596,1.1226
113607,1.1201
113618,1.1161
113627,1.1218
113639,1.1218
113648,1.1210
113660,1.1210
113670,1.1218
113681,1.1193
113692,1.1177
113701,1.1210
113713,1.1234
113722,1.1250
113734,1.1242
113745,1.1242
113754,1.1169
113766,1.1185
113775,1.1226
113787,1.1218
113797,1.1218
113808,1.1242
113819,1.1274
113828,1.1177
113840,1.1218
113849,1.1210
113861,1.1218
113870,1.1226
113882,1.1210
113893,1.1218
113902,1.1218
113914,1.1161
113923,1.1218
113935,1.1234
113945,1.1218
113956,1.1234
113967,1.1201
113976,1.1218
113988,1.1250
113997,1.1193
114009,1.1210
114020,1.1226
114029,1.1218
114041,1.1218
114050,1.1185
114062,1.1218
114072,1.1234
114083,1.1234
114094,1.1226
114103,1.1218
114115,1.1234
114124,1.1218
114136,1.1234
114147,1.1218
114157,1.1201
114168,1.1290
114177,1.1242
114189,1.1193
114199,1.1210
114210,1.1218
114221,1.1201
114230,1.1193
114242,1.1234
114251,1.1226
114263,1.1218
114274,1.1274
114284,1.1218
114295,1.1226
114304,1.1290
114316,1.1218
114325,1.1169
114337,1.1218
114348,1.1218
114358,1.1242
114369,1.1226
114378,1.1242
114390,1.1218
114401,1.1218
114411,1.1242
114422,1.1258
114431,1.1290
114443,1.1274
114453,1.1218
114464,1.1226
114475,1.1193
114484,1.1201
114496,1.1226
114505,1.1218
114517,1.1218
114528,1.1210
114538,1.1218
114549,1.1242
114558,1.1218
114570,1.1218
114580,1.1218
114591,1.1226
114602,1.1322
114611,1.1218
114623,1.1201
114632,1.1266
114644,1.1218
114653,1.1234
114655,1.1226
114665,1.1218
114676,1.1234
114687,1.1298
114696,1.1266
114708,1.1218
114717,1.1201
114729,1.1226
114740,1.1185
114750,1.1210
114761,1.1218
114770,1.1242
114782,1.1218
114791,1.1210
114803,1.1218
114814,1.1218
114823,1.1250
114835,1.1218
114844,1.1218
114856,1.1258
114866,1.1218
114877,1.1234
114888,1.1250
114897,1.1218
114909,1.1218
114918,1.1218
114930,1.1218
114940,1.1266
114951,1.1177
114962,1.1218
114971,1.1210
114983,1.1218
114992,1.1226
115004,1.1218
115014,1.1226
115025,1.1185
115036,1.1218
115045,1.1169
115057,1.1218
115066,1.1193
115078,1.1226
115089,1.1218
115098,1.1218
115110,1.1177
115119,1.1218
115131,1.1218
115141,1.1218
115152,1.1612
115163,1.2080
115173,1.2370
115184,1.3023
115193,1.3619
115205,1.4046
115216,1.4288
115226,1.4352
115237,1.4344
115246,1.4223
115258,1.4175
115268,1.4103
115279,1.4232
115290,1.4183
115299,1.4143
115311,1.4119
115320,1.4167
115332,1.4143
115343,1.4199
115353,1.4030
115364,1.3780
115373,1.3538
115385,1.3579
115394,1.3498
115406,1.3063
115417,1.3498
115426,1.3434
115438,1.3547
115447,1.3547
115459,1.3538
115470,1.3490
115480,1.3498
115491,1.3530
115500,1.3506
115512,1.3538
115521,1.3506
115533,1.3434
115544,1.3538
115553,1.3240
115565,1.3530
115574,1.3498
115586,1.3490
115597,1.3466
115607,1.3522
115618,1.3563
115627,1.3547
115639,1.3530
115648,1.3450
115660,1.3538
115671,1.3498
115681,1.3514
115692,1.3538
115701,1.3522
115713,1.3547
115722,1.3538
115734,1.3538
115745,1.3538
115755,1.3538
115766,1.3538
115775,1.3547
115787,1.3530
115796,1.3530
115808,1.3530
115819,1.3490
115828,1.3498
115840,1.3538
115849,1.3538
115861,1.3538
115872,1.3522
115882,1.3538
115893,1.3538
115902,1.3498
115914,1.3538
115923,1.3506
115935,1.3547
115946,1.3538
115955,1.3587
115967,1.3514
115976,1.3522
115988,1.3530
115997,1.3514
115999,1.3538
116008,1.3522
116020,1.3538
116031,1.3538
116041,1.3538
116052,1.3538
116061,1.3538
116073,1.3514
116083,1.3530
116094,1.3530
116105,1.3538
116114,1.3538
116126,1.3538
116135,1.3530
116147,1.3538
116157,1.3538
116168,1.3490
116179,1.3538
116188,1.3522
116200,1.3571
116209,1.3547
116221,1.3563
116231,1.3514
116242,1.3530
116253,1.3490
116263,1.3563
116274,1.3538
116283,1.3538
116295,1.3538
116304,1.3547
116316,1.3498
116327,1.3522
116336,1.3514
116348,1.3506
116357,1.3547
116369,1.3538
116379,1.3498
116390,1.3538
116401,1.3538
116411,1.3538
116422,1.3547
116431,1.3538
116443,1.3530
116452,1.3538
116464,1.3547
116474,1.3522
116485,1.3498
116496,1.3450
116505,1.3538
116517,1.3587
116526,1.3538
116538,1.3538
116548,1.3514
116559,1.3530
116570,1.3458
116579,1.3538
116591,1.3506
116600,1.3498
116612,1.3514
116623,1.3530
116632,1.3530
116644,1.3498
116653,1.3571
116665,1.3538
116676,1.3547
116686,1.3514
116697,1.3538
116706,1.3538
116718,1.3530
116727,1.3587
116739,1.3514
116750,1.3563
116759,1.3538
116771,1.3490
116780,1.3538
116792,1.3547
116802,1.3547
116813,1.3595
116824,1.3595
116834,1.3538
116845,1.3514
116854,1.3538
116866,1.3522
116875,1.3547
116887,1.4707
116897,1.3490
116908,1.3522
116919,1.3538
116928,1.3530
116940,1.3547
116949,1.3490
116961,1.3514
116971,1.3538
116982,1.3538
116993,1.3506
117002,1.3498
117014,1.3530
117023,1.3498
117035,1.3538
117046,1.3538
117055,1.3547
117067,1.3538
117076,1.3587
117088,1.3547
117099,1.3538
117109,1.3506
117120,1.3571
117129,1.3538
117141,1.3547
117150,1.3474
117162,1.3587
117173,1.3530
117182,1.3538
117194,1.3538
117203,1.3579
117215,1.3522
117225,1.3538
117236,1.3538
117247,1.3555
117257,1.3522
117268,1.3538
117277,1.3530
117289,1.3555
117298,1.3538
117310,1.3538
117320,1.3530
117331,1.3538
117342,1.3530
117351,1.3498
117363,1.3538
117372,1.3563
117384,1.3538
117393,1.3522
117405,1.3538
117414,1.3458
117416,1.3547
117426,1.3426
117437,1.3547
117448,1.3579
117457,1.3538
117469,1.3538
117478,1.3595
117490,1.3538
117500,1.3579
117511,1.3498
117522,1.3563
117532,1.3579
117543,1.3538
117552,1.3603
117564,1.3538
117573,1.3498
117585,1.3538
117596,1.3482
117605,1.3530
117617,1.3538
117626,1.3538
117638,1.3514
117648,1.3538
117659,1.3538
117670,1.3538
117680,1.3530
117691,1.3498
117700,1.3482
117712,1.3538
117721,1.3555
117733,1.3538
117744,1.3547
117753,1.3522
117765,1.3522
117774,1.3538
117786,1.3538
117795,1.3563
117807,1.3563
117817,1.3563
117828,1.3530
117839,1.3643
117848,1.3555
117860,1.3506
117869,1.3538
117881,1.3530
117892,1.3547
117901,1.3538
117913,1.3522
117922,1.3538
117934,1.3538
117944,1.3547
117955,1.3538
117966,1.3538
117975,1.3418
117987,1.3538
117996,1.3538
118008,1.3498
118017,1.3538
118029,1.3538
118040,1.3571
118050,1.3538
118061,1.3563
118070,1.3571
118082,1.3514
118092,1.3538
118103,1.3538
118114,1.3538
118123,1.3547
118135,1.3530
118144,1.3547
118156,1.3538
118167,1.3522
118176,1.3563
118188,1.3538
118197,1.3538
118209,1.3538
118218,1.3490
118230,1.3538
118240,1.3482
118251,1.3555
118262,1.3538
118271,1.3571
118283,1.3547
118292,1.3555
118304,1.3498
118315,1.3538
118325,1.3514
118336,1.3514
118345,1.3547
118357,1.3547
118367,1.3514
118378,1.3538
118389,1.3522
118398,1.3538
118410,1.3522
118419,1.3587
118431,1.3547
118440,1.3547
118452,1.3538
118463,1.3538
118473,1.3506
118484,1.3538
118493,1.3538
118505,1.3563
118515,1.3538
118526,1.3514
118537,1.3538
118546,1.3530
118558,1.3522
118567,1.3538
118579,1.3538
118590,1.3031
118599,1.3538
118611,1.3619
118620,1.3538
118632,1.3498
118642,1.3538
118653,1.3563
118664,1.3555
118674,1.3538
118685,1.3522
118694,1.3538
118706,1.3538
118715,1.3579
118727,1.3538
118738,1.3538
118748,1.3538
118759,1.3538
118768,1.3538
118780,1.3547
118789,1.3498
118801,1.3555
118811,1.3530
118822,1.3538
118833,1.3547
118842,1.3619
118854,1.3538
118863,1.3563
118875,1.3498
118885,1.3611
118896,1.3538
118907,1.3547
118916,1.3458
118928,1.3555
118937,1.3538
118949,1.3498
118959,1.3538
118970,1.3538
118981,1.3538
118990,1.3547
119002,1.3538
119011,1.3538
119023,1.3498
119034,1.3563
119043,1.3522
119055,1.3538
119064,1.3563
119076,1.3530
119087,1.3796
119097,1.3587
119108,1.3611
119117,1.3563
119129,1.3530
119138,1.3482
119150,1.3538
119161,1.3506
119170,1.3595
119182,1.3538
119191,1.3498
119203,1.3538
119213,1.3538
119224,1.3530
119235,1.3555
119244,1.3538
119256,1.3538
119265,1.3555
119277,1.3538
119286,1.3538
119298,1.3538
119309,1.3538
119319,1.3579
119330,1.3482
119339,1.3538
119351,1.3538
119361,1.3514
119372,1.3587
119383,1.3538
119392,1.3410
119404,1.3538
119413,1.3538
119425,1.3563
119436,1.3555
119445,1.3530
119457,1.3619
119466,1.3482
119478,1.3530
119488,1.3538
119499,1.3538
119510,1.3530
119520,1.3530
119531,1.3538
119540,1.3538
119552,1.3538
119561,1.3619
119573,1.3563
119584,1.3538
119593,1.3498
119605,1.3579
119614,1.3538
119626,1.3530
119636,1.3522
119647,1.3530
119658,1.3538
119667,1.3538
119679,1.3482
119688,1.3547
119700,1.3555
119709,1.3498
119721,1.3547
119732,1.3490
119742,1.3538
119753,1.3538
119762,1.3530
119774,1.3538
119784,1.3538
119795,1.3538
119806,1.3522
119815,1.3530
119827,1.3522
119836,1.3538
119848,1.3563
119859,1.3538
119868,1.3538
119880,1.3530
119889,1.3538
119901,1.3563
119911,1.3530
119922,1.3563
119933,1.3571
119943,1.3530
119954,1.3538
119963,1.3538
119975,1.3530
119984,1.3538
119996,1.3498
120007,1.3579
120016,1.3538
120028,1.3563
120037,1.3506
120049,1.3522
120060,1.3522
120070,1.3538
120081,1.3555
120090,1.3547
120102,1.3538
120113,1.3538
120123,1.3530
120134,1.3555
120143,1.3538
120155,1.2902
120165,1.1862
120176,1.0339
120187,0.9541
120196,0.9662
120208,1.0444
120217,1.1685
120229,1.2628
120238,1.2660
120250,1.1838
120261,1.0936
120271,1.0323
120282,0.9928
120291,1.0162
120303,1.0984
120313,1.1475
120324,1.2168
120335,1.2209
120344,1.1774
120356,1.1290
120366,1.0871
120377,1.0653
120388,1.0750
120397,1.0879
120409,1.1234
120418,1.1081
120430,1.0903
120440,1.0911
120451,1.0952
120462,1.1048
120472,1.0960
120483,1.0952
120492,1.0960
120504,1.0960
120515,1.0968
120525,1.0984
120536,1.1008
120545,1.0984
120557,1.0976
120567,1.1000
120578,1.0960
120589,1.0960
120598,1.0992
120610,1.0952
120619,1.0960
120631,1.0984
120642,1.0960
120652,1.0936
120663,1.1000
120672,1.0960
120684,1.0936
120693,1.0968
120705,1.0976
120716,1.0952
120726,1.0960
120737,1.0984
120746,1.0960
120758,1.0968
120767,1.1000
120779,1.0952
120790,1.1008
120800,1.0984
120811,1.0960
120820,1.1008
120832,1.0984
120842,1.0976
120853,1.1008
120864,1.0960
120873,1.0944
120885,1.0960
120894,1.0960
120906,1.0952
120917,1.0968
120927,1.0968
120938,1.0960
120947,1.0960
120959,1.0960
120968,1.0984
120980,1.0944
120991,1.0960
121001,1.0992
121012,1.0968
121021,1.0944
121033,1.0960
121042,1.0960
121054,1.0992
121065,1.0960
121075,1.0968
121086,1.1008
121095,1.0976
121107,1.0984
121118,1.0976
121127,1.0968
121139,1.0952
121148,1.0984
121160,1.0960
121170,1.0944
121181,1.0960
121192,1.0944
121201,1.0960
121213,1.1000
121222,1.0960
121234,1.0992
121245,1.0984
121254,1.0992
121266,1.0944
121276,1.0968
121287,1.0976
121298,1.0960
121307,1.0968
121319,1.0992
121328,1.0992
121340,1.0984
121351,1.0960
121360,1.0984
121372,1.0960
121381,1.0960
121393,1.0960
121403,1.0952
121414,1.0960
121425,1.0960
121434,1.1048
121446,1.0984
121455,1.0992
121467,1.0960
121476,1.0976
121488,1.1000
121499,1.0952
121508,1.0968
121520,1.0992
121529,1.1032
121541,1.0936
121551,1.0927
121562,1.0992
121573,1.0976
121582,1.1008
121594,1.0952
121603,1.0960
121615,1.0944
121626,1.0976
121636,1.0968
121647,1.0984
121656,1.0960
121668,1.0960
121678,1.0976
121689,1.0992
121700,1.1000
121709,1.0960
121721,1.0960
121730,1.1000
121742,1.0960
121753,1.0984
121763,1.0968
121774,1.1032
121783,1.1000
121795,1.1040
121805,1.0968
121816,1.1000
121827,1.0960
121836,1.1008
121848,1.1032
121858,1.0976
121869,1.1048
121880,1.0984
121889,1.0984
121901,1.0952
121910,1.0968
121922,1.0992
121932,1.0968
121943,1.0952
121954,1.1000
121963,1.0976
121975,1.0944
121984,1.0984
121996,1.0936
122007,1.0968
122016,1.0984
122028,1.0936
122037,1.0960
122049,1.0960
122059,1.1000
122070,1.0968
122081,1.0984
122090,1.0992
122102,1.0984
122111,1.0960
122123,1.0976
122134,1.0976
122144,1.0992
122155,1.0968
122164,1.1008
122176,1.1000
122185,1.0960
122197,1.0976
122208,1.0992
122217,1.0960
122229,1.0968
122238,1.0960
122250,1.0960
122261,1.0960
122271,1.0968
122282,1.0952
122291,1.0984
122303,1.0919
122312,1.0944
122324,1.0960
122335,1.1000
122345,1.1032
122356,1.0984
122365,1.0952
122377,1.0968
122387,1.0984
122398,1.0976
122409,1.0960
122418,1.1081
122430,1.0976
122439,1.0960
122451,1.0960
122462,1.0992
122471,1.1016
122483,1.1000
122493,1.0952
122504,1.1048
122515,1.0984
122524,1.1008
122536,1.1000
122545,1.0968
122557,1.1008
122567,1.0976
122578,1.0976
122589,1.0960
122598,1.0960
122610,1.0960
122619,1.1016
122631,1.1040
122642,1.0960
122651,1.0968
122663,1.0968
122672,1.1040
122684,1.0984
122693,1.0992
122705,1.0952
122716,1.0960
122725,1.0960
122737,1.0960
122746,1.0976
122758,1.0984
122768,1.0960
122779,1.1016
122790,1.0952
122799,1.0960
122811,1.0944
122820,1.1040
122832,1.0952
122843,1.0944
122853,1.0968
122864,1.1016
122873,1.0960
122885,1.0952
122895,1.1008
122906,1.0952
122917,1.0976
122927,1.0960
122938,1.0984
122947,1.0952
122959,1.0952
122968,1.0960
122980,1.0919
122991,1.0952
123000,1.0968
123012,1.0960
123021,1.0960
123033,1.0984
123043,1.0960
123054,1.1000
123065,1.0960
123074,1.0984
123086,1.1000
123095,1.0976
123107,1.0936
123117,1.0968
123128,1.0960
123139,1.0968
123148,1.0960
123160,1.0968
123169,1.1081
123181,1.0976
123191,1.0960
123202,1.1040
123213,1.0984
123222,1.0944
123234,1.0984
123243,1.0936
123255,1.0992
123266,1.0960
123275,1.0960
123287,1.0968
123296,1.0960
123308,1.0936
123318,1.0960
123329,1.0992
123340,1.0976
123349,1.0984
123361,1.0960
123370,1.0960
123382,1.0968
123392,1.1016
123403,1.1008
123414,1.0960
123423,1.0984
123435,1.0960
123444,1.0968
123456,1.0984
123466,1.0984
123477,1.0976
123488,1.0960
123497,1.0992
123509,1.0960
123518,1.1000
123530,1.0984
123541,1.1016
123550,1.0992
123562,1.0960
123571,1.0936
123583,1.1000
123593,1.0968
123604,1.1000
123615,1.0976
123624,1.0911
123636,1.0960
123645,1.1008
123657,1.0952
123668,1.1073
123678,1.0944
123689,1.0960
123698,1.0952
123710,1.0960
123720,1.0976
123731,1.0944
123742,1.0968
123751,1.0976
123763,1.0960
123772,1.0944
123784,1.0936
123795,1.1073
123804,1.1016
123816,1.0960
123825,1.0960
123837,1.0976
123848,1.1016
123857,1.0968
123869,1.0960
123878,1.0968
123890,1.0960
123901,1.0976
123911,1.0960
123922,1.0960
123931,1.0960
123943,1.0960
123952,1.0960
123964,1.0500
123975,1.1000
123984,1.1000
123996,1.0960
124005,1.0984
124017,1.0960
124026,1.0960
124028,1.1016
124037,1.0960
124049,1.1008
124060,1.0976
124069,1.0952
124081,1.0960
124090,1.0968
124102,1.0960
124112,1.1008
124123,1.0968
124134,1.0960
124143,1.0960
124155,1.0968
124164,1.0968
124176,1.0968
124186,1.0984
124197,1.1008
124208,1.0984
124217,1.0855
124229,1.0968
124238,1.0976
124250,1.0984
124260,1.0976
124271,1.0984
124282,1.0952
124291,1.0960
124303,1.1016
124312,1.0960
124324,1.0992
124335,1.0944
124345,1.1000
124356,1.0960
124365,1.0968
124377,1.1000
124387,1.0944
124398,1.0992
124409,1.0960
124419,1.0960
124430,1.0968
124439,1.0911
124451,1.0984
124460,1.0960
124472,1.0960
124483,1.0960
124492,1.0952
124504,1.0976
124513,1.0960
124525,1.0976
124535,1.0960
124546,1.0960
124557,1.0960
124566,1.0984
124578,1.1008
124587,1.0952
124599,1.0968
124609,1.0960
124620,1.0952
124631,1.0952
124640,1.1242
124652,1.1000
124661,1.1000
124673,1.0976
124683,1.0936
124694,1.1000
124705,1.0984
124714,1.0968
124726,1.1032
124735,1.0960
124747,1.0968
124758,1.0960
124767,1.0968
124779,1.0960
124788,1.0968
124800,1.0960
124810,1.0960
124821,1.0984
124832,1.0960
124841,1.0960
124853,1.0952
124862,1.0968
124874,1.0960
124885,1.0984
124895,1.0968
124906,1.0919
124915,1.0960
124927,1.0952
124937,1.0976
124948,1.0960
124959,1.0968
124969,1.0960
124980,1.0960
124989,1.1016
125001,1.0976
125012,1.0944
125022,1.1000
125033,1.0960
125042,1.0952
125054,1.1008
125063,1.1032
125075,1.0960
125086,1.0936
125096,1.0952
125107,1.1024
125116,1.1008
125128,1.1016
125139,1.0984
125149,1.1000
125160,1.1427
125169,1.1943
125181,1.2370
125190,1.2982
125202,1.3756
125212,1.4223
125223,1.4489
125234,1.4538
125243,1.4546
125255,1.4368
125264,1.4264
125276,1.4159
125287,1.4070
125297,1.4103
125308,1.4046
125317,1.4111
125329,1.4143
125338,1.3909
125350,1.3627
125361,1.3538
125371,1.3538
125382,1.3458
125391,1.3498
125403,1.3522
125412,1.3466
125424,1.3563
125435,1.3538
125444,1.3538
125456,1.3538
125465,1.3530
125477,1.3595
125487,1.3563
125498,1.3547
125509,1.3587
125519,1.3579
125530,1.3579
125539,1.3555
125551,1.3563
125562,1.3538
125572,1.3538
125583,1.3538
125592,1.3522
125604,1.3538
125613,1.3538
125625,1.3530
125635,1.3587
125646,1.3555
125657,1.3538
125666,1.3587
125678,1.3547
125687,1.3547
125699,1.3095
125710,1.3538
125720,1.3538
125731,1.3579
125740,1.3547
125752,1.3522
125761,1.3547
125773,1.3538
125784,1.3538
125794,1.3522
125805,1.3547
125814,1.3563
125826,1.3563
125835,1.3547
125847,1.3538
125858,1.3538
125867,1.3514
125879,1.3555
125888,1.3579
125900,1.3555
125910,1.3555
125921,1.3538
125932,1.3538
125942,1.3506
125953,1.3563
125962,1.3538
125974,1.3547
125985,1.3547
125995,1.3587
126006,1.3530
126015,1.3538
126027,1.3490
126037,1.3530
126048,1.3538
126059,1.3538
126068,1.3538
126080,1.3538
126089,1.3514
126101,1.3563
126112,1.3530
126122,1.3547
126133,1.3538
126142,1.3555
126154,1.3538
126163,1.3538
126175,1.3490
126186,1.3563
126195,1.3563
126207,1.3538
126216,1.3538
126228,1.3579
126237,1.3514
126239,1.3514
126248,1.3563
126260,1.3514
126271,1.3595
126281,1.3555
126292,1.3514
126301,1.3547
126313,1.3538
126323,1.3563
126334,1.3538
126345,1.3538
126354,1.3563
126366,1.3538
126375,1.3474
126387,1.3547
126397,1.3538
126408,1.3538
126419,1.3538
126428,1.3587
126440,1.3538
