44887,2.5323565323565322
44890,2.5238095238095237
44893,2.5274725274725274
44896,2.526251526251526
44899,2.542124542124542
44902,2.5384615384615383
44905,2.5286935286935286
44908,2.5384615384615383
44911,2.542124542124542
44914,2.537240537240537
44917,2.5274725274725274
44920,2.5213675213675213
44923,2.5335775335775335
44926,2.5409035409035408
44929,2.5213675213675213
44932,2.5274725274725274
44935,2.531135531135531
44938,2.5286935286935286
44941,2.5384615384615383
44944,2.5238095238095237
44947,2.5396825396825395
44950,2.5238095238095237
44953,2.536019536019536
44956,2.52014652014652
44959,2.5323565323565322
44962,2.5347985347985347
44965,2.537240537240537
44968,2.5384615384615383
44971,2.5347985347985347
44974,2.5384615384615383
44977,2.531135531135531
44980,2.5409035409035408
44983,2.5286935286935286
44986,2.531135531135531
44989,2.5225885225885225
44992,2.5286935286935286
44995,2.5225885225885225
44998,2.5384615384615383
45001,2.5213675213675213
45004,2.536019536019536
45007,2.5323565323565322
45010,2.5323565323565322
45013,2.5274725274725274
45016,2.5238095238095237
45019,2.5286935286935286
45022,2.542124542124542
45025,2.526251526251526
45028,2.5213675213675213
45031,2.5396825396825395
45034,2.536019536019536
45037,2.537240537240537
45040,2.543345543345543
45043,2.5274725274725274
45046,2.537240537240537
45049,2.537240537240537
45052,2.5238095238095237
45055,2.5347985347985347
45058,2.5286935286935286
45061,2.542124542124542
45064,2.5323565323565322
45067,2.543345543345543
45070,2.5409035409035408
45073,2.5323565323565322
45076,2.5225885225885225
45079,2.547008547008547
45082,2.5286935286935286
45085,2.536019536019536
45088,2.5286935286935286
45091,2.5323565323565322
45094,2.536019536019536
45097,2.5384615384615383
45100,2.5274725274725274
45103,2.5457875457875456
45106,2.5396825396825395
45109,2.536019536019536
45112,2.5347985347985347
45115,2.52991452991453
45118,2.543345543345543
45121,2.537240537240537
45124,2.537240537240537
45127,2.5384615384615383
45130,2.536019536019536
45133,2.531135531135531
45136,2.5347985347985347
45139,2.5335775335775335
45142,2.5323565323565322
45145,2.5274725274725274
45148,2.5238095238095237
45151,2.543345543345543
45154,2.5286935286935286
45157,2.5286935286935286
45160,2.536019536019536
45163,2.5384615384615383
45166,2.5323565323565322
45169,2.526251526251526
45172,2.5225885225885225
45175,2.542124542124542
45178,2.5335775335775335
45181,2.5213675213675213
45184,2.490842490842491
45187,2.5225885225885225
45190,2.531135531135531
45193,2.536019536019536
45196,2.5274725274725274
45199,2.5225885225885225
45202,2.5335775335775335
45205,2.5238095238095237
45208,2.5323565323565322
45211,2.5335775335775335
45214,2.5286935286935286
45217,2.531135531135531
45220,2.5409035409035408
45223,2.5409035409035408
45226,2.553113553113553
45229,2.526251526251526
45232,2.543345543345543
45235,2.5409035409035408
45238,2.514041514041514
45241,2.5274725274725274
45244,2.542124542124542
45247,2.5225885225885225
45250,2.537240537240537
45253,2.526251526251526
45256,2.526251526251526
45259,2.5335775335775335
45262,2.531135531135531
45265,2.5274725274725274
45268,2.52014652014652
45271,2.536019536019536
45274,2.5213675213675213
45277,2.525030525030525
45280,2.5286935286935286
45283,2.536019536019536
45286,2.5384615384615383
45289,2.536019536019536
45292,2.547008547008547
45295,2.531135531135531
45298,2.5347985347985347
45301,2.525030525030525
45304,2.5384615384615383
45307,2.5323565323565322
45310,2.5445665445665444
45313,2.5347985347985347
45316,2.5213675213675213
45319,2.5238095238095237
45322,2.5628815628815627
45325,2.5335775335775335
45328,2.5286935286935286
45331,2.5225885225885225
45334,2.5396825396825395
45337,2.5225885225885225
45340,2.5323565323565322
45343,2.5238095238095237
45346,2.5225885225885225
45349,2.5396825396825395
45352,2.5384615384615383
45355,2.5409035409035408
45358,2.5213675213675213
45361,2.526251526251526
45364,2.5384615384615383
45367,2.536019536019536
45370,2.52014652014652
45373,2.542124542124542
45376,2.5286935286935286
45379,2.536019536019536
45382,2.536019536019536
45385,2.5274725274725274
45388,2.5323565323565322
45391,2.536019536019536
45394,2.5323565323565322
45397,2.5384615384615383
45400,2.525030525030525
45403,2.5384615384615383
45406,2.536019536019536
45409,2.526251526251526
45412,2.5238095238095237
45415,2.531135531135531
45418,2.542124542124542
45421,2.536019536019536
45424,2.5335775335775335
45427,2.536019536019536
45430,2.526251526251526
45433,2.5457875457875456
45436,2.5274725274725274
45439,2.536019536019536
45442,2.5286935286935286
45445,2.5274725274725274
45448,2.5323565323565322
45451,2.542124542124542
45454,2.5409035409035408
45457,2.537240537240537
45460,2.5347985347985347
45463,2.5286935286935286
45466,2.5347985347985347
45469,2.536019536019536
45472,2.5335775335775335
45475,2.542124542124542
45478,2.531135531135531
45481,2.547008547008547
45484,2.5323565323565322
45487,2.536019536019536
45490,2.5286935286935286
45493,2.536019536019536
45496,2.5225885225885225
45499,2.5335775335775335
45502,2.5445665445665444
45505,2.526251526251526
45508,2.5274725274725274
45511,2.526251526251526
45514,2.5384615384615383
45517,2.537240537240537
45520,2.5286935286935286
45523,2.5409035409035408
45526,2.526251526251526
45529,2.526251526251526
45532,2.5286935286935286
45535,2.5286935286935286
45538,2.5396825396825395
45541,2.5409035409035408
45544,2.526251526251526
45547,2.5347985347985347
45550,2.542124542124542
45553,2.542124542124542
45556,2.5384615384615383
45559,2.5286935286935286
45562,2.536019536019536
45565,2.5274725274725274
45568,2.5323565323565322
45571,2.5274725274725274
45574,2.5225885225885225
45577,2.536019536019536
45580,2.536019536019536
45583,2.536019536019536
45586,2.5274725274725274
45589,2.5409035409035408
45592,2.537240537240537
45595,2.537240537240537
45598,2.536019536019536
45601,2.5274725274725274
45604,2.5286935286935286
45607,2.5347985347985347
45610,2.554334554334554
45613,2.5067155067155067
45616,2.5335775335775335
45619,2.5225885225885225
45622,2.52991452991453
45625,2.5335775335775335
45628,2.5274725274725274
45631,2.526251526251526
45634,2.5323565323565322
45637,2.5409035409035408
45640,2.5384615384615383
45643,2.5384615384615383
45646,2.536019536019536
45649,2.531135531135531
45652,2.525030525030525
45655,2.526251526251526
45658,2.5238095238095237
45661,2.5335775335775335
45664,2.496947496947497
45667,2.5409035409035408
45670,2.5335775335775335
45673,2.5347985347985347
45676,2.5335775335775335
45679,2.536019536019536
45682,2.5286935286935286
45685,2.5335775335775335
45688,2.543345543345543
45691,2.542124542124542
45694,2.52014652014652
45697,2.52991452991453
45700,2.5274725274725274
45703,2.5323565323565322
45706,2.5286935286935286
45709,2.5335775335775335
45712,2.5323565323565322
45715,2.5457875457875456
45718,2.537240537240537
45721,2.5286935286935286
45724,2.536019536019536
45727,2.537240537240537
45730,2.4896214896214897
45733,2.5335775335775335
45736,2.537240537240537
45739,2.5335775335775335
45742,2.5384615384615383
45745,2.542124542124542
45748,2.5274725274725274
45751,2.5384615384615383
45754,2.5274725274725274
45757,2.536019536019536
45760,2.536019536019536
45763,2.5396825396825395
45766,2.5335775335775335
45769,2.536019536019536
45772,2.5225885225885225
45775,2.5396825396825395
45778,2.536019536019536
45781,2.5347985347985347
45784,2.5323565323565322
45787,2.543345543345543
45790,2.536019536019536
45793,2.5238095238095237
45796,2.5225885225885225
45799,2.5347985347985347
45802,2.52014652014652
45805,2.536019536019536
45808,2.5286935286935286
45811,2.5238095238095237
45814,2.5384615384615383
45817,2.5238095238095237
45820,2.5347985347985347
45823,2.543345543345543
45826,2.5274725274725274
45829,2.5335775335775335
45832,2.531135531135531
45835,2.537240537240537
45838,2.52014652014652
45841,2.5445665445665444
45844,2.5238095238095237
45847,2.5457875457875456
45850,2.537240537240537
45853,2.543345543345543
45856,2.526251526251526
45859,2.525030525030525
45862,2.526251526251526
45865,2.5286935286935286
45868,2.5384615384615383
45871,2.548229548229548
45874,2.536019536019536
45877,2.5335775335775335
45880,2.5286935286935286
45883,2.536019536019536
45886,2.5409035409035408
45889,2.5384615384615383
45892,2.5335775335775335
45895,2.526251526251526
45898,2.526251526251526
45901,2.525030525030525
45904,2.537240537240537
45907,2.5409035409035408
45910,2.5347985347985347
45913,2.5323565323565322
45916,2.5238095238095237
45919,2.518925518925519
45922,2.5213675213675213
45925,2.5335775335775335
45928,2.5238095238095237
45931,2.537240537240537
45934,2.536019536019536
45937,2.5396825396825395
45940,2.5213675213675213
45943,2.5274725274725274
45946,2.5225885225885225
45949,2.543345543345543
45952,2.526251526251526
45955,2.526251526251526
45958,2.526251526251526
45961,2.5323565323565322
45964,2.5238095238095237
45967,2.5335775335775335
45970,2.5347985347985347
45973,2.5347985347985347
45976,2.543345543345543
45979,2.536019536019536
45982,2.531135531135531
45985,2.536019536019536
45988,2.536019536019536
45991,2.5238095238095237
45994,2.531135531135531
45997,2.5225885225885225
46000,2.5238095238095237
46003,2.5409035409035408
46006,2.5286935286935286
46009,2.5335775335775335
46012,2.5177045177045176
46015,2.5396825396825395
46018,2.559218559218559
46021,2.5457875457875456
46024,2.537240537240537
46027,2.5238095238095237
46030,2.5335775335775335
46033,2.5286935286935286
46036,2.5384615384615383
46039,2.5238095238095237
46042,2.543345543345543
46045,2.531135531135531
46048,2.5384615384615383
46051,2.536019536019536
46054,2.5238095238095237
46057,2.5238095238095237
46060,2.5225885225885225
46063,2.5335775335775335
46066,2.5323565323565322
46069,2.52014652014652
46072,2.5384615384615383
46075,2.5457875457875456
46078,2.5445665445665444
46081,2.5238095238095237
46084,2.5286935286935286
46087,2.531135531135531
46090,2.5384615384615383
46093,2.5347985347985347
46096,2.536019536019536
46099,2.5335775335775335
46102,2.525030525030525
46105,2.537240537240537
46108,2.5238095238095237
46111,2.5274725274725274
46114,2.526251526251526
46117,2.5323565323565322
46120,2.543345543345543
46123,2.537240537240537
46126,2.5323565323565322
46129,2.536019536019536
46132,2.5323565323565322
46135,2.5225885225885225
46138,2.5347985347985347
46141,2.5225885225885225
46144,2.536019536019536
46147,2.4932844932844933
46150,2.5225885225885225
46153,2.525030525030525
46156,2.536019536019536
46159,2.5323565323565322
46162,2.5274725274725274
46165,2.526251526251526
46168,2.5396825396825395
46171,2.5274725274725274
46174,2.5225885225885225
46177,2.5238095238095237
46180,2.5347985347985347
46183,2.5335775335775335
46186,2.5409035409035408
46189,2.5335775335775335
46192,2.537240537240537
46195,2.537240537240537
46198,2.526251526251526
46201,2.5384615384615383
46204,2.5286935286935286
46207,2.5335775335775335
46210,2.5225885225885225
46213,2.5347985347985347
46216,2.5238095238095237
46219,2.542124542124542
46222,2.525030525030525
46225,2.5286935286935286
46228,2.5347985347985347
46231,2.559218559218559
46234,2.5274725274725274
46237,2.5225885225885225
46240,2.5384615384615383
46243,2.5238095238095237
46246,2.5238095238095237
46249,2.5238095238095237
46252,2.5384615384615383
46255,2.526251526251526
46258,2.5335775335775335
46261,2.5274725274725274
46264,2.5238095238095237
46267,2.531135531135531
46270,2.5409035409035408
46273,2.5274725274725274
46276,2.5286935286935286
46279,2.5396825396825395
46282,2.542124542124542
46285,2.5323565323565322
46288,2.5409035409035408
46291,2.5274725274725274
46294,2.542124542124542
46297,2.5274725274725274
46300,2.5238095238095237
46303,2.5238095238095237
46306,2.536019536019536
46309,2.5274725274725274
46312,2.536019536019536
46315,2.554334554334554
46318,2.5335775335775335
46321,2.5274725274725274
46324,2.536019536019536
46327,2.537240537240537
46330,2.542124542124542
46333,2.526251526251526
46336,2.525030525030525
46339,2.5396825396825395
46342,2.5396825396825395
46345,2.5445665445665444
46348,2.557997557997558
46351,2.526251526251526
46354,2.5409035409035408
46357,2.5225885225885225
46360,2.5238095238095237
46363,2.525030525030525
46366,2.5286935286935286
46369,2.526251526251526
46372,2.5238095238095237
46375,2.5274725274725274
46378,2.5384615384615383
46381,2.536019536019536
46384,2.5323565323565322
46387,2.525030525030525
46390,2.5286935286935286
46393,2.526251526251526
46396,2.5323565323565322
46399,2.5335775335775335
46402,2.537240537240537
46405,2.5335775335775335
46408,2.5384615384615383
46411,2.5335775335775335
46414,2.543345543345543
46417,2.5457875457875456
46420,2.5409035409035408
46423,2.5238095238095237
46426,2.5335775335775335
46429,2.526251526251526
46432,2.531135531135531
46435,2.5274725274725274
46438,2.536019536019536
46441,2.5274725274725274
46444,2.5238095238095237
46447,2.5384615384615383
46450,2.5384615384615383
46453,2.5323565323565322
46456,2.525030525030525
46459,2.531135531135531
46462,2.526251526251526
46465,2.536019536019536
46468,2.5457875457875456
46471,2.5384615384615383
46474,2.526251526251526
46477,2.5396825396825395
46480,2.5409035409035408
46483,2.5238095238095237
46486,2.5396825396825395
46489,2.5213675213675213
46492,2.5396825396825395
46495,2.5335775335775335
46498,2.5396825396825395
46501,2.537240537240537
46504,2.542124542124542
46507,2.5238095238095237
46510,2.5323565323565322
46513,2.5238095238095237
46516,2.5604395604395602
46519,2.536019536019536
46522,2.5445665445665444
46525,2.5409035409035408
46528,2.5274725274725274
46531,2.526251526251526
46534,2.5274725274725274
46537,2.5457875457875456
46540,2.536019536019536
46543,2.5225885225885225
46546,2.536019536019536
46549,2.531135531135531
46552,2.536019536019536
46555,2.5347985347985347
46558,2.5225885225885225
46561,2.5409035409035408
46564,2.5274725274725274
46567,2.5347985347985347
46570,2.5409035409035408
46573,2.525030525030525
46576,2.536019536019536
46579,2.5347985347985347
46582,2.52014652014652
46585,2.542124542124542
46588,2.531135531135531
46591,2.531135531135531
46594,2.5286935286935286
46597,2.5286935286935286
46600,2.5323565323565322
46603,2.5384615384615383
46606,2.509157509157509
46609,2.52014652014652
46612,2.5555555555555554
46615,2.5335775335775335
46618,2.5238095238095237
46621,2.537240537240537
46624,2.5335775335775335
46627,2.5213675213675213
46630,2.5274725274725274
46633,2.5225885225885225
46636,2.5335775335775335
46639,2.5409035409035408
46642,2.5396825396825395
46645,2.526251526251526
46648,2.5238095238095237
46651,2.5409035409035408
46654,2.5347985347985347
46657,2.526251526251526
46660,2.5286935286935286
46663,2.536019536019536
46666,2.531135531135531
46669,2.543345543345543
46672,2.5274725274725274
46675,2.536019536019536
46678,2.525030525030525
46681,2.5225885225885225
46684,2.531135531135531
46687,2.5396825396825395
46690,2.5238095238095237
46693,2.526251526251526
46696,2.526251526251526
46699,2.536019536019536
46702,2.5347985347985347
46705,2.5396825396825395
46708,2.5238095238095237
46711,2.5457875457875456
46714,2.542124542124542
46717,2.5225885225885225
46720,2.5335775335775335
46723,2.5518925518925517
46726,2.5286935286935286
46729,2.5384615384615383
46732,2.536019536019536
46735,2.52991452991453
46738,2.536019536019536
46741,2.5323565323565322
46744,2.526251526251526
46747,2.5225885225885225
46750,2.5323565323565322
46753,2.5225885225885225
46756,2.5384615384615383
46759,2.5384615384615383
46762,2.5396825396825395
46765,2.526251526251526
46768,2.5225885225885225
46771,2.5409035409035408
46774,2.5335775335775335
46777,2.5384615384615383
46780,2.542124542124542
46783,2.526251526251526
46786,2.5335775335775335
46789,2.5323565323565322
46792,2.537240537240537
46795,2.536019536019536
46798,2.5396825396825395
46801,2.5384615384615383
46804,2.5286935286935286
46807,2.5335775335775335
46810,2.5213675213675213
46813,2.5238095238095237
46816,2.543345543345543
46819,2.531135531135531
46822,2.52014652014652
46825,2.5335775335775335
46828,2.531135531135531
46831,2.4871794871794872
46834,2.5323565323565322
46837,2.5286935286935286
46840,2.5213675213675213
46843,2.531135531135531
46846,2.52014652014652
46849,2.525030525030525
46852,2.5225885225885225
46855,2.536019536019536
46858,2.5286935286935286
46861,2.5238095238095237
46864,2.5384615384615383
46867,2.525030525030525
46870,2.531135531135531
46873,2.5396825396825395
46876,2.5238095238095237
46879,2.5347985347985347
46882,2.5323565323565322
46885,2.5396825396825395
46888,2.543345543345543
46891,2.542124542124542
46894,2.5323565323565322
46897,2.5457875457875456
46900,2.5396825396825395
46903,2.5396825396825395
46906,2.5347985347985347
46909,2.5286935286935286
46912,2.5335775335775335
46915,2.5409035409035408
46918,2.526251526251526
46921,2.5396825396825395
46924,2.5323565323565322
46927,2.536019536019536
46930,2.5323565323565322
46933,2.5238095238095237
46936,2.5384615384615383
46939,2.5396825396825395
46942,2.5323565323565322
46945,2.5238095238095237
46948,2.5347985347985347
46951,2.5323565323565322
46954,2.5286935286935286
46957,2.537240537240537
46960,2.526251526251526
46963,2.5409035409035408
46966,2.531135531135531
46969,2.5286935286935286
46972,2.5335775335775335
46975,2.5384615384615383
46978,2.5347985347985347
46981,2.537240537240537
46984,2.537240537240537
46987,2.543345543345543
46990,2.5238095238095237
46993,2.5445665445665444
46996,2.543345543345543
46999,2.5213675213675213
47002,2.5409035409035408
47005,2.543345543345543
47008,2.5384615384615383
47011,2.5286935286935286
47014,2.526251526251526
47017,2.537240537240537
47020,2.543345543345543
47023,2.531135531135531
47026,2.5457875457875456
47029,2.5506715506715505
47032,2.557997557997558
47035,2.5457875457875456
47038,2.559218559218559
47041,2.5506715506715505
47044,2.542124542124542
47047,2.5457875457875456
47050,2.5457875457875456
47053,2.5506715506715505
47056,2.531135531135531
47059,2.5457875457875456
47062,2.536019536019536
47065,2.5347985347985347
47068,2.5347985347985347
47071,2.526251526251526
47074,2.5323565323565322
47077,2.536019536019536
47080,2.5396825396825395
47083,2.5323565323565322
47086,2.5335775335775335
47089,2.5384615384615383
47092,2.536019536019536
47095,2.536019536019536
47098,2.536019536019536
47101,2.543345543345543
47104,2.531135531135531
47107,2.5347985347985347
47110,2.5409035409035408
47113,2.536019536019536
47116,2.5506715506715505
47119,2.5506715506715505
47122,2.531135531135531
47125,2.537240537240537
47128,2.5384615384615383
47131,2.5274725274725274
47134,2.5286935286935286
47137,2.5335775335775335
47140,2.5384615384615383
47143,2.536019536019536
47146,2.542124542124542
47149,2.5445665445665444
47152,2.537240537240537
47155,2.543345543345543
47158,2.5335775335775335
47161,2.547008547008547
47164,2.5335775335775335
47167,2.548229548229548
47170,2.5347985347985347
47173,2.5335775335775335
47176,2.5347985347985347
47179,2.536019536019536
47182,2.531135531135531
47185,2.5347985347985347
47188,2.537240537240537
47191,2.543345543345543
47194,2.5225885225885225
47197,2.5396825396825395
47200,2.537240537240537
47203,2.5396825396825395
47206,2.536019536019536
47209,2.536019536019536
47212,2.542124542124542
47215,2.5409035409035408
47218,2.543345543345543
47221,2.5409035409035408
47224,2.518925518925519
47227,2.5323565323565322
47230,2.5384615384615383
47233,2.542124542124542
47236,2.5384615384615383
47239,2.5323565323565322
47242,2.5347985347985347
47245,2.543345543345543
47248,2.52014652014652
47251,2.548229548229548
47254,2.536019536019536
47257,2.537240537240537
47260,2.547008547008547
47263,2.5286935286935286
47266,2.5286935286935286
47269,2.5396825396825395
47272,2.525030525030525
47275,2.537240537240537
47278,2.5335775335775335
47281,2.5384615384615383
47284,2.5457875457875456
47287,2.5347985347985347
47290,2.5384615384615383
47293,2.542124542124542
47296,2.537240537240537
47299,2.5396825396825395
47302,2.5445665445665444
47305,2.526251526251526
47308,2.5384615384615383
47311,2.5238095238095237
47314,2.531135531135531
47317,2.5396825396825395
47320,2.5323565323565322
47323,2.5335775335775335
47326,2.536019536019536
47329,2.5396825396825395
47332,2.52991452991453
47335,2.5409035409035408
47338,2.5286935286935286
47341,2.5396825396825395
47344,2.531135531135531
47347,2.536019536019536
47350,2.5457875457875456
47353,2.5384615384615383
47356,2.5457875457875456
47359,2.5323565323565322
47362,2.5396825396825395
47365,2.5396825396825395
47368,2.5335775335775335
47371,2.5384615384615383
47374,2.5323565323565322
47377,2.5128205128205128
47380,2.5323565323565322
47383,2.5335775335775335
47386,2.5409035409035408
47389,2.537240537240537
47392,2.5323565323565322
47395,2.5506715506715505
47398,2.5335775335775335
47401,2.5323565323565322
47404,2.5335775335775335
47407,2.5335775335775335
47410,2.5335775335775335
47413,2.5286935286935286
47416,2.5286935286935286
47419,2.5347985347985347
47422,2.5396825396825395
47425,2.525030525030525
47428,2.5225885225885225
47431,2.5274725274725274
47434,2.5384615384615383
47437,2.537240537240537
47440,2.536019536019536
47443,2.5286935286935286
47446,2.531135531135531
47449,2.536019536019536
47452,2.5323565323565322
47455,2.5286935286935286
47458,2.5335775335775335
47461,2.5274725274725274
47464,2.542124542124542
47467,2.5274725274725274
47470,2.536019536019536
47473,2.5396825396825395
47476,2.537240537240537
47479,2.5323565323565322
47482,2.5396825396825395
47485,2.5286935286935286
47488,2.5396825396825395
47491,2.525030525030525
47494,2.536019536019536
47497,2.543345543345543
47500,2.5286935286935286
47503,2.5274725274725274
47506,2.536019536019536
47509,2.5335775335775335
47512,2.526251526251526
47515,2.5286935286935286
47518,2.559218559218559
47521,2.5335775335775335
47524,2.537240537240537
47527,2.543345543345543
47530,2.5323565323565322
47533,2.537240537240537
47536,2.5238095238095237
47539,2.4871794871794872
47542,2.5396825396825395
47545,2.5445665445665444
47548,2.5409035409035408
47551,2.5286935286935286
47554,2.5396825396825395
47557,2.543345543345543
47560,2.5335775335775335
47563,2.5457875457875456
47566,2.52014652014652
47569,2.5506715506715505
47572,2.5286935286935286
47575,2.5286935286935286
47578,2.5286935286935286
47581,2.536019536019536
47584,2.5396825396825395
47587,2.537240537240537
47590,2.536019536019536
47593,2.4993894993894994
47596,2.5238095238095237
47599,2.526251526251526
47602,2.5274725274725274
47605,2.5335775335775335
47608,2.525030525030525
47611,2.5457875457875456
47614,2.5274725274725274
47617,2.547008547008547
47620,2.5274725274725274
47623,2.543345543345543
47626,2.543345543345543
47629,2.5335775335775335
47632,2.5457875457875456
47635,2.5396825396825395
47638,2.5506715506715505
47641,2.547008547008547
47644,2.5445665445665444
47647,2.5286935286935286
47650,2.5323565323565322
47653,2.5396825396825395
47656,2.5274725274725274
47659,2.542124542124542
47662,2.5506715506715505
47665,2.5396825396825395
47668,2.542124542124542
47671,2.5286935286935286
47674,2.5323565323565322
47677,2.537240537240537
47680,2.5335775335775335
47683,2.5457875457875456
47686,2.5384615384615383
47689,2.5323565323565322
47692,2.5384615384615383
47695,2.537240537240537
47698,2.542124542124542
47701,2.5323565323565322
47704,2.5409035409035408
47707,2.5238095238095237
47710,2.531135531135531
47713,2.547008547008547
47716,2.5286935286935286
47719,2.5238095238095237
47722,2.543345543345543
47725,2.5775335775335777
47728,2.537240537240537
47731,2.5445665445665444
47734,2.548229548229548
47737,2.543345543345543
47740,2.5335775335775335
47743,2.5335775335775335
47746,2.536019536019536
47749,2.5409035409035408
47752,2.526251526251526
47755,2.547008547008547
47758,2.5384615384615383
47761,2.537240537240537
47764,2.537240537240537
47767,2.526251526251526
47770,2.5274725274725274
47773,2.5335775335775335
47776,2.525030525030525
47779,2.5286935286935286
47782,2.5238095238095237
47785,2.5286935286935286
47788,2.5286935286935286
47791,2.5409035409035408
47794,2.5323565323565322
47797,2.531135531135531
47800,2.5335775335775335
47803,2.5384615384615383
47806,2.536019536019536
47809,2.5286935286935286
47812,2.537240537240537
47815,2.52991452991453
47818,2.5347985347985347
47821,2.5409035409035408
47824,2.5286935286935286
47827,2.5323565323565322
47830,2.5335775335775335
47833,2.526251526251526
47836,2.536019536019536
47839,2.543345543345543
47842,2.52991452991453
47845,2.5347985347985347
47848,2.5335775335775335
47851,2.5384615384615383
47854,2.536019536019536
47857,2.5286935286935286
47860,2.5384615384615383
47863,2.5384615384615383
47866,2.5384615384615383
47869,2.5225885225885225
47872,2.5323565323565322
47875,2.5286935286935286
47878,2.5445665445665444
47881,2.537240537240537
47884,2.5323565323565322
47887,2.5323565323565322
47890,2.542124542124542
47893,2.537240537240537
47896,2.5323565323565322
47899,2.537240537240537
47902,2.5286935286935286
47905,2.5384615384615383
47908,2.526251526251526
47911,2.5445665445665444
47914,2.537240537240537
47917,2.5384615384615383
47920,2.542124542124542
47923,2.5409035409035408
47926,2.5384615384615383
47929,2.5396825396825395
47932,2.543345543345543
47935,2.5409035409035408
47938,2.52014652014652
47941,2.543345543345543
47944,2.5286935286935286
47947,2.542124542124542
47950,2.547008547008547
47953,2.5396825396825395
47956,2.543345543345543
47959,2.536019536019536
47962,2.526251526251526
47965,2.5274725274725274
47968,2.5384615384615383
47971,2.5384615384615383
47974,2.5323565323565322
47977,2.5347985347985347
47980,2.5494505494505493
47983,2.5286935286935286
47986,2.5409035409035408
47989,2.5396825396825395
47992,2.526251526251526
47995,2.5335775335775335
47998,2.5445665445665444
48001,2.543345543345543
48004,2.531135531135531
48007,2.5335775335775335
48010,2.525030525030525
48013,2.531135531135531
48016,2.525030525030525
48019,2.5286935286935286
48022,2.5286935286935286
48025,2.509157509157509
48028,2.498168498168498
48031,2.468864468864469
48034,2.427350427350427
48037,2.4065934065934065
48040,2.3663003663003663
48043,2.340659340659341
48046,2.2967032967032965
48049,2.272283272283272
48052,2.230769230769231
48055,2.2161172161172162
48058,2.2002442002442004
48061,2.184371184371184
48064,2.191697191697192
48067,2.202686202686203
48070,2.21001221001221
48073,2.2466422466422467
48076,2.2637362637362637
48079,2.294261294261294
48082,2.324786324786325
48085,2.3614163614163615
48088,2.3797313797313797
48091,2.4175824175824174
48094,2.4383394383394386
48097,2.462759462759463
48100,2.481074481074481
48103,2.47008547008547
48106,2.474969474969475
48109,2.468864468864469
48112,2.463980463980464
48115,2.4395604395604398
48118,2.409035409035409
48121,2.3882783882783882
48124,2.365079365079365
48127,2.352869352869353
48130,2.3235653235653237
48133,2.2918192918192917
48136,2.2857142857142856
48139,2.26007326007326
48142,2.242979242979243
48145,2.2295482295482296
48148,2.238095238095238
48151,2.2332112332112333
48154,2.247863247863248
48157,2.247863247863248
48160,2.266178266178266
48163,2.283272283272283
48166,2.311355311355311
48169,2.32967032967033
48172,2.36996336996337
48175,2.3846153846153846
48178,2.3846153846153846
48181,2.415140415140415
48184,2.4249084249084247
48187,2.4249084249084247
48190,2.442002442002442
48193,2.4346764346764345
48196,2.427350427350427
48199,2.409035409035409
48202,2.421245421245421
48205,2.380952380952381
48208,2.3772893772893773
48211,2.3455433455433456
48214,2.3272283272283274
48217,2.324786324786325
48220,2.3064713064713063
48223,2.286935286935287
48226,2.2698412698412698
48229,2.266178266178266
48232,2.264957264957265
48235,2.255189255189255
48238,2.255189255189255
48241,2.2735042735042734
48244,2.2844932844932844
48247,2.293040293040293
48250,2.3064713064713063
48253,2.324786324786325
48256,2.354090354090354
48259,2.363858363858364
48262,2.36996336996337
48265,2.3833943833943834
48268,2.402930402930403
48271,2.41025641025641
48274,2.4078144078144077
48277,2.4114774114774113
48280,2.409035409035409
48283,2.391941391941392
48286,2.3797313797313797
48289,2.36996336996337
48292,2.3626373626373627
48295,2.343101343101343
48298,2.335775335775336
48301,2.3223443223443225
48304,2.304029304029304
48307,2.2857142857142856
48310,2.288156288156288
48313,2.2857142857142856
48316,2.283272283272283
48319,2.2857142857142856
48322,2.282051282051282
48325,2.294261294261294
48328,2.2857142857142856
48331,2.3015873015873014
48334,2.31013431013431
48337,2.3211233211233213
48340,2.343101343101343
48343,2.357753357753358
48346,2.3663003663003663
48349,2.3772893772893773
48352,2.3663003663003663
48355,2.3943833943833943
48358,2.3846153846153846
48361,2.382173382173382
48364,2.3846153846153846
48367,2.376068376068376
48370,2.3663003663003663
48373,2.3675213675213675
48376,2.3492063492063493
48379,2.343101343101343
48382,2.341880341880342
48385,2.324786324786325
48388,2.3076923076923075
48391,2.31013431013431
48394,2.3028083028083026
48397,2.305250305250305
48400,2.2918192918192917
48403,2.282051282051282
48406,2.2857142857142856
48409,2.293040293040293
48412,2.304029304029304
48415,2.3076923076923075
48418,2.311355311355311
48421,2.3211233211233213
48424,2.330891330891331
48427,2.3443223443223444
48430,2.3516483516483517
48433,2.374847374847375
48436,2.3626373626373627
48439,2.382173382173382
48442,2.3894993894993894
48445,2.3675213675213675
48448,2.387057387057387
48451,2.374847374847375
48454,2.3772893772893773
48457,2.3663003663003663
48460,2.3614163614163615
48463,2.341880341880342
48466,2.330891330891331
48469,2.31990231990232
48472,2.324786324786325
48475,2.3089133089133087
48478,2.3064713064713063
48481,2.3076923076923075
48484,2.3064713064713063
48487,2.2918192918192917
48490,2.3015873015873014
48493,2.3089133089133087
48496,2.31013431013431
48499,2.313797313797314
48502,2.3235653235653237
48505,2.330891330891331
48508,2.335775335775336
48511,2.3333333333333335
48514,2.3516483516483517
48517,2.3626373626373627
48520,2.3626373626373627
48523,2.3675213675213675
48526,2.380952380952381
48529,2.363858363858364
48532,2.363858363858364
48535,2.363858363858364
48538,2.3663003663003663
48541,2.36996336996337
48544,2.343101343101343
48547,2.352869352869353
48550,2.3333333333333335
48553,2.324786324786325
48556,2.3223443223443225
48559,2.3235653235653237
48562,2.3125763125763124
48565,2.3076923076923075
48568,2.311355311355311
48571,2.304029304029304
48574,2.3064713064713063
48577,2.3076923076923075
48580,2.324786324786325
48583,2.3235653235653237
48586,2.324786324786325
48589,2.336996336996337
48592,2.346764346764347
48595,2.347985347985348
48598,2.352869352869353
48601,2.3553113553113554
48604,2.3894993894993894
48607,2.352869352869353
48610,2.3601953601953602
48613,2.3614163614163615
48616,2.363858363858364
48619,2.371184371184371
48622,2.346764346764347
48625,2.340659340659341
48628,2.346764346764347
48631,2.343101343101343
48634,2.336996336996337
48637,2.324786324786325
48640,2.3235653235653237
48643,2.324786324786325
48646,2.3223443223443225
48649,2.311355311355311
48652,2.3089133089133087
48655,2.3235653235653237
48658,2.3089133089133087
48661,2.3076923076923075
48664,2.3125763125763124
48667,2.3272283272283274
48670,2.335775335775336
48673,2.3455433455433456
48676,2.343101343101343
48679,2.3443223443223444
48682,2.3565323565323566
48685,2.3504273504273505
48688,2.3443223443223444
48691,2.363858363858364
48694,2.346764346764347
48697,2.3614163614163615
48700,2.3553113553113554
48703,2.3614163614163615
48706,2.347985347985348
48709,2.3492063492063493
48712,2.3443223443223444
48715,2.3284493284493286
48718,2.330891330891331
48721,2.3272283272283274
48724,2.324786324786325
48727,2.313797313797314
48730,2.3174603174603177
48733,2.313797313797314
48736,2.3235653235653237
48739,2.318681318681319
48742,2.318681318681319
48745,2.324786324786325
48748,2.3211233211233213
48751,2.336996336996337
48754,2.336996336996337
48757,2.3333333333333335
48760,2.32967032967033
48763,2.343101343101343
48766,2.341880341880342
48769,2.357753357753358
48772,2.343101343101343
48775,2.3565323565323566
48778,2.3443223443223444
48781,2.3565323565323566
48784,2.3601953601953602
48787,2.3455433455433456
48790,2.347985347985348
48793,2.32967032967033
48796,2.3394383394383396
48799,2.3382173382173383
48802,2.335775335775336
48805,2.3272283272283274
48808,2.3321123321123323
48811,2.3211233211233213
48814,2.3162393162393164
48817,2.324786324786325
48820,2.326007326007326
48823,2.2783882783882783
48826,2.3223443223443225
48829,2.3235653235653237
48832,2.3443223443223444
48835,2.3443223443223444
48838,2.330891330891331
48841,2.3333333333333335
48844,2.3382173382173383
48847,2.3455433455433456
48850,2.3516483516483517
48853,2.352869352869353
48856,2.346764346764347
48859,2.346764346764347
48862,2.3443223443223444
48865,2.3601953601953602
48868,2.341880341880342
48871,2.3492063492063493
48874,2.3455433455433456
48877,2.340659340659341
48880,2.3284493284493286
48883,2.324786324786325
48886,2.336996336996337
48889,2.324786324786325
48892,2.3223443223443225
48895,2.3272283272283274
48898,2.3321123321123323
48901,2.3272283272283274
48904,2.3284493284493286
48907,2.3333333333333335
48910,2.324786324786325
48913,2.324786324786325
48916,2.336996336996337
48919,2.324786324786325
48922,2.32967032967033
48925,2.3284493284493286
48928,2.340659340659341
48931,2.3504273504273505
48934,2.3394383394383396
48937,2.3321123321123323
48940,2.3565323565323566
48943,2.3504273504273505
48946,2.340659340659341
48949,2.343101343101343
48952,2.346764346764347
48955,2.3443223443223444
48958,2.340659340659341
48961,2.3443223443223444
48964,2.3443223443223444
48967,2.341880341880342
48970,2.326007326007326
48973,2.3382173382173383
48976,2.324786324786325
48979,2.3382173382173383
48982,2.3028083028083026
48985,2.330891330891331
48988,2.330891330891331
48991,2.341880341880342
48994,2.3382173382173383
48997,2.3321123321123323
49000,2.3443223443223444
49003,2.3272283272283274
49006,2.341880341880342
49009,2.3382173382173383
49012,2.347985347985348
49015,2.341880341880342
49018,2.343101343101343
49021,2.391941391941392
49024,2.365079365079365
49027,2.363858363858364
49030,2.399267399267399
49033,2.4114774114774113
49036,2.4505494505494507
49039,2.474969474969475
49042,2.5177045177045176
49045,2.5567765567765566
49048,2.5995115995115996
49051,2.6385836385836385
49054,2.6788766788766787
49057,2.728937728937729
49060,2.757020757020757
49063,2.7667887667887667
49066,2.7826617826617825
49069,2.7777777777777777
49072,2.7887667887667886
49075,2.758241758241758
49078,2.7191697191697193
49081,2.7020757020757022
49084,2.663003663003663
49087,2.614163614163614
49090,2.583638583638584
49093,2.5506715506715505
49096,2.5286935286935286
49099,2.4993894993894994
49102,2.463980463980464
49105,2.4542124542124544
49108,2.431013431013431
49111,2.416361416361416
49114,2.4334554334554332
49117,2.416361416361416
49120,2.4053724053724053
49123,2.4224664224664223
49126,2.4297924297924296
49129,2.4334554334554332
49132,2.4334554334554332
49135,2.468864468864469
49138,2.496947496947497
49141,2.52014652014652
49144,2.543345543345543
49147,2.559218559218559
49150,2.578754578754579
49153,2.619047619047619
49156,2.6373626373626373
49159,2.658119658119658
49162,2.663003663003663
49165,2.67032967032967
49168,2.669108669108669
49171,2.6678876678876677
49174,2.6654456654456653
49177,2.6507936507936507
49180,2.628815628815629
49183,2.6043956043956045
49186,2.584859584859585
49189,2.5665445665445668
49192,2.553113553113553
49195,2.52991452991453
49198,2.518925518925519
49201,2.4871794871794872
49204,2.4835164835164836
49207,2.4835164835164836
49210,2.4822954822954824
49213,2.481074481074481
49216,2.4676434676434678
49219,2.4676434676434678
49222,2.4774114774114775
49225,2.474969474969475
49228,2.4786324786324787
49231,2.492063492063492
49234,2.5274725274725274
49237,2.5225885225885225
49240,2.553113553113553
49243,2.559218559218559
49246,2.5641025641025643
49249,2.619047619047619
49252,2.5811965811965814
49255,2.5946275946275947
49258,2.600732600732601
49261,2.614163614163614
49264,2.608058608058608
49267,2.614163614163614
49270,2.5982905982905984
49273,2.5873015873015874
49276,2.5811965811965814
49279,2.583638583638584
49282,2.5641025641025643
49285,2.5445665445665444
49288,2.542124542124542
49291,2.5213675213675213
49294,2.5225885225885225
49297,2.498168498168498
49300,2.5164835164835164
49303,2.509157509157509
49306,2.4884004884004884
49309,2.5128205128205128
49312,2.5164835164835164
49315,2.4993894993894994
49318,2.5115995115995116
49321,2.5128205128205128
49324,2.526251526251526
49327,2.5164835164835164
49330,2.537240537240537
49333,2.5445665445665444
49336,2.553113553113553
49339,2.5628815628815627
49342,2.5750915750915753
49345,2.578754578754579
49348,2.5775335775335777
49351,2.5775335775335777
49354,2.578754578754579
49357,2.5811965811965814
49360,2.5824175824175826
49363,2.578754578754579
49366,2.5750915750915753
49369,2.5763125763125765
49372,2.5702075702075704
49375,2.5665445665445668
49378,2.5409035409035408
49381,2.5518925518925517
49384,2.5396825396825395
49387,2.5286935286935286
49390,2.52014652014652
49393,2.526251526251526
49396,2.52014652014652
49399,2.5128205128205128
49402,2.5238095238095237
49405,2.5164835164835164
49408,2.5177045177045176
49411,2.52014652014652
49414,2.536019536019536
49417,2.5409035409035408
49420,2.5335775335775335
49423,2.542124542124542
49426,2.5567765567765566
49429,2.559218559218559
49432,2.5604395604395602
49435,2.5616605616605614
49438,2.567765567765568
49441,2.5750915750915753
49444,2.5750915750915753
49447,2.5604395604395602
49450,2.572649572649573
49453,2.578754578754579
49456,2.5457875457875456
49459,2.567765567765568
49462,2.548229548229548
49465,2.5604395604395602
49468,2.559218559218559
49471,2.5445665445665444
49474,2.5384615384615383
49477,2.5335775335775335
49480,2.5384615384615383
49483,2.531135531135531
49486,2.5384615384615383
49489,2.5323565323565322
49492,2.5213675213675213
49495,2.526251526251526
49498,2.52991452991453
49501,2.5384615384615383
49504,2.5396825396825395
49507,2.5384615384615383
49510,2.548229548229548
49513,2.5506715506715505
49516,2.553113553113553
49519,2.548229548229548
49522,2.559218559218559
49525,2.5604395604395602
49528,2.5628815628815627
49531,2.5653235653235655
49534,2.553113553113553
49537,2.5714285714285716
49540,2.559218559218559
49543,2.557997557997558
49546,2.557997557997558
49549,2.559218559218559
49552,2.5616605616605614
49555,2.5628815628815627
49558,2.553113553113553
49561,2.547008547008547
49564,2.5518925518925517
49567,2.5384615384615383
49570,2.553113553113553
49573,2.567765567765568
49576,2.5286935286935286
49579,2.548229548229548
49582,2.531135531135531
49585,2.5384615384615383
49588,2.5286935286935286
49591,2.5409035409035408
49594,2.5335775335775335
49597,2.5384615384615383
49600,2.5396825396825395
49603,2.5567765567765566
49606,2.543345543345543
49609,2.5567765567765566
49612,2.553113553113553
49615,2.559218559218559
49618,2.5702075702075704
49621,2.553113553113553
49624,2.559218559218559
49627,2.554334554334554
49630,2.5567765567765566
49633,2.559218559218559
49636,2.5567765567765566
49639,2.5653235653235655
49642,2.5555555555555554
49645,2.548229548229548
49648,2.5518925518925517
49651,2.553113553113553
49654,2.5445665445665444
49657,2.5457875457875456
49660,2.547008547008547
49663,2.5396825396825395
49666,2.5567765567765566
49669,2.5384615384615383
49672,2.548229548229548
49675,2.5457875457875456
49678,2.553113553113553
49681,2.5409035409035408
49684,2.547008547008547
49687,2.5396825396825395
49690,2.5384615384615383
49693,2.5347985347985347
49696,2.553113553113553
49699,2.5555555555555554
49702,2.5506715506715505
49705,2.554334554334554
49708,2.557997557997558
49711,2.5555555555555554
49714,2.5641025641025643
49717,2.5567765567765566
49720,2.548229548229548
49723,2.543345543345543
49726,2.559218559218559
49729,2.559218559218559
49732,2.5555555555555554
49735,2.5555555555555554
49738,2.548229548229548
49741,2.5445665445665444
49744,2.5506715506715505
49747,2.5555555555555554
49750,2.553113553113553
49753,2.5409035409035408
49756,2.557997557997558
49759,2.5384615384615383
49762,2.5506715506715505
49765,2.543345543345543
49768,2.543345543345543
49771,2.548229548229548
49774,2.543345543345543
49777,2.5409035409035408
49780,2.547008547008547
49783,2.554334554334554
49786,2.559218559218559
49789,2.5396825396825395
49792,2.5567765567765566
49795,2.548229548229548
49798,2.548229548229548
49801,2.5457875457875456
49804,2.547008547008547
49807,2.5628815628815627
49810,2.5457875457875456
49813,2.543345543345543
49816,2.5555555555555554
49819,2.547008547008547
49822,2.553113553113553
49825,2.547008547008547
49828,2.537240537240537
49831,2.5445665445665444
49834,2.547008547008547
49837,2.548229548229548
49840,2.537240537240537
49843,2.5457875457875456
49846,2.5384615384615383
49849,2.5457875457875456
49852,2.557997557997558
49855,2.5409035409035408
49858,2.5555555555555554
49861,2.5567765567765566
49864,2.5409035409035408
49867,2.543345543345543
49870,2.559218559218559
49873,2.548229548229548
49876,2.5445665445665444
49879,2.542124542124542
49882,2.542124542124542
49885,2.5286935286935286
49888,2.554334554334554
49891,2.5555555555555554
49894,2.559218559218559
49897,2.543345543345543
49900,2.5409035409035408
49903,2.559218559218559
49906,2.559218559218559
49909,2.559218559218559
49912,2.5518925518925517
49915,2.559218559218559
49918,2.542124542124542
49921,2.543345543345543
49924,2.542124542124542
49927,2.557997557997558
49930,2.5396825396825395
49933,2.5567765567765566
49936,2.548229548229548
49939,2.5555555555555554
49942,2.5457875457875456
49945,2.559218559218559
49948,2.5445665445665444
49951,2.5506715506715505
49954,2.5567765567765566
49957,2.543345543345543
49960,2.553113553113553
49963,2.5409035409035408
49966,2.553113553113553
49969,2.543345543345543
49972,2.559218559218559
49975,2.5555555555555554
49978,2.5457875457875456
49981,2.542124542124542
49984,2.5506715506715505
49987,2.5506715506715505
49990,2.559218559218559
49993,2.52014652014652
49996,2.543345543345543
49999,2.553113553113553
50002,2.5518925518925517
50005,2.5518925518925517
50008,2.5445665445665444
50011,2.557997557997558
50014,2.559218559218559
50017,2.554334554334554
50020,2.5409035409035408
50023,2.542124542124542
50026,2.52014652014652
50029,2.4822954822954824
50032,2.4481074481074483
50035,2.4224664224664223
50038,2.3797313797313797
50041,2.3614163614163615
50044,2.3174603174603177
50047,2.286935286935287
50050,2.2466422466422467
50053,2.2283272283272284
50056,2.1904761904761907
50059,2.1758241758241756
50062,2.1807081807081805
50065,2.1746031746031744
50068,2.1880341880341883
50071,2.2112332112332114
50074,2.2295482295482296
50077,2.2576312576312576
50080,2.313797313797314
50083,2.324786324786325
50086,2.3601953601953602
50089,2.4065934065934065
50092,2.4224664224664223
50095,2.452991452991453
50098,2.4774114774114775
50101,2.490842490842491
50104,2.4993894993894994
50107,2.481074481074481
50110,2.481074481074481
50113,2.457875457875458
50116,2.437118437118437
50119,2.421245421245421
50122,2.3894993894993894
50125,2.376068376068376
50128,2.343101343101343
50131,2.3162393162393164
50134,2.2967032967032965
50137,2.272283272283272
50140,2.2527472527472527
50143,2.2332112332112333
50146,2.231990231990232
50149,2.2185592185592187
50152,2.2234432234432235
50155,2.242979242979243
50158,2.2466422466422467
50161,2.272283272283272
50164,2.282051282051282
50167,2.305250305250305
50170,2.326007326007326
50173,2.3565323565323566
50176,2.3663003663003663
50179,2.3907203907203907
50182,2.4224664224664223
50185,2.4346764346764345
50188,2.437118437118437
50191,2.3907203907203907
50194,2.4481074481074483
50197,2.4346764346764345
50200,2.409035409035409
50203,2.409035409035409
50206,2.4017094017094016
50209,2.376068376068376
50212,2.357753357753358
50215,2.335775335775336
50218,2.313797313797314
50221,2.299145299145299
50224,2.2747252747252746
50227,2.255189255189255
50230,2.2625152625152625
50233,2.253968253968254
50236,2.2503052503052503
50239,2.26007326007326
50242,2.26007326007326
50245,2.283272283272283
50248,2.2844932844932844
50251,2.3125763125763124
50254,2.3272283272283274
50257,2.3272283272283274
50260,2.3614163614163615
50263,2.3724053724053724
50266,2.3907203907203907
50269,2.404151404151404
50272,2.4188034188034186
50275,2.41025641025641
50278,2.4175824175824174
50281,2.4224664224664223
50284,2.4188034188034186
50287,2.3956043956043955
50290,2.3772893772893773
50293,2.365079365079365
50296,2.352869352869353
50299,2.3443223443223444
50302,2.3150183150183152
50305,2.3174603174603177
50308,2.3516483516483517
50311,2.2844932844932844
50314,2.2747252747252746
50317,2.2808302808302807
50320,2.264957264957265
50323,2.277167277167277
50326,2.264957264957265
50329,2.286935286935287
50332,2.3003663003663
50335,2.313797313797314
50338,2.32967032967033
50341,2.3382173382173383
50344,2.352869352869353
50347,2.3553113553113554
50350,2.387057387057387
50353,2.3968253968253967
50356,2.3907203907203907
50359,2.3956043956043955
50362,2.385836385836386
50365,2.341880341880342
50368,2.3894993894993894
50371,2.3846153846153846
50374,2.385836385836386
50377,2.365079365079365
50380,2.363858363858364
50383,2.343101343101343
50386,2.324786324786325
50389,2.324786324786325
50392,2.299145299145299
50395,2.3003663003663
50398,2.293040293040293
50401,2.2783882783882783
50404,2.2783882783882783
50407,2.2905982905982905
50410,2.304029304029304
50413,2.286935286935287
50416,2.3015873015873014
50419,2.313797313797314
50422,2.324786324786325
50425,2.336996336996337
50428,2.3443223443223444
50431,2.3516483516483517
50434,2.3614163614163615
50437,2.385836385836386
50440,2.3772893772893773
50443,2.4004884004884004
50446,2.3894993894993894
50449,2.3785103785103785
50452,2.382173382173382
50455,2.3846153846153846
50458,2.3675213675213675
50461,2.363858363858364
50464,2.3516483516483517
50467,2.3455433455433456
50470,2.3394383394383396
50473,2.31990231990232
50476,2.3162393162393164
50479,2.304029304029304
50482,2.3089133089133087
50485,2.3015873015873014
50488,2.2967032967032965
50491,2.2857142857142856
50494,2.294261294261294
50497,2.304029304029304
50500,2.3089133089133087
50503,2.304029304029304
50506,2.3321123321123323
50509,2.336996336996337
50512,2.341880341880342
50515,2.3443223443223444
50518,2.3553113553113554
50521,2.36996336996337
50524,2.36996336996337
50527,2.371184371184371
50530,2.3626373626373627
50533,2.371184371184371
50536,2.363858363858364
50539,2.3675213675213675
50542,2.3516483516483517
50545,2.3455433455433456
50548,2.347985347985348
50551,2.347985347985348
50554,2.32967032967033
50557,2.324786324786325
50560,2.3174603174603177
50563,2.313797313797314
50566,2.2979242979242978
50569,2.3211233211233213
50572,2.3064713064713063
50575,2.3162393162393164
50578,2.3174603174603177
50581,2.305250305250305
50584,2.3235653235653237
50587,2.3284493284493286
50590,2.3321123321123323
50593,2.326007326007326
50596,2.3333333333333335
50599,2.352869352869353
50602,2.3553113553113554
50605,2.3492063492063493
50608,2.3553113553113554
50611,2.3565323565323566
50614,2.3663003663003663
50617,2.3614163614163615
50620,2.3614163614163615
50623,2.365079365079365
50626,2.3565323565323566
50629,2.3516483516483517
50632,2.335775335775336
50635,2.3443223443223444
50638,2.3321123321123323
50641,2.330891330891331
50644,2.324786324786325
50647,2.3211233211233213
50650,2.311355311355311
50653,2.305250305250305
50656,2.304029304029304
50659,2.3089133089133087
50662,2.305250305250305
50665,2.318681318681319
50668,2.3174603174603177
50671,2.3223443223443225
50674,2.3284493284493286
50677,2.343101343101343
50680,2.341880341880342
50683,2.343101343101343
50686,2.3614163614163615
50689,2.3516483516483517
50692,2.3565323565323566
50695,2.3626373626373627
50698,2.3553113553113554
50701,2.357753357753358
50704,2.363858363858364
50707,2.3504273504273505
50710,2.3443223443223444
50713,2.340659340659341
50716,2.335775335775336
50719,2.330891330891331
50722,2.330891330891331
50725,2.3211233211233213
50728,2.324786324786325
50731,2.3125763125763124
50734,2.3125763125763124
50737,2.313797313797314
50740,2.3089133089133087
50743,2.3089133089133087
50746,2.3223443223443225
50749,2.324786324786325
50752,2.335775335775336
50755,2.326007326007326
50758,2.340659340659341
50761,2.3284493284493286
50764,2.330891330891331
50767,2.346764346764347
50770,2.3455433455433456
50773,2.358974358974359
50776,2.347985347985348
50779,2.3626373626373627
50782,2.352869352869353
50785,2.357753357753358
50788,2.346764346764347
50791,2.340659340659341
50794,2.3455433455433456
50797,2.343101343101343
50800,2.347985347985348
50803,2.3272283272283274
50806,2.3382173382173383
50809,2.3333333333333335
50812,2.3284493284493286
50815,2.3235653235653237
50818,2.31990231990232
50821,2.313797313797314
50824,2.3174603174603177
50827,2.3223443223443225
50830,2.3211233211233213
50833,2.324786324786325
50836,2.3223443223443225
50839,2.324786324786325
50842,2.336996336996337
50845,2.330891330891331
50848,2.3455433455433456
50851,2.340659340659341
50854,2.358974358974359
50857,2.3553113553113554
50860,2.3443223443223444
50863,2.3516483516483517
50866,2.3553113553113554
50869,2.3565323565323566
50872,2.3504273504273505
50875,2.357753357753358
50878,2.3443223443223444
50881,2.335775335775336
50884,2.326007326007326
50887,2.3333333333333335
50890,2.324786324786325
50893,2.3272283272283274
50896,2.324786324786325
50899,2.3333333333333335
50902,2.3321123321123323
50905,2.3211233211233213
50908,2.326007326007326
50911,2.340659340659341
50914,2.3272283272283274
50917,2.3235653235653237
50920,2.330891330891331
50923,2.341880341880342
50926,2.330891330891331
50929,2.318681318681319
50932,2.343101343101343
50935,2.347985347985348
50938,2.340659340659341
50941,2.3382173382173383
50944,2.347985347985348
50947,2.335775335775336
50950,2.343101343101343
50953,2.3492063492063493
50956,2.3443223443223444
50959,2.357753357753358
50962,2.3272283272283274
50965,2.3394383394383396
50968,2.3284493284493286
50971,2.324786324786325
50974,2.335775335775336
50977,2.3211233211233213
50980,2.3211233211233213
50983,2.3321123321123323
50986,2.324786324786325
50989,2.3333333333333335
50992,2.330891330891331
50995,2.3284493284493286
50998,2.324786324786325
51001,2.340659340659341
51004,2.3333333333333335
51007,2.3724053724053724
51010,2.3321123321123323
51013,2.3382173382173383
51016,2.3382173382173383
51019,2.341880341880342
51022,2.3565323565323566
51025,2.352869352869353
51028,2.3772893772893773
51031,2.4053724053724053
51034,2.4297924297924296
51037,2.457875457875458
51040,2.496947496947497
51043,2.5347985347985347
51046,2.5824175824175826
51049,2.625152625152625
51052,2.6776556776556775
51055,2.6971916971916974
51058,2.746031746031746
51061,2.768009768009768
51064,2.7887667887667886
51067,2.7826617826617825
51070,2.7924297924297923
51073,2.768009768009768
51076,2.7484737484737485
51079,2.711843711843712
51082,2.688644688644689
51085,2.6434676434676434
51088,2.6117216117216118
51091,2.5714285714285716
51094,2.5323565323565322
51097,2.5115995115995116
51100,2.481074481074481
51103,2.4493284493284495
51106,2.4444444444444446
51109,2.4236874236874235
51112,2.427350427350427
51115,2.4078144078144077
51118,2.426129426129426
51121,2.4603174603174605
51124,2.4358974358974357
51127,2.4358974358974357
51130,2.442002442002442
51133,2.462759462759463
51136,2.47008547008547
51139,2.5164835164835164
51142,2.5238095238095237
51145,2.5567765567765566
51148,2.5824175824175826
51151,2.606837606837607
51154,2.617826617826618
51157,2.645909645909646
51160,2.658119658119658
51163,2.6727716727716726
51166,2.68009768009768
51169,2.6788766788766787
51172,2.656898656898657
51175,2.6605616605616604
51178,2.636141636141636
51181,2.6166056166056166
51184,2.590964590964591
51187,2.572649572649573
51190,2.5518925518925517
51193,2.531135531135531
51196,2.5213675213675213
51199,2.498168498168498
51202,2.492063492063492
51205,2.47985347985348
51208,2.4774114774114775
51211,2.4652014652014653
51214,2.468864468864469
51217,2.47008547008547
51220,2.4884004884004884
51223,2.474969474969475
51226,2.4871794871794872
51229,2.4871794871794872
51232,2.518925518925519
51235,2.5238095238095237
51238,2.5384615384615383
51241,2.5409035409035408
51244,2.5665445665445668
51247,2.57997557997558
51250,2.5750915750915753
51253,2.5982905982905984
51256,2.5995115995115996
51259,2.6056166056166057
51262,2.6117216117216118
51265,2.6117216117216118
51268,2.6056166056166057
51271,2.6056166056166057
51274,2.6043956043956045
51277,2.5750915750915753
51280,2.573870573870574
51283,2.5567765567765566
51286,2.5457875457875456
51289,2.5323565323565322
51292,2.5177045177045176
51295,2.5225885225885225
51298,2.4945054945054945
51301,2.509157509157509
51304,2.5128205128205128
51307,2.4993894993894994
51310,2.498168498168498
51313,2.5067155067155067
51316,2.4993894993894994
51319,2.5115995115995116
51322,2.515262515262515
51325,2.547008547008547
51328,2.5396825396825395
51331,2.536019536019536
51334,2.5555555555555554
51337,2.5555555555555554
51340,2.5665445665445668
51343,2.5811965811965814
51346,2.567765567765568
51349,2.584859584859585
51352,2.5921855921855923
51355,2.586080586080586
51358,2.590964590964591
51361,2.5824175824175826
51364,2.57997557997558
51367,2.5714285714285716
51370,2.5653235653235655
51373,2.5665445665445668
51376,2.5628815628815627
51379,2.5396825396825395
51382,2.547008547008547
51385,2.526251526251526
51388,2.52014652014652
51391,2.52014652014652
51394,2.52014652014652
51397,2.514041514041514
51400,2.52014652014652
51403,2.5177045177045176
51406,2.514041514041514
51409,2.5238095238095237
51412,2.5335775335775335
51415,2.5409035409035408
51418,2.536019536019536
51421,2.557997557997558
51424,2.5445665445665444
51427,2.5604395604395602
51430,2.559218559218559
51433,2.5616605616605614
51436,2.5750915750915753
51439,2.5750915750915753
51442,2.5604395604395602
51445,2.5714285714285716
51448,2.5665445665445668
51451,2.567765567765568
51454,2.559218559218559
51457,2.5653235653235655
51460,2.5714285714285716
51463,2.559218559218559
51466,2.537240537240537
51469,2.5506715506715505
51472,2.553113553113553
51475,2.537240537240537
51478,2.5409035409035408
51481,2.5335775335775335
51484,2.5335775335775335
51487,2.52014652014652
51490,2.5238095238095237
51493,2.5274725274725274
51496,2.5409035409035408
51499,2.5384615384615383
51502,2.5274725274725274
51505,2.543345543345543
51508,2.5384615384615383
51511,2.543345543345543
51514,2.5396825396825395
51517,2.5604395604395602
51520,2.554334554334554
51523,2.554334554334554
51526,2.568986568986569
51529,2.5653235653235655
51532,2.567765567765568
51535,2.5665445665445668
51538,2.553113553113553
51541,2.559218559218559
51544,2.5604395604395602
51547,2.559218559218559
51550,2.5518925518925517
51553,2.5555555555555554
51556,2.5665445665445668
51559,2.547008547008547
51562,2.548229548229548
51565,2.553113553113553
51568,2.5518925518925517
51571,2.5396825396825395
51574,2.543345543345543
51577,2.5457875457875456
51580,2.5506715506715505
51583,2.5396825396825395
51586,2.5335775335775335
51589,2.5335775335775335
51592,2.531135531135531
51595,2.531135531135531
51598,2.548229548229548
51601,2.543345543345543
51604,2.5567765567765566
51607,2.5628815628815627
51610,2.557997557997558
51613,2.5604395604395602
51616,2.5506715506715505
51619,2.5604395604395602
51622,2.5567765567765566
51625,2.5604395604395602
51628,2.553113553113553
51631,2.559218559218559
51634,2.5616605616605614
51637,2.559218559218559
51640,2.559218559218559
51643,2.557997557997558
51646,2.559218559218559
51649,2.5555555555555554
51652,2.553113553113553
51655,2.559218559218559
51658,2.5518925518925517
51661,2.548229548229548
51664,2.5409035409035408
51667,2.5518925518925517
51670,2.5347985347985347
51673,2.5457875457875456
51676,2.531135531135531
51679,2.5457875457875456
51682,2.5409035409035408
51685,2.537240537240537
51688,2.5457875457875456
51691,2.5518925518925517
51694,2.5555555555555554
51697,2.5457875457875456
51700,2.5457875457875456
51703,2.5457875457875456
51706,2.5567765567765566
51709,2.5604395604395602
51712,2.5506715506715505
51715,2.559218559218559
51718,2.559218559218559
51721,2.559218559218559
51724,2.548229548229548
51727,2.548229548229548
51730,2.559218559218559
51733,2.5409035409035408
51736,2.5567765567765566
51739,2.5445665445665444
51742,2.543345543345543
51745,2.542124542124542
51748,2.5384615384615383
51751,2.548229548229548
51754,2.5555555555555554
51757,2.5396825396825395
51760,2.5396825396825395
51763,2.553113553113553
51766,2.5567765567765566
51769,2.5457875457875456
51772,2.547008547008547
51775,2.547008547008547
51778,2.5518925518925517
51781,2.554334554334554
51784,2.5409035409035408
51787,2.5409035409035408
51790,2.5494505494505493
51793,2.553113553113553
51796,2.553113553113553
51799,2.559218559218559
51802,2.5555555555555554
51805,2.5555555555555554
51808,2.5628815628815627
51811,2.559218559218559
51814,2.547008547008547
51817,2.542124542124542
51820,2.543345543345543
51823,2.5702075702075704
51826,2.548229548229548
51829,2.5409035409035408
51832,2.5518925518925517
51835,2.5494505494505493
51838,2.5445665445665444
51841,2.5396825396825395
51844,2.5457875457875456
51847,2.547008547008547
51850,2.542124542124542
51853,2.5384615384615383
51856,2.553113553113553
51859,2.547008547008547
51862,2.548229548229548
51865,2.548229548229548
51868,2.5506715506715505
51871,2.542124542124542
51874,2.554334554334554
51877,2.5445665445665444
51880,2.559218559218559
51883,2.5457875457875456
51886,2.5518925518925517
51889,2.559218559218559
51892,2.5457875457875456
51895,2.5506715506715505
51898,2.5494505494505493
51901,2.5457875457875456
51904,2.543345543345543
51907,2.553113553113553
51910,2.543345543345543
51913,2.559218559218559
51916,2.557997557997558
51919,2.559218559218559
51922,2.5567765567765566
51925,2.5457875457875456
51928,2.5518925518925517
51931,2.5518925518925517
51934,2.553113553113553
51937,2.536019536019536
51940,2.542124542124542
51943,2.5347985347985347
51946,2.553113553113553
51949,2.559218559218559
51952,2.5384615384615383
51955,2.553113553113553
51958,2.5409035409035408
51961,2.5409035409035408
51964,2.543345543345543
51967,2.5518925518925517
51970,2.553113553113553
51973,2.5518925518925517
51976,2.554334554334554
51979,2.559218559218559
51982,2.543345543345543
51985,2.5518925518925517
51988,2.5409035409035408
51991,2.543345543345543
51994,2.559218559218559
51997,2.5518925518925517
52000,2.554334554334554
52003,2.542124542124542
52006,2.5555555555555554
52009,2.559218559218559
52012,2.5555555555555554
52015,2.5555555555555554
52018,2.5506715506715505
52021,2.5409035409035408
52024,2.536019536019536
52027,2.5213675213675213
52030,2.4676434676434678
52033,2.442002442002442
52036,2.404151404151404
52039,2.3797313797313797
52042,2.343101343101343
52045,2.299145299145299
52048,2.2686202686202686
52051,2.2454212454212454
52054,2.2234432234432235
52057,2.191697191697192
52060,2.184371184371184
52063,2.183150183150183
52066,2.173382173382173
52069,2.1953601953601956
52072,2.21001221001221
52075,2.2796092796092795
52078,2.2673992673992673
52081,2.3089133089133087
52084,2.347985347985348
52087,2.385836385836386
52090,2.4053724053724053
52093,2.4285714285714284
52096,2.4505494505494507
52099,2.515262515262515
52102,2.4896214896214897
52105,2.4822954822954824
52108,2.4884004884004884
52111,2.47008547008547
52114,2.4505494505494507
52117,2.4346764346764345
52120,2.4065934065934065
52123,2.387057387057387
52126,2.36996336996337
52129,2.3321123321123323
52132,2.3211233211233213
52135,2.283272283272283
52138,2.2735042735042734
52141,2.2466422466422467
52144,2.2393162393162394
52147,2.2222222222222223
52150,2.2161172161172162
52153,2.2112332112332114
52156,2.2344322344322345
52159,2.2503052503052503
52162,2.2673992673992673
52165,2.2905982905982905
52168,2.3235653235653237
52171,2.336996336996337
52174,2.363858363858364
52177,2.382173382173382
52180,2.399267399267399
52183,2.4224664224664223
52186,2.4285714285714284
52189,2.4505494505494507
52192,2.445665445665446
52195,2.4358974358974357
52198,2.431013431013431
52201,2.421245421245421
52204,2.413919413919414
52207,2.399267399267399
52210,2.365079365079365
52213,2.343101343101343
52216,2.3211233211233213
52219,2.3076923076923075
52222,2.2844932844932844
52225,2.283272283272283
52228,2.2625152625152625
52231,2.247863247863248
52234,2.2625152625152625
52237,2.258852258852259
52240,2.255189255189255
52243,2.2686202686202686
52246,2.2796092796092795
52249,2.3089133089133087
52252,2.313797313797314
52255,2.3235653235653237
52258,2.3382173382173383
52261,2.3553113553113554
52264,2.3675213675213675
52267,2.3846153846153846
52270,2.402930402930403
52273,2.4053724053724053
52276,2.4249084249084247
52279,2.4078144078144077
52282,2.404151404151404
52285,2.399267399267399
52288,2.387057387057387
52291,2.3894993894993894
52294,2.374847374847375
52297,2.3492063492063493
52300,2.341880341880342
52303,2.324786324786325
52306,2.3125763125763124
52309,2.2979242979242978
52312,2.2808302808302807
52315,2.272283272283272
52318,2.2673992673992673
52321,2.2625152625152625
52324,2.2735042735042734
52327,2.283272283272283
52330,2.2954822954822953
52333,2.3089133089133087
52336,2.3125763125763124
52339,2.326007326007326
52342,2.343101343101343
52345,2.3516483516483517
52348,2.3626373626373627
52351,2.387057387057387
52354,2.3968253968253967
52357,2.3943833943833943
52360,2.399267399267399
52363,2.402930402930403
52366,2.4017094017094016
52369,2.4004884004884004
52372,2.3724053724053724
52375,2.3626373626373627
52378,2.3663003663003663
52381,2.346764346764347
52384,2.3382173382173383
52387,2.324786324786325
52390,2.3064713064713063
52393,2.294261294261294
52396,2.293040293040293
52399,2.2905982905982905
52402,2.288156288156288
52405,2.2735042735042734
52408,2.2857142857142856
52411,2.283272283272283
52414,2.286935286935287
52417,2.299145299145299
52420,2.318681318681319
52423,2.313797313797314
52426,2.3333333333333335
52429,2.340659340659341
52432,2.3601953601953602
52435,2.3675213675213675
52438,2.3833943833943834
52441,2.382173382173382
52444,2.3797313797313797
52447,2.387057387057387
52450,2.3846153846153846
52453,2.3846153846153846
52456,2.3797313797313797
52459,2.365079365079365
52462,2.3553113553113554
52465,2.3565323565323566
52468,2.341880341880342
52471,2.3284493284493286
52474,2.3162393162393164
52477,2.3064713064713063
52480,2.3064713064713063
52483,2.3015873015873014
52486,2.2857142857142856
52489,2.3015873015873014
52492,2.2893772893772892
52495,2.3089133089133087
52498,2.3015873015873014
52501,2.3064713064713063
52504,2.3089133089133087
52507,2.326007326007326
52510,2.335775335775336
52513,2.3382173382173383
52516,2.357753357753358
52519,2.363858363858364
52522,2.36996336996337
52525,2.3687423687423688
52528,2.365079365079365
52531,2.3675213675213675
52534,2.363858363858364
52537,2.365079365079365
52540,2.363858363858364
52543,2.357753357753358
52546,2.365079365079365
52549,2.336996336996337
52552,2.340659340659341
52555,2.3015873015873014
52558,2.324786324786325
52561,2.3125763125763124
52564,2.3089133089133087
52567,2.3015873015873014
52570,2.318681318681319
52573,2.293040293040293
52576,2.299145299145299
52579,2.2967032967032965
52582,2.3174603174603177
52585,2.31990231990232
52588,2.3211233211233213
52591,2.3394383394383396
52594,2.330891330891331
52597,2.3333333333333335
52600,2.3504273504273505
52603,2.3626373626373627
52606,2.3553113553113554
52609,2.365079365079365
52612,2.3614163614163615
52615,2.365079365079365
52618,2.357753357753358
52621,2.363858363858364
52624,2.358974358974359
52627,2.3614163614163615
52630,2.3455433455433456
52633,2.352869352869353
52636,2.3455433455433456
52639,2.324786324786325
52642,2.318681318681319
52645,2.326007326007326
52648,2.3162393162393164
52651,2.324786324786325
52654,2.305250305250305
52657,2.3125763125763124
52660,2.324786324786325
52663,2.3211233211233213
52666,2.3174603174603177
52669,2.3223443223443225
52672,2.32967032967033
52675,2.3235653235653237
52678,2.3333333333333335
52681,2.335775335775336
52684,2.352869352869353
52687,2.3443223443223444
52690,2.3614163614163615
52693,2.357753357753358
52696,2.3516483516483517
52699,2.357753357753358
52702,2.352869352869353
52705,2.3504273504273505
52708,2.3614163614163615
52711,2.346764346764347
52714,2.3211233211233213
52717,2.340659340659341
52720,2.3382173382173383
52723,2.3284493284493286
52726,2.3284493284493286
52729,2.3211233211233213
52732,2.324786324786325
52735,2.3089133089133087
52738,2.313797313797314
52741,2.324786324786325
52744,2.3125763125763124
52747,2.313797313797314
52750,2.313797313797314
52753,2.3235653235653237
52756,2.3284493284493286
52759,2.3333333333333335
52762,2.330891330891331
52765,2.352869352869353
52768,2.346764346764347
52771,2.3565323565323566
52774,2.357753357753358
52777,2.346764346764347
52780,2.3504273504273505
52783,2.3455433455433456
52786,2.363858363858364
52789,2.3614163614163615
52792,2.3565323565323566
52795,2.340659340659341
52798,2.341880341880342
52801,2.3394383394383396
52804,2.3333333333333335
52807,2.3333333333333335
52810,2.3235653235653237
52813,2.3333333333333335
52816,2.3211233211233213
52819,2.324786324786325
52822,2.3235653235653237
52825,2.324786324786325
52828,2.318681318681319
52831,2.3284493284493286
52834,2.3321123321123323
52837,2.3382173382173383
52840,2.3284493284493286
52843,2.3284493284493286
52846,2.3284493284493286
52849,2.3443223443223444
52852,2.3443223443223444
52855,2.340659340659341
52858,2.3443223443223444
52861,2.346764346764347
52864,2.3443223443223444
52867,2.3553113553113554
52870,2.340659340659341
52873,2.352869352869353
52876,2.3455433455433456
52879,2.343101343101343
52882,2.336996336996337
52885,2.330891330891331
52888,2.336996336996337
52891,2.3284493284493286
52894,2.3284493284493286
52897,2.3235653235653237
52900,2.324786324786325
52903,2.3235653235653237
52906,2.324786324786325
52909,2.3211233211233213
52912,2.3284493284493286
52915,2.3235653235653237
52918,2.3382173382173383
52921,2.3382173382173383
52924,2.3321123321123323
52927,2.335775335775336
52930,2.32967032967033
52933,2.340659340659341
52936,2.3455433455433456
52939,2.3333333333333335
52942,2.3382173382173383
52945,2.346764346764347
52948,2.347985347985348
52951,2.343101343101343
52954,2.336996336996337
52957,2.3333333333333335
52960,2.340659340659341
52963,2.305250305250305
52966,2.3394383394383396
52969,2.3321123321123323
52972,2.324786324786325
52975,2.3321123321123323
52978,2.324786324786325
52981,2.340659340659341
52984,2.318681318681319
52987,2.32967032967033
52990,2.326007326007326
52993,2.3235653235653237
52996,2.3284493284493286
52999,2.313797313797314
53002,2.324786324786325
53005,2.3394383394383396
53008,2.341880341880342
53011,2.343101343101343
53014,2.343101343101343
53017,2.3333333333333335
53020,2.352869352869353
53023,2.3601953601953602
53026,2.3675213675213675
53029,2.3907203907203907
53032,2.4053724053724053
53035,2.4383394383394386
53038,2.47008547008547
53041,2.514041514041514
53044,2.557997557997558
53047,2.5946275946275947
53050,2.636141636141636
53053,2.694749694749695
53056,2.7155067155067156
53059,2.7484737484737485
53062,2.7814407814407813
53065,2.7924297924297923
53068,2.796092796092796
53071,2.785103785103785
53074,2.758241758241758
53077,2.7374847374847375
53080,2.6984126984126986
53083,2.673992673992674
53086,2.6336996336996337
53089,2.586080586080586
53092,2.5616605616605614
53095,2.52014652014652
53098,2.4957264957264957
53101,2.481074481074481
53104,2.3455433455433456
53107,2.4358974358974357
53110,2.4224664224664223
53113,2.421245421245421
53116,2.416361416361416
53119,2.402930402930403
53122,2.413919413919414
53125,2.421245421245421
53128,2.442002442002442
53131,2.4481074481074483
53134,2.468864468864469
53137,2.4822954822954824
53140,2.52014652014652
53143,2.5274725274725274
53146,2.559218559218559
53149,2.597069597069597
53152,2.6117216117216118
53155,2.6312576312576312
53158,2.6483516483516483
53161,2.6654456654456653
53164,2.6727716727716726
53167,2.68009768009768
53170,2.6715506715506714
53173,2.673992673992674
53176,2.656898656898657
53179,2.6373626373626373
53182,2.606837606837607
53185,2.595848595848596
53188,2.567765567765568
53191,2.5555555555555554
53194,2.5225885225885225
53197,2.5067155067155067
53200,2.4835164835164836
53203,2.4835164835164836
53206,2.485958485958486
53209,2.47008547008547
53212,2.4603174603174605
53215,2.463980463980464
53218,2.468864468864469
53221,2.4761904761904763
53224,2.4774114774114775
53227,2.6153846153846154
53230,2.4871794871794872
53233,2.5103785103785103
53236,2.518925518925519
53239,2.5286935286935286
53242,2.5457875457875456
53245,2.5628815628815627
53248,2.5665445665445668
53251,2.590964590964591
53254,2.595848595848596
53257,2.597069597069597
53260,2.601953601953602
53263,2.6117216117216118
53266,2.5982905982905984
53269,2.6153846153846154
53272,2.5982905982905984
53275,2.5946275946275947
53278,2.5750915750915753
53281,2.578754578754579
53284,2.559218559218559
53287,2.5384615384615383
53290,2.5286935286935286
53293,2.526251526251526
53296,2.5238095238095237
53299,2.52014652014652
53302,2.507936507936508
53305,2.4871794871794872
53308,2.4993894993894994
53311,2.5115995115995116
53314,2.5128205128205128
53317,2.52014652014652
53320,2.5286935286935286
53323,2.526251526251526
53326,2.5323565323565322
53329,2.5323565323565322
53332,2.5763125763125765
53335,2.548229548229548
53338,2.548229548229548
53341,2.5604395604395602
53344,2.572649572649573
53347,2.567765567765568
53350,2.5763125763125765
53353,2.584859584859585
53356,2.5775335775335777
53359,2.5873015873015874
53362,2.5873015873015874
53365,2.57997557997558
53368,2.5665445665445668
53371,2.5763125763125765
53374,2.5628815628815627
53377,2.5555555555555554
53380,2.5457875457875456
53383,2.536019536019536
53386,2.52014652014652
53389,2.5396825396825395
53392,2.5323565323565322
53395,2.5128205128205128
53398,2.5177045177045176
53401,2.4957264957264957
53404,2.52014652014652
53407,2.5238095238095237
53410,2.526251526251526
53413,2.5225885225885225
53416,2.5555555555555554
53419,2.5396825396825395
53422,2.542124542124542
53425,2.5555555555555554
53428,2.5506715506715505
53431,2.554334554334554
53434,2.5653235653235655
53437,2.557997557997558
53440,2.572649572649573
53443,2.5653235653235655
53446,2.5763125763125765
53449,2.5616605616605614
53452,2.573870573870574
53455,2.567765567765568
53458,2.557997557997558
53461,2.5628815628815627
53464,2.5616605616605614
53467,2.559218559218559
53470,2.5409035409035408
53473,2.548229548229548
53476,2.559218559218559
53479,2.5286935286935286
53482,2.526251526251526
53485,2.5225885225885225
53488,2.5238095238095237
53491,2.5335775335775335
53494,2.537240537240537
53497,2.531135531135531
53500,2.5238095238095237
53503,2.5384615384615383
53506,2.5457875457875456
53509,2.5457875457875456
53512,2.548229548229548
53515,2.5506715506715505
53518,2.557997557997558
53521,2.656898656898657
53524,2.567765567765568
53527,2.5567765567765566
53530,2.5653235653235655
53533,2.553113553113553
53536,2.5616605616605614
53539,2.567765567765568
53542,2.5628815628815627
53545,2.559218559218559
53548,2.5555555555555554
53551,2.5653235653235655
53554,2.5518925518925517
53557,2.559218559218559
53560,2.5518925518925517
53563,2.5518925518925517
53566,2.553113553113553
53569,2.5384615384615383
53572,2.5555555555555554
53575,2.5384615384615383
53578,2.5335775335775335
53581,2.5445665445665444
53584,2.5445665445665444
53587,2.5409035409035408
53590,2.5286935286935286
53593,2.536019536019536
53596,2.537240537240537
53599,2.5323565323565322
53602,2.543345543345543
53605,2.547008547008547
53608,2.548229548229548
53611,2.5506715506715505
53614,2.5641025641025643
53617,2.5628815628815627
53620,2.567765567765568
53623,2.5518925518925517
53626,2.5518925518925517
53629,2.5567765567765566
53632,2.5616605616605614
53635,2.5506715506715505
53638,2.553113553113553
53641,2.5616605616605614
53644,2.557997557997558
53647,2.5518925518925517
53650,2.5567765567765566
53653,2.5506715506715505
53656,2.5555555555555554
53659,2.5409035409035408
53662,2.542124542124542
53665,2.537240537240537
53668,2.5506715506715505
53671,2.5347985347985347
53674,2.5347985347985347
53677,2.5238095238095237
53680,2.5396825396825395
53683,2.542124542124542
53686,2.5457875457875456
53689,2.5384615384615383
53692,2.543345543345543
53695,2.5238095238095237
53698,2.537240537240537
53701,2.559218559218559
53704,2.548229548229548
53707,2.548229548229548
53710,2.557997557997558
53713,2.548229548229548
53716,2.559218559218559
53719,2.548229548229548
53722,2.557997557997558
53725,2.5494505494505493
53728,2.543345543345543
53731,2.5506715506715505
53734,2.553113553113553
53737,2.5518925518925517
53740,2.5457875457875456
53743,2.554334554334554
53746,2.548229548229548
53749,2.537240537240537
53752,2.543345543345543
53755,2.5494505494505493
53758,2.547008547008547
53761,2.547008547008547
53764,2.5445665445665444
53767,2.5274725274725274
53770,2.5396825396825395
53773,2.5506715506715505
53776,2.5457875457875456
53779,2.5409035409035408
53782,2.5384615384615383
53785,2.548229548229548
53788,2.5518925518925517
53791,2.536019536019536
53794,2.5567765567765566
53797,2.542124542124542
53800,2.5445665445665444
53803,2.572649572649573
53806,2.5555555555555554
53809,2.559218559218559
53812,2.543345543345543
53815,2.559218559218559
53818,2.543345543345543
53821,2.5555555555555554
53824,2.5384615384615383
53827,2.5604395604395602
53830,2.542124542124542
53833,2.548229548229548
53836,2.5567765567765566
53839,2.5518925518925517
53842,2.542124542124542
53845,2.5506715506715505
53848,2.5396825396825395
53851,2.5457875457875456
53854,2.5457875457875456
53857,2.5457875457875456
53860,2.547008547008547
53863,2.5384615384615383
53866,2.5555555555555554
53869,2.547008547008547
53872,2.5384615384615383
53875,2.5555555555555554
53878,2.5396825396825395
53881,2.5457875457875456
53884,2.553113553113553
53887,2.542124542124542
53890,2.5396825396825395
53893,2.559218559218559
53896,2.559218559218559
53899,2.559218559218559
53902,2.5518925518925517
53905,2.553113553113553
53908,2.548229548229548
53911,2.5628815628815627
53914,2.5506715506715505
53917,2.5555555555555554
53920,2.5409035409035408
53923,2.5384615384615383
53926,2.5409035409035408
53929,2.5384615384615383
53932,2.542124542124542
53935,2.5445665445665444
53938,2.5567765567765566
53941,2.559218559218559
53944,2.5445665445665444
53947,2.5396825396825395
53950,2.557997557997558
53953,2.5567765567765566
53956,2.547008547008547
53959,2.5518925518925517
53962,2.5457875457875456
53965,2.559218559218559
53968,2.5518925518925517
53971,2.5567765567765566
53974,2.5506715506715505
53977,2.548229548229548
53980,2.559218559218559
53983,2.5604395604395602
53986,2.5384615384615383
53989,2.553113553113553
53992,2.5506715506715505
53995,2.559218559218559
53998,2.5506715506715505
54001,2.5555555555555554
54004,2.559218559218559
54007,2.557997557997558
54010,2.554334554334554
54013,2.5567765567765566
54016,2.5457875457875456
54019,2.559218559218559
54022,2.553113553113553
54025,2.537240537240537
54028,2.4896214896214897
54031,2.4603174603174605
54034,2.442002442002442
54037,2.404151404151404
54040,2.3724053724053724
54043,2.324786324786325
54046,2.294261294261294
54049,2.2503052503052503
54052,2.2356532356532357
54055,2.2063492063492065
54058,2.1855921855921854
54061,2.1758241758241756
54064,2.1709401709401708
54067,2.177045177045177
54070,2.202686202686203
54073,2.238095238095238
54076,2.2564102564102564
54079,2.286935286935287
54082,2.3272283272283274
54085,2.3614163614163615
54088,2.387057387057387
54091,2.416361416361416
54094,2.442002442002442
54097,2.4774114774114775
54100,2.4896214896214897
54103,2.509157509157509
54106,2.4835164835164836
54109,2.481074481074481
54112,2.4725274725274726
54115,2.4603174603174605
54118,2.4334554334554332
54121,2.416361416361416
54124,2.382173382173382
54127,2.3565323565323566
54130,2.324786324786325
54133,2.3015873015873014
54136,2.2857142857142856
54139,2.255189255189255
54142,2.244200244200244
54145,2.2222222222222223
54148,2.213675213675214
54151,2.227106227106227
54154,2.2161172161172162
54157,2.244200244200244
54160,2.2527472527472527
54163,2.277167277167277
54166,2.3015873015873014
54169,2.3125763125763124
54172,2.3504273504273505
54175,2.382173382173382
54178,2.3943833943833943
54181,2.404151404151404
54184,2.4249084249084247
54187,2.442002442002442
54190,2.4395604395604398
54193,2.4493284493284495
54196,2.442002442002442
54199,2.4236874236874235
54202,2.4297924297924296
54205,2.402930402930403
54208,2.3846153846153846
54211,2.3565323565323566
54214,2.3382173382173383
54217,2.318681318681319
54220,2.31013431013431
54223,2.2857142857142856
54226,2.2783882783882783
54229,2.253968253968254
54232,2.2454212454212454
54235,2.2576312576312576
54238,2.2612942612942613
54241,2.2673992673992673
54244,2.277167277167277
54247,2.286935286935287
54250,2.299145299145299
54253,2.3076923076923075
54256,2.3333333333333335
54259,2.3614163614163615
54262,2.3675213675213675
54265,2.382173382173382
54268,2.380952380952381
54271,2.404151404151404
54274,2.42002442002442
54277,2.4236874236874235
54280,2.409035409035409
54283,2.4065934065934065
54286,2.4004884004884004
54289,2.3894993894993894
54292,2.3907203907203907
54295,2.3663003663003663
54298,2.3443223443223444
54301,2.3382173382173383
54304,2.313797313797314
54307,2.294261294261294
54310,2.2918192918192917
54313,2.2783882783882783
54316,2.283272283272283
54319,2.2637362637362637
54322,2.272283272283272
54325,2.2735042735042734
54328,2.2808302808302807
54331,2.293040293040293
54334,2.3028083028083026
54337,2.3125763125763124
54340,2.3333333333333335
54343,2.330891330891331
54346,2.3626373626373627
54349,2.3663003663003663
54352,2.3797313797313797
54355,2.3894993894993894
54358,2.398046398046398
54361,2.402930402930403
54364,2.404151404151404
54367,2.4004884004884004
54370,2.3968253968253967
54373,2.3797313797313797
54376,2.3724053724053724
54379,2.3553113553113554
54382,2.343101343101343
54385,2.346764346764347
54388,2.324786324786325
54391,2.3223443223443225
54394,2.293040293040293
54397,2.2857142857142856
54400,2.2893772893772892
54403,2.286935286935287
54406,2.277167277167277
54409,2.294261294261294
54412,2.304029304029304
54415,2.286935286935287
54418,2.3064713064713063
54421,2.324786324786325
54424,2.336996336996337
54427,2.3516483516483517
54430,2.3553113553113554
54433,2.357753357753358
54436,2.363858363858364
54439,2.3675213675213675
54442,2.391941391941392
54445,2.3833943833943834
54448,2.380952380952381
54451,2.3772893772893773
54454,2.3663003663003663
54457,2.365079365079365
54460,2.3626373626373627
54463,2.3443223443223444
54466,2.3443223443223444
54469,2.3443223443223444
54472,2.3272283272283274
54475,2.3089133089133087
54478,2.299145299145299
54481,2.299145299145299
54484,2.3015873015873014
54487,2.3064713064713063
54490,2.3015873015873014
54493,2.2979242979242978
54496,2.2979242979242978
54499,2.3125763125763124
54502,2.3223443223443225
54505,2.324786324786325
54508,2.3272283272283274
54511,2.3443223443223444
54514,2.3455433455433456
54517,2.3516483516483517
54520,2.363858363858364
54523,2.363858363858364
54526,2.363858363858364
54529,2.363858363858364
54532,2.36996336996337
54535,2.371184371184371
54538,2.363858363858364
54541,2.363858363858364
54544,2.3553113553113554
54547,2.3455433455433456
54550,2.3455433455433456
54553,2.3235653235653237
54556,2.3235653235653237
54559,2.3345543345543347
54562,2.3089133089133087
54565,2.299145299145299
54568,2.31013431013431
54571,2.299145299145299
54574,2.3015873015873014
54577,2.3064713064713063
54580,2.3162393162393164
54583,2.3089133089133087
54586,2.3235653235653237
54589,2.3223443223443225
54592,2.3333333333333335
54595,2.330891330891331
54598,2.340659340659341
54601,2.341880341880342
54604,2.3492063492063493
54607,2.3516483516483517
54610,2.357753357753358
54613,2.36996336996337
54616,2.3614163614163615
54619,2.371184371184371
54622,2.3553113553113554
54625,2.3614163614163615
54628,2.3516483516483517
54631,2.3455433455433456
54634,2.3382173382173383
54637,2.3272283272283274
54640,2.3382173382173383
54643,2.3211233211233213
54646,2.324786324786325
54649,2.3089133089133087
54652,2.313797313797314
54655,2.313797313797314
54658,2.3076923076923075
54661,2.3089133089133087
54664,2.311355311355311
54667,2.3174603174603177
54670,2.324786324786325
54673,2.3321123321123323
54676,2.340659340659341
54679,2.343101343101343
54682,2.3504273504273505
54685,2.3565323565323566
54688,2.347985347985348
54691,2.363858363858364
54694,2.3565323565323566
54697,2.36996336996337
54700,2.347985347985348
54703,2.3553113553113554
54706,2.357753357753358
54709,2.3455433455433456
54712,2.3443223443223444
54715,2.3333333333333335
54718,2.3333333333333335
54721,2.3064713064713063
54724,2.335775335775336
54727,2.3223443223443225
54730,2.3211233211233213
54733,2.3272283272283274
54736,2.324786324786325
54739,2.3076923076923075
54742,2.324786324786325
54745,2.324786324786325
54748,2.313797313797314
54751,2.31990231990232
54754,2.324786324786325
54757,2.330891330891331
54760,2.330891330891331
54763,2.341880341880342
54766,2.341880341880342
54769,2.347985347985348
