2
71755,530
71766,531
71777,532
71787,531
71797,531
71809,531
2,531
71703,531
71713,532
71724,531
71734,531
71745,532
71755,530
71766,531
71777,532
71787,531
71797,531
71809,531
99,530
110,531
120,530
131,530
141,531
151,530
162,531
173,531
183,530
193,532
203,531
215,531
225,531
235,530
245,531
256,530
267,530
277,531
287,530
297,531
308,531
319,530
329,531
339,530
350,531
360,531
371,530
381,530
392,531
402,531
412,532
423,532
434,530
444,531
454,530
465,531
476,531
486,530
496,531
506,530
518,531
528,530
538,530
548,530
559,531
570,530
580,531
590,530
601,530
611,531
622,530
632,531
643,531
653,530
663,531
674,531
685,530
695,531
705,530
715,530
727,531
737,530
747,531
757,530
768,530
779,531
789,530
799,530
809,530
820,531
831,531
841,531
851,530
862,531
873,531
883,530
893,531
904,530
914,532
925,530
935,530
946,530
956,530
966,530
977,530
988,530
998,530
1008,530
1018,530
1030,530
1040,531
1050,531
1060,531
1072,531
1082,530
1092,531
1102,530
1114,530
1124,531
1134,530
1144,530
1156,530
1166,530
1176,531
1186,530
1198,530
1208,530
1218,530
1228,531
1240,530
1250,530
1260,530
1270,530
1282,531
1292,531
1302,531
1312,530
1324,531
1334,530
1344,531
1354,530
1366,530
1376,531
1386,530
1396,530
1408,530
1418,530
1428,530
1438,530
1449,530
1460,531
1470,530
1480,531
1491,531
1502,531
1512,531
1522,530
1532,531
1544,531
1554,530
1564,530
1574,530
1586,530
1596,530
1606,530
1616,530
1628,531
1638,530
1648,530
1658,531
1670,530
1680,530
1690,530
1700,530
1712,530
1722,530
1732,531
1742,531
1754,531
1764,530
1774,531
1784,530
1796,531
1806,531
1816,530
1826,530
1838,530
1848,530
1858,530
1868,530
1880,530
1890,530
1900,530
1910,530
1922,530
1932,530
1942,531
1952,530
1964,531
1974,531
1984,530
1994,530
2006,530
2016,530
2026,531
2036,530
2048,530
2058,530
2068,530
2078,530
2089,530
2100,530
2110,530
2120,530
2131,530
2142,531
2152,530
2162,530
2173,530
2184,531
2194,531
2204,531
2214,530
2226,531
2236,530
2246,530
2256,531
2268,530
2278,531
2288,530
2298,530
2310,531
2320,529
2330,530
2340,530
2352,530
2362,531
2372,530
2382,530
2394,530
2404,530
2414,531
2424,531
2436,530
2446,531
2456,531
2466,530
2478,531
2488,530
2498,530
2508,530
2520,530
2530,530
2540,531
2550,530
2562,531
2572,530
2582,530
2592,531
2604,530
2614,531
2624,530
2634,530
2646,530
2656,532
2666,530
2676,532
2688,530
2698,530
2708,531
2718,531
2729,530
2740,531
2750,530
2760,531
2771,530
2782,530
2792,531
2802,530
2813,530
2824,531
2834,530
2844,530
2854,530
2866,530
2876,531
2886,531
2896,531
2908,532
2918,530
2928,531
2938,531
2950,530
2960,530
2970,530
2980,530
2992,531
3002,530
3012,530
3022,531
3034,530
3044,530
3054,530
3064,530
3076,531
3086,530
3096,531
3106,532
3118,530
3128,532
3138,530
3148,530
3160,530
3170,530
3180,530
3190,531
3202,530
3212,530
3222,531
3232,530
3244,530
3254,530
3264,530
3274,531
3286,530
3296,530
3306,530
3316,530
3328,531
3338,531
3348,531
3358,531
3369,530
3380,530
3390,531
3400,530
3411,531
3422,530
3432,531
3442,530
3452,531
3464,530
3474,531
3484,530
3494,530
3506,531
3516,530
3526,531
3536,531
3548,529
3558,532
3568,530
3578,532
3590,531
3600,530
3610,531
3620,530
3632,530
3642,531
3652,530
3662,530
3674,530
3684,530
3694,531
3704,530
3716,530
3726,531
3736,530
3746,531
3758,531
3768,530
3778,530
3788,531
3800,531
3810,531
3820,532
3830,530
3842,531
3852,530
3862,530
3872,530
3884,530
3894,531
3904,530
3914,531
3926,531
3936,530
3946,531
3956,530
3968,530
3978,530
3988,531
3998,530
4009,531
4020,531
4030,531
4040,531
4050,531
4062,530
4072,530
4082,530
4092,531
4104,530
4114,530
4124,530
4134,530
4146,530
4156,531
4166,530
4176,530
4188,531
4198,530
4208,531
4218,530
4230,530
4240,530
4250,532
4260,530
4272,531
4282,531
4292,531
4302,530
4314,530
4324,531
4334,530
4344,530
4356,531
4366,530
4376,531
4386,530
4398,530
4408,530
4418,530
4428,530
4440,531
4450,530
4460,531
4470,531
4482,531
4492,531
4502,531
4512,530
4524,531
4534,530
4544,530
4554,530
4566,531
4576,530
4586,530
4596,530
4608,531
4618,530
4628,530
4638,531
4648,530
4660,530
4670,529
4680,530
4690,530
4702,531
4712,531
4722,531
4732,530
4744,530
4754,531
4764,531
4774,530
4786,530
4796,530
4806,531
4816,530
4828,531
4838,531
4848,530
4858,531
4870,530
4880,530
4890,530
4900,530
4912,530
4922,531
4932,530
4942,531
4954,531
4964,531
4974,531
4984,530
4996,530
5006,530
5016,530
5026,530
5038,530
5048,530
5058,530
5068,530
5080,529
5090,531
5100,530
5110,530
5122,531
5132,530
5142,531
5152,530
5164,531
5174,533
5184,530
5194,531
5206,530
5216,530
5226,531
5236,530
5246,531
5258,531
5268,530
5278,531
5288,531
5300,530
5310,530
5320,530
5330,530
5342,531
5352,530
5362,530
5372,531
5384,530
5394,531
5404,531
5414,531
5426,532
5436,530
5446,530
5456,531
5468,530
5478,531
5488,530
5498,530
5510,530
5520,530
5530,530
5540,530
5552,530
5562,530
5572,531
5582,531
5594,530
5604,531
5614,530
5624,532
5636,530
5646,531
5656,531
5666,530
5678,530
5688,531
5698,530
5708,530
5720,530
5730,530
5740,531
5750,530
5762,531
5772,531
5782,530
5792,531
5804,530
5814,530
5824,530
5834,530
5844,531
5856,531
5866,531
5876,530
5886,531
5898,529
5908,530
5918,530
5928,530
5940,531
5950,530
5960,530
5970,530
5982,530
5992,531
6002,529
6012,530
6024,530
6034,530
6044,530
6054,531
6066,530
6076,531
6086,531
6096,531
6108,532
6118,530
6128,530
6138,530
6150,530
6160,530
6170,531
6180,530
6192,530
6202,531
6212,529
6222,531
6234,530
6244,530
6254,530
6264,530
6276,531
6286,530
6296,531
6306,531
6318,531
6328,531
6338,532
6348,530
6360,530
6370,531
6380,530
6390,530
6402,531
6412,530
6422,531
6432,530
6444,530
6454,530
6464,530
6474,531
6486,531
6496,530
6506,532
6516,530
6526,531
6538,532
6548,530
6558,532
6568,530
6580,530
6590,531
6600,530
6610,531
6622,530
6632,530
6642,530
6652,531
6664,530
6674,530
6684,530
6694,530
6706,531
6716,529
6726,530
6736,531
6748,530
6758,531
6768,531
6778,531
6790,532
6800,530
6810,531
6820,530
6832,530
6842,530
6852,530
6862,530
6874,531
6884,530
6894,530
6904,531
6916,531
6926,530
6936,530
6946,530
6958,530
6968,530
6978,530
6988,531
7000,530
7010,531
7020,531
7030,529
7042,531
7052,530
7062,530
7072,531
7083,530
7094,531
7104,531
7114,530
7124,530
7136,530
7146,530
7156,530
7166,530
7178,530
7188,531
7198,530
7208,530
7220,532
7230,531
7240,531
7250,531
7262,530
7272,530
7282,530
7292,530
7304,531
7314,530
7324,531
7334,530
7346,530
7356,531
7366,530
7376,530
7388,531
7398,530
7408,530
7418,530
7430,531
7440,530
7450,531
7460,530
7472,532
7482,531
7492,530
7502,531
7514,530
7524,531
7534,530
7544,530
7556,531
7566,530
7576,530
7586,531
7598,530
7608,530
7618,530
7628,531
7640,530
7650,530
7660,530
7670,531
7682,531
7692,531
7702,531
7712,530
7723,531
7734,531
7744,530
7754,531
7764,530
7776,530
7786,531
7796,530
7806,531
7818,530
7828,530
7838,532
7848,530
7860,530
7870,530
7880,530
7890,531
7902,531
7912,531
7922,532
7932,530
7944,530
7954,531
7964,531
7974,530
7986,530
7996,530
8006,531
8016,530
8028,531
8038,531
8048,530
8058,530
8070,531
8080,530
8090,530
8100,530
8112,530
8122,531
8132,531
8142,531
8154,531
8164,530
8174,530
8184,530
8196,530
8206,531
8216,530
8226,530
8238,530
8248,531
8258,530
8268,531
8280,530
8290,531
8300,530
8310,530
8322,531
8332,530
8342,530
8352,530
8364,530
8374,532
8384,530
8394,531
8404,530
8416,530
8426,530
8436,531
8446,531
8458,530
8468,530
8478,530
8488,531
8500,530
8510,530
8520,530
8530,530
8542,530
8552,531
8562,530
8572,530
8584,530
8594,530
8604,532
8614,530
8626,531
8636,531
8646,530
8656,531
8668,530
8678,530
8688,531
8698,530
8710,530
8720,531
8730,530
8740,530
8752,531
8762,530
8772,530
8782,530
8794,530
8804,531
8814,530
8824,531
8836,531
8846,531
8856,531
8866,530
8878,530
8888,531
8898,530
8908,530
8920,531
8930,530
8940,531
8950,530
8961,531
8972,530
8982,530
8992,530
9003,530
9014,530
9024,530
9034,530
9044,531
9056,531
9066,532
9076,530
9086,531
9098,530
9108,530
9118,531
9128,530
9140,531
9150,530
9160,530
9170,531
9182,530
9192,530
9202,531
9212,530
9224,531
9234,530
9244,530
9254,530
9266,531
9276,531
9286,531
9296,531
9308,531
9318,530
9328,530
9338,530
9350,530
9360,530
9370,531
9380,530
9392,530
9402,530
9412,529
9422,531
9434,530
9444,530
9454,531
9464,530
9476,531
9486,530
9496,530
9506,530
9518,531
9528,530
9538,532
9548,530
9560,530
9570,531
9580,530
9590,530
9602,530
9612,530
9622,530
9632,530
9644,530
9654,531
9664,530
9674,530
9684,531
9696,530
9706,531
9716,530
9726,530
9738,532
9748,530
9758,531
9768,531
9780,530
9790,530
9800,530
9810,530
9822,530
9832,530
9842,530
9852,531
9864,530
9874,530
9884,531
9894,530
9906,530
9916,530
9926,530
9936,531
9948,530
9958,531
9968,532
9978,530
9990,531
10000,530
10010,530
10020,531
10032,530
10042,530
10052,530
10063,530
10074,530
10084,530
10095,530
10105,530
10116,530
10126,530
10137,530
10147,530
10158,530
10169,531
10179,530
10189,530
10200,530
10211,530
10221,531
10231,531
10243,531
10253,531
10263,529
10273,530
10285,530
10295,530
10305,531
10316,530
10327,530
10337,531
10347,530
10358,530
10369,531
10379,530
10390,531
10400,530
10411,530
10422,531
10432,530
10442,530
10452,531
10464,531
10474,530
10484,531
10496,531
10506,530
10516,530
10526,530
10537,531
10548,530
10558,529
10569,531
10579,530
10590,531
10600,531
10611,529
10621,531
10632,530
10643,530
10653,531
10663,530
10675,530
10685,530
10695,530
10705,530
10717,531
10727,531
10737,532
10748,530
10759,530
10769,531
10779,530
10790,530
10801,530
10811,530
10822,531
10832,530
10843,530
10853,530
10864,530
10874,530
10885,531
10896,530
10906,530
10916,530
10927,530
10938,531
10948,530
10958,530
10970,531
10980,530
10990,531
11000,531
11012,530
11022,531
11032,530
11043,531
11054,530
11064,530
11075,530
11085,531
11096,530
11106,530
11117,531
11127,530
11138,531
11149,530
11159,530
11169,530
11180,530
11191,530
11201,530
11211,531
11223,531
11233,531
11243,531
11253,530
11265,530
11275,530
11285,531
11296,530
11307,530
11317,531
11327,529
11338,531
11348,530
11359,530
11370,531
11380,530
11390,530
11402,530
11412,530
11422,530
11432,530
11444,530
11454,530
11464,530
11475,530
11486,532
11496,531
11506,531
11517,531
11528,530
11538,531
11549,530
11559,530
11570,530
11580,530
11591,530
11601,531
11612,530
11623,530
11633,530
11643,530
11655,531
11665,530
11675,530
11685,531
11697,530
11707,530
11717,531
11728,531
11739,532
11749,530
11759,531
11770,531
11781,530
11791,530
11802,531
11812,530
11823,530
11833,530
11844,530
11854,530
11865,530
11876,530
11886,531
11896,530
11907,530
11918,531
11928,530
11938,531
11950,530
11960,530
11970,530
11981,531
11992,531
12002,531
12012,531
12023,530
12034,531
12044,529
12055,531
12065,530
12076,531
12086,531
12097,530
12107,531
12118,530
12129,530
12139,531
12149,530
12160,530
12171,530
12181,530
12191,530
12203,531
12213,530
12223,530
12234,532
12244,530
12255,531
12265,531
12276,530
12286,530
12297,530
12308,530
12318,531
12328,530
12339,530
12350,531
12360,530
12370,531
12382,530
12392,530
12402,531
12412,530
12424,530
12434,531
12444,530
12455,530
12466,530
12476,532
12486,531
12497,531
12508,531
12518,531
12529,530
12539,530
12550,530
12561,531
12571,531
12581,530
12592,530
12603,531
12613,530
12623,530
12635,531
12645,530
12655,530
12665,530
12677,530
12687,531
12697,530
12708,530
12719,531
12729,531
12739,530
12750,531
12761,531
12771,531
12782,530
12792,530
12803,531
12814,530
12824,530
12834,531
12845,530
12856,530
12866,530
12876,530
12888,530
12898,530
12908,530
12918,531
12930,530
12940,529
12950,531
12961,530
12972,530
12982,531
12992,530
13003,531
13014,531
13024,530
13035,531
13045,530
13056,530
13066,530
13077,530
13087,530
13097,530
13109,530
13119,531
13129,530
13140,530
13151,531
13161,530
13171,530
13182,530
13193,530
13203,530
13214,530
13224,530
13235,531
13245,531
13256,531
13266,531
13277,530
13288,530
13298,531
13308,530
13319,531
13330,530
13340,530
13350,531
13362,529
13372,530
13382,530
13392,530
13404,531
13414,530
13424,530
13435,530
13446,530
13456,530
13466,531
13477,530
13488,531
13498,531
13509,531
13519,531
13530,530
13541,530
13551,531
13561,530
13572,530
13583,530
13593,530
13603,530
13615,530
13625,530
13635,531
13645,530
13657,529
13667,531
13677,530
13688,530
13699,530
13709,530
13719,531
13730,530
13741,531
13751,532
13762,531
13772,531
13783,531
13793,530
13804,530
13814,530
13825,531
13836,531
13846,530
13856,530
13868,531
13878,530
13888,530
13898,530
13910,530
13920,530
13930,530
13941,530
13952,531
13962,530
13972,530
13983,531
13993,531
14004,531
14015,531
14025,531
14035,531
14046,530
14057,530
14067,531
14077,530
14089,530
14099,530
14109,530
14119,531
14131,530
14141,530
14151,531
14162,530
14173,531
14183,531
14194,530
14204,530
14215,531
14225,530
14236,531
14246,531
14257,531
14268,531
14278,531
14288,530
14299,530
14310,530
14320,531
14330,530
14342,530
14352,530
14362,530
14372,530
14384,531
14394,530
14404,530
14415,530
14426,530
14436,531
14446,530
14457,530
14468,531
14478,530
14489,530
14499,531
14510,531
14521,531
14531,531
14541,530
14552,530
14563,530
14573,530
14583,531
14595,531
14605,531
14615,530
14625,530
14637,530
14647,530
14657,530
14668,531
14679,530
14689,531
14699,530
14710,530
14721,530
14731,531
14742,530
14752,532
14763,531
14773,530
14784,532
14794,530
14804,530
14816,530
14826,530
14836,531
14846,530
14858,530
14868,531
14878,530
14889,530
14900,531
14910,530
14921,530
14931,530
14942,530
14952,531
14963,530
14973,530
14984,531
14995,531
15005,531
15015,531
15026,530
15037,532
15047,531
15057,530
15069,530
15079,530
15089,530
15099,532
15111,530
15121,530
15131,530
15142,530
15153,531
15163,530
15174,530
15184,531
15195,530
15205,531
15216,530
15226,530
15237,530
15248,531
15258,532
15268,531
15279,530
15290,531
15300,531
15310,530
15322,530
15332,531
15342,530
15353,531
15364,531
15374,530
15384,531
15395,530
15406,531
15416,531
15427,530
15437,530
15448,530
15458,530
15469,530
15479,530
15490,530
15501,531
15511,531
15521,531
15532,531
15543,530
15553,531
15563,530
15575,530
15585,531
15595,530
15605,530
15617,530
15627,530
15637,530
15648,530
15659,531
15669,530
15679,530
15690,530
15700,530
15711,530
15722,530
15732,531
15742,530
15754,531
15764,531
15774,530
15784,531
15796,531
15806,530
15816,531
15827,530
15838,530
15848,531
15858,530
15869,531
15880,530
15890,530
15901,531
15911,530
15922,531
15932,530
15943,530
15953,530
15964,530
15975,530
15985,530
15995,530
16007,531
16017,532
16027,530
16037,531
16049,531
16059,530
16069,530
16080,530
16091,530
16101,531
16111,530
16122,530
16133,531
16143,530
16154,531
16164,531
16175,530
16185,530
16196,530
16206,530
16217,531
16228,530
16238,530
16248,530
16260,531
16270,531
16280,531
16290,531
16302,531
16312,530
16322,530
16333,530
16344,531
16354,530
16364,531
16375,530
16386,530
16396,530
16407,530
16417,531
16428,530
16438,530
16449,531
16459,530
16470,530
16481,530
16491,530
16501,531
16512,531
16523,531
16533,532
16543,531
16555,531
16565,531
16575,530
16585,530
16596,530
16607,530
16617,531
16628,530
16638,530
16649,531
16660,530
16670,531
16680,530
16691,530
16702,531
16712,530
16722,530
16734,530
16744,530
16754,530
16764,531
16776,531
16786,532
16796,531
16807,529
16818,531
16828,530
16838,530
16849,531
16860,530
16870,530
16881,530
16891,530
16902,530
16912,530
16923,530
16933,531
16944,530
16955,530
16965,530
16975,530
16987,530
16997,530
17007,530
17017,530
17029,531
17039,531
17049,531
17060,530
17071,530
17081,530
17091,530
17102,530
17113,531
17123,530
17134,530
17144,530
17155,530
17165,531
17176,530
17186,530
17197,531
17208,530
17218,531
17228,530
17239,530
17250,530
17260,530
17270,530
17282,532
17292,531
17302,531
17313,531
17324,530
17334,530
17344,530
17355,530
17366,531
17376,530
17387,530
17397,530
17408,530
17418,531
17429,531
17439,530
17449,530
17461,529
17471,530
17481,531
17491,530
17503,530
17513,531
17523,530
17534,532
17545,531
17555,531
17565,531
17576,530
17587,530
17597,530
17608,530
17618,530
17629,531
17640,530
17650,531
17660,531
17671,530
17682,530
17692,530
17702,530
17714,530
17724,530
17734,531
17744,530
17756,530
17766,532
17776,530
17787,531
17798,531
17808,531
17818,530
17829,531
17840,530
17850,531
17861,531
17871,529
17882,531
17892,530
17903,531
17913,531
17924,530
17935,531
17945,530
17955,530
17967,532
17977,530
17987,531
17997,530
18009,530
18019,530
18029,531
18040,531
18051,531
18061,531
18071,530
18082,530
18093,530
18103,530
18114,531
18124,531
18135,531
18145,530
18156,530
18166,532
18177,530
18188,530
18198,532
18208,530
18219,530
18230,531
18240,530
18250,531
18262,530
18272,531
18282,532
18293,530
18304,531
18314,532
18324,531
18335,531
18345,530
18356,531
18367,530
18377,531
18387,530
18398,531
18409,530
18419,530
18429,531
18441,530
18451,531
18461,530
18471,530
18483,530
18493,530
18503,530
18514,530
18525,530
18535,532
18546,531
18556,530
18567,531
18577,531
18588,530
18598,531
18609,530
18620,531
18630,531
18640,530
18651,531
18662,530
18672,530
18682,531
18694,530
18704,530
18714,530
18724,530
18736,530
18746,530
18756,530
18767,530
18778,531
18788,531
18799,531
18809,531
18820,531
18830,531
18841,530
18851,531
18862,530
18873,530
18883,532
18893,530
18904,530
18915,531
18925,530
18935,530
18947,531
18957,530
18967,531
18977,530
18989,530
18999,531
19009,530
19020,530
19031,531
19041,531
19052,531
19062,531
19073,531
19083,530
19094,531
19104,530
19115,531
19126,530
19136,530
19146,531
19156,530
19168,531
19178,530
19188,530
19200,530
19210,530
19220,530
19230,531
19241,530
19252,531
19262,531
19273,530
19283,531
19294,532
19305,530
19315,532
19325,531
19336,530
19347,531
19357,530
19367,530
19379,530
19389,530
19399,531
19409,530
19421,530
19431,530
19441,530
19452,530
19463,531
19473,530
19483,530
19494,531
19505,530
19515,531
19526,530
19536,531
19547,531
19557,530
19568,532
19578,531
19589,530
19600,531
19610,530
19620,530
19632,531
19642,530
19652,530
19662,531
19674,530
19684,530
19694,530
19705,529
19716,530
19726,530
19736,530
19747,531
19758,530
19768,530
19779,530
19789,531
19800,531
19810,531
19821,531
19831,531
19842,530
19853,530
19863,531
19873,530
19885,530
19895,531
19905,530
19915,531
19927,530
19937,530
19947,531
19958,530
19969,530
19979,530
19989,530
20000,530
20011,530
20021,530
20032,531
20042,531
20052,530
20063,532
20074,532
20084,531
20094,531
20106,530
20116,530
20126,530
20137,530
20148,531
20158,531
20168,530
20179,530
20190,530
20200,530
20211,531
20221,530
20232,531
20242,530
20253,530
20263,531
20274,530
20285,530
20295,532
20305,530
20316,531
20327,531
20337,530
20347,531
20359,530
20369,530
20379,531
20390,530
20401,530
20411,530
20421,531
20432,530
20443,530
20453,530
20464,531
20474,530
20485,531
20495,531
20506,530
20516,530
20527,530
20538,530
20548,531
20558,530
20569,531
20580,532
20590,530
20600,530
20612,531
20622,529
20632,531
20642,530
20654,530
20664,531
20674,530
20685,530
20696,530
20706,530
20717,530
20727,530
20738,530
20748,530
20759,530
20769,530
20780,531
20791,530
20801,531
20811,531
20822,531
20833,531
20843,530
20853,530
20865,531
20875,530
20885,530
20895,530
20907,530
20917,530
20927,531
20938,530
20948,530
20959,530
20969,530
20980,531
20990,530
21001,530
21012,531
21022,530
21032,531
21044,530
21054,531
21064,531
21074,531
21086,531
21096,530
21106,530
21117,530
21128,530
21138,530
21148,531
21159,530
21170,530
21180,531
21191,530
21201,530
21212,531
21222,530
21233,530
21243,530
21254,530
21265,530
21275,530
21285,530
21297,530
21307,531
21317,530
21327,532
21339,531
21349,531
21359,531
21370,530
21381,531
21391,530
21401,530
21412,531
21423,530
21433,531
21444,530
21454,530
21465,530
21475,530
21486,530
21496,531
21507,530
21518,530
21528,531
21538,530
21549,531
21560,531
21570,530
21580,531
21592,530
21602,530
21612,531
21623,530
21634,530
21644,531
21654,530
21665,530
21676,530
21686,530
21697,531
21707,530
21718,530
21728,531
21739,530
21749,530
21760,530
21771,530
21781,531
21791,529
21801,530
21813,531
21823,530
21833,531
21844,531
21855,530
21865,530
21875,530
21886,530
21897,531
21907,530
21918,530
21928,530
21939,530
21950,530
21960,531
21970,530
21981,531
21992,530
22002,530
22012,531
22024,530
22034,530
22044,531
22054,530
22066,531
22076,531
22086,531
22097,531
22108,530
22118,530
22128,530
22139,530
22150,531
22160,530
22171,530
22181,531
22192,530
22202,530
22213,531
22223,531
22234,530
22245,531
22255,530
22265,530
22277,531
22287,530
22297,530
22307,530
22319,530
22329,532
22339,530
22350,531
22361,531
22371,530
22381,530
22392,530
22403,530
22413,531
22424,530
22434,530
22445,531
22455,530
22466,530
22476,530
22487,530
22498,531
22508,530
22518,530
22530,531
22540,530
22550,530
22560,530
22572,531
22582,531
22592,531
22603,531
22614,530
22624,530
22634,530
22645,531
22656,530
22666,530
22677,531
22687,530
22697,530
22708,529
22719,530
22729,530
22739,530
22751,530
22761,530
22771,530
22782,530
22793,530
22803,530
22813,531
22824,531
22835,531
22845,531
22856,531
22866,530
22877,530
22887,530
22898,530
22908,530
22919,530
22930,530
22940,530
22950,530
22961,531
22972,530
22982,530
22992,531
23004,530
23014,530
23024,530
23035,530
23046,531
23056,530
23066,531
23077,531
23088,530
23098,531
23109,531
23119,530
23130,530
23140,530
23151,530
23161,531
23172,530
23183,530
23193,530
23203,530
23214,530
23225,530
23235,530
23245,530
23257,530
23267,530
23277,530
23287,530
23299,530
23309,530
23319,531
23330,531
23341,531
23351,531
23362,531
23372,531
23383,530
23393,531
23404,530
23414,530
23425,530
23436,530
23446,531
23456,530
23467,530
23478,531
23488,530
23498,530
23510,531
23520,530
23530,531
23540,530
23552,530
23562,531
23572,530
23583,530
23593,532
23604,531
23615,530
23625,530
23635,530
23646,530
23657,530
23667,530
23677,531
23689,530
23699,530
23709,530
23719,530
23731,531
23741,530
23751,530
23762,532
23773,530
23783,530
23794,531
23804,530
23815,530
23825,531
23836,530
23846,531
23857,531
23868,530
23878,531
23888,530
23899,530
23910,530
23920,530
23930,531
23942,530
23952,530
23962,530
23972,530
23984,530
23994,530
24004,531
24015,530
24026,531
24036,530
24047,530
24057,530
24068,530
24078,532
24089,530
24099,531
24110,532
24121,530
24131,531
24141,530
24152,530
24163,531
24173,530
24183,530
24195,531
24205,530
24215,530
24225,531
24237,530
24247,530
24257,530
24268,530
24279,530
24289,530
24300,530
24310,531
24321,530
24331,531
24342,530
24352,531
24363,531
24374,530
24384,530
24394,530
24404,530
24416,530
24426,531
24436,530
24448,531
24458,530
24468,530
24478,531
24489,530
24500,530
24510,532
24521,530
24531,530
24542,530
24552,530
24563,531
24573,530
24584,531
24595,531
24605,531
24615,531
24627,530
24637,530
24647,531
24657,531
24669,530
24679,531
24689,530
24700,530
24711,531
24721,531
24731,530
24742,531
24753,530
24763,530
24774,530
24784,530
24795,531
24805,530
24816,530
24826,530
24837,530
24848,531
24858,531
24868,531
24880,531
24890,530
24900,530
24910,531
24922,531
24932,530
24942,530
24953,530
24964,530
24974,530
24984,531
24995,531
25006,530
25016,530
25027,532
25037,530
25048,530
25058,531
25069,530
25079,531
25090,531
25101,530
25111,531
25121,531
25133,531
25143,531
25153,530
25163,530
25175,530
25185,530
25195,531
25206,530
25217,530
25227,532
25237,529
25248,530
25259,530
25269,530
25280,531
25290,530
25300,530
25311,530
25322,530
25332,531
25342,532
25354,531
25364,531
25374,532
25385,531
25396,531
25406,530
25416,530
25427,531
25438,530
25448,530
25459,530
25469,530
25480,531
25490,530
25501,530
25511,531
25522,530
25533,531
25543,531
25553,530
25565,530
25575,531
25585,530
25595,532
25607,530
25617,531
25627,532
25638,531
25649,530
25659,530
25669,530
25680,530
25691,531
25701,531
25712,530
25722,530
25733,530
25743,531
25754,530
25764,530
25775,531
25786,530
25796,530
25806,530
25817,530
25828,531
25838,530
25848,531
25860,531
25870,531
25880,531
25891,530
25902,530
25912,531
25922,530
25933,530
25944,532
25954,530
25965,530
25975,530
25986,530
25996,530
26007,530
26017,530
26028,530
26039,530
26049,531
26059,530
26070,530
26081,530
26091,531
26101,530
26113,531
26123,532
26133,531
26143,531
26155,531
26165,530
26175,530
26186,530
26196,530
26207,531
26217,530
26228,531
26238,530
26249,531
26260,530
26270,530
26280,530
26292,531
26302,530
26312,531
26322,530
26334,530
26344,531
26354,531
26365,531
26376,531
26386,531
26396,530
26407,530
26418,531
26428,530
26439,531
26449,530
26460,531
26470,530
26481,530
26491,531
26502,530
26513,530
26523,530
26533,530
26544,531
26555,531
26565,530
26575,531
26587,530
26597,530
26607,531
26618,531
26629,531
26639,530
26649,530
26660,531
26671,530
26681,530
26692,531
26702,530
26713,530
26723,530
26734,530
26744,531
26755,530
26766,530
26776,530
26786,530
26797,529
26808,531
26818,530
26828,530
26840,530
26850,530
26860,531
26871,531
26882,531
26892,531
26902,530
26913,530
26924,530
26934,530
26945,530
26955,530
26966,530
26976,531
26987,530
26997,530
27008,531
27019,529
27029,531
27039,530
27049,530
27061,531
27071,530
27081,530
27092,531
27103,530
27113,530
27123,531
27134,531
27145,530
27155,531
27166,530
27176,530
27187,531
27198,530
27208,531
27218,530
27229,530
27240,531
27250,530
27260,531
27272,529
27282,530
27292,530
27302,530
27314,530
27324,531
27334,530
27345,530
27356,531
27366,530
27376,532
27387,530
27398,531
27408,531
27419,530
27429,530
27440,530
27450,530
27461,530
27471,530
27482,530
27493,531
27503,530
27513,530
27525,531
27535,530
27545,530
27555,531
27567,530
27577,531
27587,530
27598,530
27609,531
27619,530
27629,531
27640,531
27651,530
27661,530
27672,530
27682,530
27693,530
27703,530
27714,530
27724,530
27735,530
27746,530
27756,531
27766,530
27778,531
27788,530
27798,530
27808,531
27820,531
27830,530
27840,530
27851,530
27862,530
27872,531
27882,531
27893,531
27904,531
27914,530
27925,531
27935,530
27945,530
27957,530
27967,529
27977,530
27987,530
27999,530
28009,530
28019,530
28030,530
28041,531
28051,530
28061,530
28072,530
28083,530
28093,531
28104,530
28114,530
28125,531
28135,531
28146,531
28156,531
28167,531
28178,530
28188,530
28198,530
28209,530
28220,530
28230,530
28240,531
28252,530
28262,530
28272,531
28283,530
28294,531
28304,530
28314,530
28325,531
28336,530
28346,530
28357,531
28367,530
28378,531
28388,531
28399,531
28409,530
28420,530
28431,530
28441,531
28451,530
28462,530
28473,531
28483,530
28493,531
28505,530
28515,530
28525,531
28535,530
28547,530
28557,530
28567,530
28578,530
28589,531
28599,530
28610,530
28620,530
28631,530
28641,532
28652,530
28662,530
28673,530
28684,530
28694,531
28704,530
28715,530
28726,531
28736,530
28746,530
28758,530
28768,530
28778,530
28788,530
28800,530
28810,530
28820,530
28831,530
28841,531
28852,530
28863,530
28873,531
28883,530
28894,531
28905,531
28915,530
28925,531
28937,530
28947,530
28957,530
28967,530
28979,530
28989,531
28999,530
29010,531
29021,530
29031,530
29041,531
29052,530
29063,531
29073,531
29084,530
29094,530
29105,530
29116,530
29126,530
29136,531
29147,531
29158,531
29168,530
29178,530
29190,531
29200,530
29210,530
29220,530
29232,530
29242,531
29252,530
29263,530
29274,531
29284,530
29294,530
29305,530
29316,530
29326,531
29337,530
29347,530
29358,531
29369,530
29379,530
29389,531
29400,531
29411,531
29421,530
29431,530
29443,531
29453,530
29463,530
29473,531
29485,530
29495,530
29505,531
29516,530
29527,530
29537,530
29547,530
29558,530
29569,530
29579,530
29590,531
29600,530
29611,530
29622,531
29632,530
29642,531
29652,530
29664,531
29674,530
29684,530
29696,530
29706,532
29716,530
29726,531
29737,530
29748,530
29758,531
29769,530
29779,530
29790,531
29801,530
29811,530
29821,530
29832,530
29843,530
29853,530
29863,530
29875,530
29885,530
29895,530
29905,532
29917,531
29927,530
29937,531
29948,530
29959,531
29969,531
29979,530
29990,531
30001,530
30011,530
30022,531
30032,530
30043,531
30054,530
30064,530
30074,530
30085,530
30096,530
30106,531
30116,530
30128,531
30138,530
30148,530
30158,531
30170,531
30180,530
30190,531
30201,530
30212,530
30222,530
30232,530
30243,530
30254,530
30264,530
30275,530
30285,530
30296,530
30307,531
30317,530
30327,530
30338,531
30349,530
30359,531
30369,530
30381,530
30391,531
30401,530
30411,531
30423,532
30433,530
30443,530
30454,531
30465,530
30475,530
30485,530
30496,530
30507,531
30517,530
30528,531
30538,531
30548,531
30560,530
30570,530
30580,530
30590,530
30602,530
30612,530
30622,531
30633,531
30644,530
30654,531
30664,530
30675,532
30686,530
30696,530
30707,531
30717,530
30728,530
30739,531
30749,530
30759,531
30770,530
30781,530
30791,530
30801,530
30813,530
30823,531
30833,530
30843,530
30855,530
30865,530
30875,530
30886,530
30897,530
30907,531
30917,530
30928,531
30939,531
30949,530
30960,530
30970,531
30981,530
30991,530
31002,530
31012,530
31023,531
31034,530
31044,530
31054,531
31066,529
31076,530
31086,530
31096,530
31108,531
31118,530
31128,530
31139,530
31150,530
31160,531
31170,532
31181,531
31192,531
31202,530
31213,530
31223,530
31234,530
31245,530
31255,530
31265,530
31276,530
31287,530
31297,530
31307,531
31319,530
31329,530
31339,531
31349,530
31361,530
31371,531
31381,530
31392,530
31403,531
31413,530
31423,532
31434,530
31444,531
31455,531
31466,530
31476,530
31486,530
31498,530
31508,531
31518,530
31528,530
31540,531
31550,530
31560,530
31571,530
31582,530
31592,530
31602,530
31613,530
31624,531
31634,530
31645,530
31655,531
31666,531
31676,531
31687,530
31697,531
31708,530
31719,531
31729,530
31739,531
31751,530
31761,530
31771,531
31781,530
31793,531
31803,530
31813,530
31824,531
31835,529
31845,530
31855,530
31866,530
31877,530
31887,530
31898,530
31908,530
31919,531
31930,531
31940,531
31950,531
31961,530
31972,531
31982,530
31992,530
32004,530
32014,531
32024,531
32034,530
32046,530
32056,531
32066,530
32077,530
32088,531
32098,530
32108,530
32119,531
32130,530
32140,531
32151,530
32161,531
32172,532
32182,530
32193,531
32203,531
32214,530
32225,531
32235,530
32245,530
32257,530
32267,530
32277,530
32287,531
32299,530
32309,530
32319,531
32330,530
32340,530
32351,531
32361,530
32372,531
32382,530
32393,530
32404,530
32414,531
32424,531
32435,531
32446,531
32456,531
32466,530
32478,530
32488,531
32498,530
32508,530
