99,331
102,331
104,331
106,331
109,332
111,332
114,331
116,331
118,331
121,330
123,331
126,331
129,330
131,331
134,330
136,329
139,330
141,330
143,330
146,329
148,330
151,329
153,329
155,329
158,328
160,328
162,328
165,327
167,327
171,326
173,327
175,327
178,326
180,325
183,324
185,323
187,323
190,322
192,321
195,320
197,320
199,318
202,317
204,316
206,315
209,315
211,312
215,310
217,308
219,307
222,305
224,302
227,300
229,298
231,295
234,291
236,289
239,285
241,281
243,275
246,270
248,264
251,258
253,251
256,245
259,238
261,233
263,231
266,231
268,234
271,237
273,240
275,244
278,246
280,248
283,250
285,251
287,249
290,247
292,247
295,244
297,242
300,241
303,240
305,240
308,243
310,245
312,245
315,247
317,247
320,246
322,246
324,244
327,242
329,241
331,241
334,241
336,241
339,241
342,241
344,241
347,240
349,239
352,239
354,239
356,239
359,239
361,239
364,239
366,239
368,239
371,239
373,240
375,239
378,239
380,239
384,239
386,239
388,238
391,238
393,238
396,239
398,238
400,238
403,237
405,238
408,238
410,238
412,238
415,238
417,238
420,238
422,237
424,237
428,238
430,237
433,237
435,236
437,237
440,238
442,236
444,236
447,236
449,235
452,237
454,236
456,235
459,236
461,236
464,236
466,236
468,235
472,236
474,236
477,236
479,235
481,236
484,236
486,235
489,236
491,236
493,236
496,235
498,235
500,236
503,235
505,235
508,236
510,235
513,236
516,235
518,235
521,235
523,235
525,236
528,236
530,234
533,235
535,235
537,234
540,234
542,235
545,234
547,234
549,235
552,234
555,234
558,234
560,234
562,234
565,234
567,234
569,234
572,234
574,234
577,234
579,233
581,234
584,234
586,234
589,234
591,233
593,234
596,234
599,233
602,234
604,234
606,234
609,233
611,233
614,234
616,233
618,233
621,233
623,233
625,234
628,233
630,232
633,233
635,233
637,233
641,233
643,233
646,233
648,234
650,233
653,233
655,233
658,233
660,233
662,232
665,233
667,233
670,233
672,232
674,233
677,234
679,233
683,233
685,233
687,233
690,233
692,232
694,232
697,232
699,231
702,233
704,232
706,231
709,231
711,231
714,232
716,230
718,230
721,230
723,231
727,231
729,230
731,230
734,230
736,231
739,231
741,230
743,230
746,230
748,230
750,230
753,230
755,230
758,231
760,230
762,230
765,230
768,230
771,230
773,230
775,231
778,230
780,230
783,230
785,230
787,231
790,230
792,230
795,230
797,230
799,231
802,229
804,230
806,230
809,230
812,231
815,230
817,229
819,230
822,230
824,231
827,229
829,229
831,230
834,230
836,230
839,229
841,230
843,229
846,229
848,229
851,229
854,229
856,230
859,230
861,229
863,230
866,229
868,230
871,230
873,229
875,229
878,229
880,229
883,230
885,229
887,229
890,230
892,230
896,230
898,229
900,229
903,230
905,229
908,229
910,230
912,230
915,229
917,229
919,230
922,230
924,230
927,230
929,229
931,229
934,229
936,229
940,230
942,229
944,230
947,228
949,229
952,229
954,229
956,230
959,229
961,229
964,229
966,230
968,229
971,229
973,229
975,230
978,229
980,229
984,229
986,229
988,230
991,229
993,229
996,230
998,229
1000,231
1003,229
1005,229
1008,229
1010,230
1013,229
1015,229
1017,229
1020,229
1022,229
1026,229
1028,229
1031,229
1033,230
1036,229
1038,229
1040,229
1043,229
1045,230
1048,228
1050,229
1053,229
1055,229
1057,230
1060,229
1062,228
1065,229
1068,229
1071,228
1073,229
1076,229
1078,230
1080,229
1083,229
1085,229
1088,228
1090,229
1093,230
1095,229
1097,229
1100,229
1102,230
1105,229
1107,229
1111,229
1113,229
1116,229
1118,229
1120,229
1123,228
1125,229
1128,229
1130,229
1133,229
1135,229
1137,229
1140,229
1142,230
1145,229
1147,229
1150,228
1153,228
1156,229
1158,228
1160,228
1163,228
1165,228
1168,228
1170,228
1173,228
1175,228
1177,228
1180,229
1182,228
1185,228
1187,228
1190,228
1192,229
1196,228
1198,228
1200,227
1203,228
1205,229
1208,228
1210,227
1213,228
1215,228
1217,228
1220,228
1222,227
1225,228
1227,228
1230,228
1232,227
1235,228
1238,229
1240,228
1243,228
1245,228
1248,228
1250,229
1253,229
1255,228
1257,228
1260,229
1262,228
1265,228
1267,227
1270,228
1272,228
1275,229
1277,228
1280,228
1283,229
1285,229
1288,228
1290,228
1293,228
1295,229
1297,228
1300,228
1302,228
1305,228
1307,228
1310,228
1312,227
1314,228
1317,228
1319,228
1323,227
1325,228
1328,228
1330,229
1333,228
1335,228
1337,228
1340,230
1342,228
1345,228
1347,228
1350,227
1352,229
1354,229
1357,228
1359,228
1362,228
1364,228
1368,228
1370,228
1373,228
1375,228
1377,228
1380,228
1382,228
1385,229
1387,228
1390,229
1392,228
1394,229
1397,228
1399,228
1402,229
1404,228
1408,228
1410,228
1413,228
1415,227
1417,229
1420,228
1422,228
1425,228
1427,228
1430,227
1432,227
1434,228
1437,228
1439,228
1442,228
1444,228
1447,228
1449,227
1453,228
1455,229
1457,229
1460,228
1462,228
1465,228
1467,228
1470,227
1472,229
1474,228
1477,228
1479,228
1482,227
1484,228
1487,228
1489,229
1492,228
1495,227
1497,228
1500,228
1502,228
1505,228
1507,228
1510,228
1512,228
1514,228
1517,228
1519,228
1522,228
1524,228
1527,229
1529,227
1532,228
1534,228
1537,228
1540,229
1542,227
1545,228
1547,228
1550,228
1552,227
1554,227
1557,229
1559,228
1562,228
1564,227
1567,228
1569,228
1572,228
1574,227
1576,227
1580,228
1582,228
1585,228
1587,227
1590,229
1592,228
1594,229
1597,228
1599,227
1602,228
1604,229
1607,228
1609,228
1612,228
1614,229
1616,228
1619,228
1622,228
1625,228
1627,228
1630,227
1632,227
1634,228
1637,228
1639,228
1642,228
1644,228
1647,229
1649,228
1652,228
1654,228
1656,228
1659,229
1661,227
1665,228
1667,228
1670,227
1672,228
1674,228
1677,228
1679,227
1682,228
1684,228
1687,228
1689,228
1692,229
1694,228
1696,228
1699,228
1701,229
1704,228
1707,228
1710,228
1712,228
1714,228
1717,228
1719,228
1722,228
1724,228
1727,227
1729,228
1732,228
1734,228
1736,229
1739,228
1741,228
1744,228
1746,229
1750,228
1752,227
1754,227
1757,228
1759,228
1762,229
1764,228
1767,227
1769,228
1772,228
1774,228
1776,228
1779,228
1781,227
1784,227
1786,227
1789,227
1792,228
1794,228
1797,228
1799,228
1802,228
1804,228
1807,228
1809,227
1812,228
1814,228
1816,228
1819,228
1821,228
1824,228
1826,228
1829,228
1831,227
1833,228
1837,228
1839,229
1842,228
1844,227
1847,228
1849,228
1852,228
1854,227
1856,228
1859,228
1861,227
1864,229
1866,228
1869,228
1871,228
1873,228
1876,228
1879,228
1882,227
1884,228
1887,228
1889,228
1892,228
1894,228
1896,228
1899,228
1901,228
1904,228
1906,227
1909,229
1911,228
1913,228
1916,228
1918,229
1922,228
1924,228
1927,227
1929,227
1932,227
1934,229
1936,228
1939,228
1941,228
1944,227
1946,228
1949,228
1951,228
1953,229
1956,228
1958,228
1961,228
1964,228
1967,229
1969,228
1972,229
1974,228
1976,228
1979,228
1981,228
1984,228
1986,228
1989,229
1991,228
1993,228
1996,228
1998,228
2001,228
2003,228
2007,228
2009,229
2012,230
2014,229
2016,228
2019,228
2021,228
2024,229
2026,228
2029,228
2031,228
2033,228
2036,228
2038,228
2041,228
2043,229
2046,228
2049,228
2052,228
2054,228
2056,230
2059,228
2061,228
2064,228
2066,229
2069,229
2071,228
2073,228
2076,229
2078,228
2081,229
2083,228
2086,228
2088,228
2092,228
2094,228
2096,228
2099,228
2101,229
2104,228
2106,228
2109,228
2111,228
2113,229
2116,229
2118,229
2121,229
2123,228
2126,228
2128,228
2131,228
2134,227
2136,228
2139,228
2141,229
2144,228
2146,229
2149,228
2151,228
2153,228
2156,228
2158,229
2161,228
2163,228
2166,228
2168,228
2171,229
2173,228
2176,229
2179,228
2181,228
2184,228
2186,228
2189,229
2191,229
2193,228
2196,228
2198,229
2201,228
2203,229
2206,228
2208,229
2211,228
2213,229
2215,229
2219,228
2221,228
2224,229
2226,229
2229,228
2231,228
2233,227
2236,227
2238,228
2241,229
2243,229
2246,228
2248,229
2251,227
2253,229
2255,229
2258,228
2260,228
2264,229
2266,228
2269,228
2271,229
2273,228
2276,228
2278,228
2281,228
2283,228
2286,229
2288,228
2291,229
2293,229
2295,229
2298,229
2300,228
2304,229
2306,229
2309,229
2311,228
2313,228
2316,228
2318,230
2321,228
2323,229
2326,229
2328,228
2331,229
2333,228
2335,228
2338,228
2340,229
2343,229
2345,228
2349,228
2351,229
2353,229
2356,228
2358,228
2361,228
2363,229
2366,228
2368,228
2371,229
2373,229
2375,229
2378,228
2380,228
2383,228
2385,229
2388,228
2391,229
2393,229
2396,229
2398,228
2401,228
2403,229
2406,228
2408,229
2411,228
2413,229
2415,229
2418,228
2420,229
2423,229
2425,229
2428,229
2430,228
2433,228
2436,228
2438,228
2441,230
2443,228
2446,228
2448,228
2451,230
2453,229
2455,228
2458,229
2460,229
2463,229
2465,229
2468,228
2470,228
2472,229
2476,229
2478,229
2481,229
2483,228
2486,229
2488,229
2491,229
2493,229
2495,229
2498,229
2500,229
2503,229
2505,229
2508,230
2510,230
2512,229
2515,229
2518,230
2521,230
2523,230
2526,229
2528,230
2531,230
2533,230
2535,229
2538,229
2540,230
2543,230
2545,229
2548,229
2550,230
2552,229
2555,230
2557,230
2561,230
2563,229
2566,229
2568,230
2571,230
2573,231
2575,229
2578,229
2580,229
2583,231
2585,229
2588,229
2590,230
2592,230
2595,230
2597,229
2600,231
2603,230
2606,229
2608,230
2611,230
2613,230
2615,230
2618,230
2620,230
2623,230
2625,230
2628,231
2630,231
2632,230
2635,230
2637,231
2640,230
2642,230
2646,231
2648,230
2651,230
2653,230
2655,231
2658,231
2660,231
2663,230
2665,230
2668,230
2670,231
2672,230
2675,230
2677,231
2680,230
2682,230
2685,230
2688,230
2691,230
2693,230
2695,230
2698,230
2700,230
2703,231
2705,231
2708,230
2710,230
2712,230
2715,231
2717,230
2720,231
2722,230
2725,230
2727,231
2731,230
2733,230
2735,230
2738,230
2740,230
2743,230
2745,230
2748,230
2750,230
2752,230
2755,230
2757,230
2760,231
2762,231
2765,230
2767,230
2770,231
2772,231
2775,230
2778,230
2780,231
2783,231
2785,230
2788,230
2790,230
2792,230
2795,230
2797,230
2800,230
2802,230
2805,231
2807,230
2810,230
2812,230
2814,230
2818,230
2820,230
2823,230
2825,231
2828,230
2830,230
2832,230
2835,231
2837,230
2840,230
2842,230
2845,229
2847,230
2850,230
2852,229
2854,230
2857,230
2860,230
2863,230
2865,229
2868,229
2870,230
2872,229
2875,230
2877,229
2880,230
2882,229
2885,229
2887,229
2890,230
2892,230
2894,230
2897,229
2899,229
2903,230
2905,229
2908,230
2910,230
2912,230
2915,230
2917,229
2920,230
2922,229
2925,230
2927,230
2930,230
2932,229
2934,229
2937,229
2939,230
2942,230
2945,229
2948,229
2950,229
2952,230
2955,229
2957,230
2960,229
2962,229
2965,229
2967,230
2970,229
2972,230
2974,230
2977,229
2979,229
2982,229
2984,229
2988,229
2990,229
2992,230
2995,229
2997,229
3000,228
3002,229
3005,229
3007,229
3010,229
3012,229
3014,229
3017,229
3019,229
3022,230
3024,229
3027,229
3030,230
3032,229
3035,230
3037,230
3040,230
3042,229
3045,230
3047,229
3050,229
3052,229
3054,230
3057,230
3059,230
3062,230
3064,230
3067,230
3069,230
3072,230
3075,230
3077,231
3080,231
3082,231
3085,230
3087,230
3090,232
3092,231
3094,231
3097,232
3099,233
3102,231
3104,232
3107,232
3109,232
3111,232
3115,232
3117,233
3120,232
3122,233
3125,235
3127,234
3129,233
3132,234
3134,234
3137,235
3139,235
3142,235
3144,236
3147,235
3149,235
3151,235
3154,237
3156,237
3160,237
3162,237
3165,237
3167,237
3170,238
3172,238
3174,237
3177,237
3179,237
3182,238
3184,237
3187,238
3189,238
3191,237
3194,238
3196,238
3200,238
3202,239
3205,239
3207,239
3209,239
3212,239
3214,240
3217,240
3219,241
3222,241
3224,241
3227,243
3229,243
3231,244
3234,244
3236,245
3239,246
3241,247
3245,248
3247,249
3249,250
3252,251
3254,253
3257,254
3259,256
3262,257
3264,259
3267,261
3269,263
3271,266
3274,268
3276,270
3279,272
3281,275
3284,278
3287,281
3289,283
3292,285
3294,288
3297,291
3299,293
3302,296
3304,299
3307,301
3309,303
3311,305
3314,306
3316,309
3319,311
3321,312
3324,314
3326,315
3329,318
3332,319
3334,320
3337,322
3339,323
3342,324
3344,324
3347,326
3349,327
3351,327
3354,328
3356,328
3359,329
3361,330
3364,330
3366,330
3368,330
3372,331
3374,332
3377,331
3379,331
3382,331
3384,331
3387,332
3389,332
3391,332
3394,332
3396,332
3399,332
3401,332
3404,332
3406,332
3408,332
3411,333
3414,332
3417,332
3419,333
3422,332
3424,333
3427,332
3429,333
3431,332
3434,332
3436,332
3439,332
3441,333
3444,332
3446,331
3448,332
3451,333
3453,332
3457,332
3459,331
3462,332
3464,331
3467,331
3469,331
3471,331
3474,332
3476,332
3479,330
3481,331
3484,331
3486,331
3488,331
3491,331
3493,331
3496,331
3499,331
3502,331
3504,331
3507,332
3509,331
3511,331
3514,331
3516,331
3519,331
3521,332
3524,332
3526,332
3528,331
3531,331
3533,332
3536,332
3538,332
3542,332
3544,332
3547,333
3549,332
3551,333
3554,333
3556,333
3559,332
3561,332
3564,331
3566,332
3568,331
3571,332
3573,332
3576,332
3578,332
3581,332
3584,332
3587,331
3589,332
3591,332
3594,331
3596,332
3599,332
3601,331
3604,333
3606,332
3608,331
3611,332
3613,331
3616,332
3618,332
3621,332
3623,333
3627,332
3629,332
3631,332
3634,332
3636,332
3639,332
3641,332
3644,332
3646,332
3648,333
3651,332
3653,333
3656,333
3658,332
3661,332
3663,331
3666,332
3668,332
3671,332
3674,332
3676,332
3679,331
3681,332
3684,332
3686,332
3688,332
3691,332
3693,332
3696,331
3698,331
3701,332
3703,332
3706,333
3708,332
3710,331
3714,332
3716,332
3719,331
3721,332
3724,332
3726,332
3728,332
3731,331
3733,332
3736,332
3738,333
3741,332
3743,332
3746,332
3748,332
3750,332
3753,332
3756,332
3759,333
3761,332
3764,331
3766,332
3768,331
3771,332
3773,332
3776,331
3778,331
3781,332
3783,332
3786,331
3788,332
3790,332
3793,332
3795,332
3799,332
3801,331
3804,332
3806,332
3808,332
3811,331
3813,332
3816,332
3818,331
3821,332
3823,332
3826,333
3828,332
3830,332
3833,332
3835,332
3838,332
3841,332
3844,332
3846,332
3848,331
3851,332
3853,332
3856,332
3858,332
3861,332
3863,331
3866,331
3868,332
3870,332
3873,332
3875,332
3878,331
3880,332
3884,332
3886,332
3888,332
3891,333
3893,332
3896,331
3898,332
3901,332
3903,332
3906,332
3908,332
3910,332
3913,332
3915,332
3918,332
3920,332
3923,332
3926,332
3928,331
3931,332
3933,331
3936,332
3938,332
3941,332
3943,332
3946,332
3948,332
3950,332
3953,332
3955,333
3958,332
3960,332
3963,332
3965,331
3968,332
3971,332
3973,332
3976,332
3978,331
3981,332
3983,331
3986,331
3988,332
3990,332
3993,332
3995,332
3998,332
4000,333
4003,332
4005,332
4007,332
4011,332
4013,332
4016,332
4018,332
4021,332
4023,333
4026,332
4028,331
4030,332
4033,332
4035,332
4038,331
4040,332
4043,331
4045,332
4047,331
4050,331
4052,332
4056,332
4058,333
4061,331
4063,332
4066,332
4068,332
4070,332
4073,333
4075,332
4078,333
4080,331
4083,332
4085,332
4087,332
4090,332
4092,332
4096,332
4098,332
4101,332
4103,332
4106,332
4108,332
4110,332
4113,332
4115,332
4118,332
4120,331
4123,333
4125,332
4127,332
4130,332
4132,332
4135,332
4137,332
4141,331
4143,332
4146,332
4148,332
4150,332
4153,332
4155,332
4158,332
4160,332
4163,332
4165,332
4167,332
4170,332
4172,332
4175,332
4177,332
4180,332
4183,332
4186,331
4188,332
4190,332
4193,332
4195,332
4198,332
4200,331
4203,332
4205,332
4207,332
4210,332
4212,332
4215,331
4217,331
4220,332
4222,332
4226,332
4228,332
4230,332
4233,332
4235,332
4238,332
4240,332
4243,332
4245,331
4247,331
4250,332
4252,332
4255,332
4257,332
4260,331
4262,332
4265,332
4268,332
4270,332
4273,332
4275,333
4278,332
4280,332
4283,332
4285,332
4287,332
4290,332
4292,332
4295,332
4297,331
4300,332
4302,332
4305,332
4307,333
4310,332
4313,332
4315,332
4318,332
4320,332
4323,332
4325,332
4327,332
4330,332
4332,331
4335,332
4337,332
4340,332
4342,332
4345,332
4347,332
4349,331
4353,332
4355,331
4358,332
4360,332
4363,331
4365,332
4367,331
4370,331
4372,332
4375,332
4377,332
4380,332
4382,331
4385,332
4387,332
4389,332
4392,332
4395,332
4398,333
4400,331
4403,331
4405,332
4407,333
4410,332
4412,331
4415,332
4417,332
4420,332
4422,332
4425,332
4427,331
4429,332
4432,331
4434,332
4438,332
4440,332
4443,332
4445,331
4447,332
4450,332
4452,332
4455,332
4457,332
4460,331
4462,333
4465,332
4467,332
4469,332
4472,332
4474,332
4477,332
4480,332
4483,331
4485,332
4487,332
4490,332
4492,332
4495,331
4497,331
4500,332
4502,331
4505,332
4507,332
4509,332
4512,332
4514,332
4517,332
4519,332
4523,332
4525,332
4527,331
4530,333
4532,332
4535,332
4537,332
4540,333
4542,331
4545,332
4547,331
4549,331
4552,332
4554,332
4557,332
4559,332
4562,332
4564,332
4567,331
4570,332
4572,332
4575,331
4577,332
4580,332
4582,332
4585,332
4587,331
4589,332
4592,332
4594,332
4597,331
4599,332
4602,332
4604,332
4606,332
4610,332
4612,332
4615,332
4617,332
4620,332
4622,332
4625,332
4627,331
4629,332
4632,332
4634,332
4637,332
4639,332
4642,331
4644,332
4646,332
4649,332
4652,332
4655,332
4657,332
4660,332
4662,332
4665,332
4667,332
4669,332
4672,333
4674,332
4677,332
4679,332
4682,332
4684,332
4686,332
4689,332
4691,332
4695,332
4697,332
4700,332
4702,332
4705,332
4707,332
4709,332
4712,332
4714,332
4717,332
4719,331
4722,332
4724,332
4726,333
4729,332
4731,332
4734,331
4737,333
4740,332
4742,332
4745,332
4747,332
4749,332
4752,331
4754,332
4757,332
4759,332
4762,332
4764,332
4766,332
4769,332
4771,332
4774,331
4776,332
4780,332
4782,333
4785,331
4787,332
4789,332
4792,332
4794,332
4797,331
4799,331
4802,332
4804,332
4806,332
4809,332
4811,332
4814,332
4816,331
4819,332
4822,332
4825,332
4827,332
4829,331
4832,332
4834,331
4837,332
4839,332
4842,332
4844,332
4846,332
4849,332
4851,332
4854,332
4856,331
4859,333
4861,331
4865,332
4867,332
4869,332
4872,332
4874,332
4877,332
4879,332
4882,331
4884,332
4886,332
4889,332
4891,332
4894,332
4896,332
4899,332
4901,331
4904,332
4907,332
4909,332
4912,331
4914,332
4917,332
4919,331
4922,332
4924,333
4926,331
4929,332
4931,332
4934,331
4936,332
4939,332
4941,332
4944,332
4946,331
4948,331
4952,331
4954,332
4957,332
4959,332
4962,331
4964,332
4966,332
4969,333
4971,331
4974,332
4976,332
4979,332
4981,332
4984,331
4986,332
4988,332
4992,332
4994,332
4997,331
4999,332
5002,332
5004,332
5006,332
5009,332
5011,332
5014,332
5016,331
5019,332
5021,332
5024,332
5026,332
5028,331
5031,332
5033,332
5037,332
5039,332
5042,332
5044,332
5046,332
5049,331
5051,332
5054,332
5056,333
5059,332
5061,331
5064,332
5066,331
5068,332
5071,332
5073,332
5076,332
5079,331
5082,331
5084,332
5086,332
5089,332
5091,332
5094,331
5096,331
5099,332
5101,333
5104,332
5106,332
5108,331
5111,332
5113,332
5116,331
5118,332
5122,332
5124,331
5126,332
5129,331
5131,332
5134,332
5136,332
5139,332
5141,332
5143,332
5146,332
5148,331
5151,331
5153,331
5156,332
5158,332
5161,331
5164,332
5166,332
5169,331
5171,333
5174,332
5176,332
5179,332
5181,331
5183,332
5186,332
5188,332
5191,332
5193,331
5196,332
5198,332
5201,331
5203,332
5206,331
5209,332
5211,331
5214,331
5216,332
5219,332
5221,332
5223,332
5226,332
5228,331
5231,331
5233,331
5236,332
5238,332
5241,331
5243,333
5245,331
5249,332
5251,332
5254,332
5256,332
5259,331
5261,332
5263,331
5266,331
5268,332
5271,332
5273,332
5276,331
5278,331
5281,332
5283,331
5285,332
5288,332
5291,332
5294,331
5296,332
5299,332
5301,332
5303,332
5306,332
5308,332
5311,332
5313,331
5316,331
5318,332
5321,332
5323,331
5325,332
5328,331
5330,332
5334,332
5336,331
5339,332
5341,332
5343,331
5346,331
5348,332
5351,332
5353,333
5356,332
5358,331
5361,332
5363,333
5365,331
5368,332
5370,332
5373,331
5376,332
5379,331
5381,331
5383,332
5386,332
5388,332
5391,332
5393,332
5396,332
5398,332
5401,332
5403,331
5405,332
5408,332
5410,331
5413,331
5415,332
5419,331
5421,332
5423,332
5426,332
5428,331
5431,332
5433,331
5436,331
5438,332
5441,332
5443,331
5445,331
5448,331
5450,332
5453,332
5455,332
5458,331
5460,332
5463,331
5466,332
5468,331
5471,332
5473,332
5476,331
5478,332
5481,331
5483,332
5485,333
5488,332
5490,332
5493,332
5495,332
5498,332
5500,332
5502,332
5506,332
5508,332
5511,332
5513,331
5516,332
5518,332
5521,332
5523,332
5525,332
5528,331
5530,332
5533,332
5535,332
5538,332
5540,332
5542,332
5545,331
5548,331
5551,332
5553,332
5556,332
5558,332
5561,332
5563,332
5565,332
5568,332
5570,332
5573,333
5575,332
5578,331
5580,331
5582,331
5585,332
5587,333
5591,332
5593,332
5596,332
5598,331
5601,332
5603,332
5605,332
5608,332
5610,331
5613,332
5615,332
5618,332
5620,332
5622,332
5625,332
5627,332
5630,331
5633,332
5636,332
5638,332
5641,331
5643,331
5645,331
5648,331
5650,331
5653,332
5655,331
5658,331
5660,331
5662,331
5665,331
5667,331
5670,332
5672,332
5676,331
5678,331
5681,331
5683,332
5685,331
5688,331
5690,331
5693,331
5695,331
5698,331
5700,330
5702,331
5705,331
5707,330
5710,330
5712,329
5715,331
5718,330
5721,330
5723,330
5725,330
5728,330
5730,330
5733,329
5735,329
5738,329
5740,329
5742,329
5745,328
5747,329
5750,328
5752,327
5755,327
5757,327
5761,328
5763,326
5765,326
5768,326
5770,326
5773,326
5775,325
5778,324
5780,324
5782,322
5785,322
5787,322
5790,320
5792,320
5795,319
5797,318
5800,317
5803,317
5805,315
5808,313
5810,311
5813,309
5815,308
5818,306
5820,305
5822,302
5825,300
5827,296
5830,293
5832,290
5835,287
5837,284
5840,278
5842,272
5844,265
5848,258
5850,249
5853,239
5855,231
5858,224
5860,222
5862,223
5865,226
5867,229
5870,232
5872,234
5875,236
5877,235
5880,233
5882,231
5884,227
5888,226
5890,226
5893,229
5895,231
5898,231
5900,231
5902,232
5905,231
5907,229
5910,228
5912,228
5915,228
5917,228
5920,229
5922,228
5924,227
5927,227
5929,226
5933,226
5935,226
5938,226
5940,226
5942,225
5945,226
5947,226
5950,226
5952,226
5955,226
5957,226
5960,225
5962,225
5964,225
5967,225
5969,225
5972,225
5975,225
5978,225
5980,225
5982,225
5985,225
5987,225
5990,224
5992,224
5995,225
5997,224
6000,224
6002,224
6004,224
6007,225
6009,225
6012,225
6014,224
6018,224
6020,224
6022,224
6025,225
6027,223
6030,224
6032,224
6035,224
6037,224
6040,224
6042,224
6044,223
6047,223
6049,224
6052,223
6054,224
6057,224
6060,223
6062,223
6065,224
6067,224
6070,223
6072,223
6075,224
6077,223
6080,224
6082,224
6084,223
6087,224
6089,224
6092,223
6094,223
6097,224
6099,224
6102,223
6105,224
6107,224
6110,224
6112,224
6115,224
6117,223
6120,223
6122,224
6124,224
6127,224
6129,224
6132,224
6134,224
6137,224
6139,224
6141,223
6145,225
6147,223
6150,223
6152,224
6155,224
6157,223
6160,224
6162,224
6164,223
6167,224
6169,224
6172,224
6174,223
6177,223
6179,224
6181,223
6184,224
6187,224
6190,224
6192,223
6195,223
6197,224
6200,223
6202,223
6204,224
6207,224
6209,224
6212,223
6214,223
6217,224
6219,224
6221,223
6224,223
6226,223
6230,223
6232,223
6235,223
6237,223
6240,223
6242,223
6244,223
6247,223
6249,223
6252,223
6254,224
6257,223
6259,224
6261,223
6264,223
6266,223
6269,224
6272,224
6275,223
6277,223
6280,223
6282,223
6284,223
6287,224
6289,223
6292,223
6294,223
6297,223
6299,222
6301,223
6304,223
6306,223
6309,224
6311,223
6315,223
6317,224
6320,223
6322,224
6324,224
6327,223
6329,223
6332,223
6334,223
6337,224
6339,223
6341,224
6344,223
6346,224
6349,223
6351,223
6354,224
6356,223
6360,223
6362,223
6364,223
6367,223
6369,223
6372,224
6374,224
6377,223
6379,224
6381,224
6384,223
6386,224
6389,223
6391,223
6394,224
6396,224
6398,224
6402,223
6404,224
6407,224
6409,223
6412,224
6414,224
6417,224
6419,225
6421,224
6424,223
6426,224
6429,223
6431,224
6434,223
6436,224
6439,224
6441,223
6444,224
6447,224
6449,224
6452,224
6454,224
6457,224
6459,223
6461,224
6464,225
6466,223
6469,224
6471,224
6474,224
6476,224
6479,224
6481,224
6483,224
6487,224
6489,224
6492,223
6494,224
6497,224
6499,224
6501,224
6504,224
6506,224
6509,224
6511,223
6514,224
6516,224
6519,225
6521,224
6523,224
6526,224
6529,225
6532,224
6534,224
6537,224
6539,224
6541,224
6544,224
6546,223
6549,224
6551,224
6554,224
6556,224
6559,224
6561,224
6563,224
6566,224
6568,224
6572,224
6574,224
6577,224
6579,224
6581,224
6584,224
6586,224
6589,224
6591,224
6594,224
6596,224
6599,224
6601,224
6603,224
6606,224
6608,224
6611,224
6614,224
6617,224
6619,224
6621,225
6624,224
6626,224
6629,224
6631,224
6634,224
6636,224
6639,224
6641,224
6643,224
6646,224
6648,224
6651,225
6653,225
6657,224
6659,224
6661,225
6664,224
6666,225
6669,225
6671,225
6674,225
6676,224
6679,224
6681,224
6683,225
6686,225
6688,225
6691,224
6693,224
6696,224
6699,224
6701,224
6704,224
6706,225
6709,224
6711,224
6714,224
6716,224
6719,224
6721,224
6723,224
6726,225
6728,224
6731,224
6733,223
6736,224
6738,224
6740,224
6744,224
6746,223
6749,223
6751,224
6754,224
6756,224
6759,223
6761,223
6763,224
6766,224
6768,223
6771,225
6773,224
6776,224
6778,223
6780,223
6784,224
6786,224
6789,223
6791,224
6794,225
6796,224
6799,224
6801,224
6803,225
6806,224
6808,224
6811,223
6813,224
6816,224
6818,224
6820,223
6823,224
6825,224
6829,225
6831,224
6834,223
6836,224
6839,224
6841,224
6843,223
6846,223
6848,225
6851,224
6853,223
6856,224
6858,224
6860,224
6863,224
6865,223
6868,224
6871,224
6874,224
6876,224
6879,224
6881,224
6883,224
6886,224
6888,223
6891,224
6893,224
6896,224
6898,224
6900,224
6903,224
6905,224
6908,224
6910,224
6914,224
6916,224
6919,225
6921,224
6923,224
6926,225
6928,224
6931,224
6933,224
6936,225
6938,225
6940,224
6943,224
6945,224
6948,224
6950,224
6953,224
6956,225
6959,224
6961,224
6963,225
6966,224
6968,224
6971,224
6973,225
6976,225
6978,224
6980,226
6983,225
6985,225
6988,225
6990,225
6993,225
6995,225
6999,224
7001,225
7003,226
7006,225
7008,225
7011,225
7013,225
7016,225
7018,225
7020,225
7023,225
7025,225
7028,225
7030,225
7033,226
7035,226
7037,225
7041,225
7043,225
7046,226
7048,226
7051,225
7053,226
7056,226
7058,226
7060,225
7063,225
7065,226
7068,226
7070,226
7073,226
7075,226
7077,226
7080,226
7083,227
7086,227
7088,227
7091,227
7093,227
7096,228
7098,227
7100,228
7103,227
7105,228
7108,227
7110,228
7113,229
7115,229
7117,228
7120,228
7122,229
7126,228
7128,229
7131,228
7133,228
7136,229
7138,228
7140,228
7143,228
7145,228
7148,227
7150,228
7153,228
7155,228
7157,228
7160,227
7162,227
7165,228
7168,228
7171,227
7173,228
7176,228
7178,228
7180,228
7183,228
7185,227
7188,228
7190,227
7193,228
7195,227
7197,227
7200,228
7202,227
7205,227
7207,227
7211,228
7213,228
7216,228
7218,228
7220,229
7223,228
7225,227
7228,227
7230,228
7233,229
7235,229
7237,229
7240,228
7242,228
7245,229
7247,228
7250,228
7252,228
7256,229
7258,229
7260,228
7263,228
7265,229
7268,228
7270,228
7273,228
7275,229
7277,229
7280,228
7282,229
7285,229
7287,229
7290,229
7292,229
7296,229
7298,229
7300,229
7303,230
7305,229
7308,230
7310,231
7313,231
7315,232
7318,231
7320,233
7322,232
7325,231
7327,232
7330,233
7332,232
7335,233
7337,233
7340,233
7343,232
7345,232
7348,233
7350,233
7353,232
7355,233
7357,233
7360,234
7362,233
7365,233
7367,232
7370,233
7372,233
7375,233
7377,233
7379,232
7383,232
7385,233
7388,234
7390,233
7393,233
7395,232
7397,233
7400,233
7402,233
7405,232
7407,232
7410,232
7412,232
7415,232
7417,233
7419,233
7422,232
7425,231
7428,231
7430,233
7433,232
7435,231
7437,232
7440,232
7442,233
7445,232
7447,231
7450,231
7452,232
7455,231
7457,231
7459,231
7462,232
7464,232
7468,231
7470,231
7473,231
7475,231
7478,230
7480,230
7482,230
7485,231
7487,231
7490,230
7492,230
7495,231
7497,232
7499,231
7502,230
7504,230
7507,231
7510,230
7513,229
7515,229
7517,230
7520,230
7522,230
7525,230
7527,230
7530,229
7532,230
7535,230
7537,230
7539,230
7542,230
7544,230
7547,229
7549,230
7553,231
7555,230
7557,230
7560,230
7562,230
7565,229
7567,230
7570,230
7572,230
7575,231
7577,230
7579,229
7582,230
7584,230
7587,230
7589,229
7592,229
7595,229
7597,229
7600,229
7602,230
7605,230
7607,229
7610,229
7612,229
7614,229
7617,229
7619,229
7622,230
7624,229
7627,230
7629,230
7632,229
7634,229
7636,229
7640,230
7642,230
7645,229
7647,230
7650,229
7652,229
7654,229
7657,228
7659,229
7662,229
7664,229
7667,229
7669,229
7672,229
7674,229
7676,229
7680,229
7682,229
7685,229
7687,229
7690,229
7692,230
7694,229
7697,229
7699,230
7702,229
7704,230
7707,229
7709,229
7712,230
7714,229
7716,230
7719,229
7721,229
7725,230
7727,230
7730,229
7732,229
7734,229
7737,229
7739,229
7742,229
7744,229
7747,229
7749,230
7752,229
7754,229
7756,229
7759,229
7761,229
7764,229
7767,228
7770,229
7772,230
7774,229
7777,229
7779,229
7782,230
7784,229
7787,229
7789,229
7792,229
7794,229
7796,229
7799,229
7801,230
7804,229
7806,229
7810,229
7812,229
7814,230
7817,229
7819,229
7822,229
7824,229
7827,230
7829,230
7832,229
7834,229
7836,230
7839,229
7841,229
7844,229
7846,230
7849,230
7852,231
7854,230
7857,229
7859,230
7862,229
7864,230
7867,229
7869,229
7872,230
7874,230
7876,229
7879,229
7881,229
7884,230
7886,230
7889,230
7891,230
7894,229
7897,230
7899,229
7902,230
7904,231
7907,229
7909,230
7912,230
7914,230
7916,230
7919,230
7921,230
7924,230
7926,230
7929,230
7931,230
7933,230
7937,229
7939,230
7942,230
7944,230
7947,230
7949,231
7952,231
7954,231
7956,230
7959,230
7961,230
7964,230
7966,230
7969,231
7971,230
7973,231
7976,230
7979,231
7982,230
7984,230
7987,231
7989,230
7991,231
7994,230
7996,230
7999,231
8001,230
8004,231
8006,230
8009,230
8011,230
8013,230
8016,230
8018,230
8022,231
8024,230
8027,230
8029,230
8031,230
8034,230
8036,231
8039,231
8041,230
8044,231
8046,230
8049,230
8051,231
8053,231
8056,230
8058,230
8061,230
8064,231
8067,231
8069,230
8071,230
8074,230
8076,232
8079,231
8081,230
8084,231
8086,231
8089,232
8091,231
8093,231
8096,231
8098,231
8101,232
8103,231
8107,231
8109,232
8111,231
8114,231
8116,231
8119,232
8121,232
8124,231
8126,231
8129,231
8131,231
8133,231
8136,230
8138,230
8141,231
8143,230
8146,230
8148,231
8151,231
8154,232
8156,231
8159,231
8161,231
8164,231
8166,230
8169,231
8171,231
8173,231
8176,231
8178,231
8181,231
8183,231
8186,231
8188,231
8190,231
8194,231
8196,232
8199,231
8201,231
8204,232
8206,232
8209,232
8211,231
8213,231
8216,232
8218,232
8221,231
8223,231
8226,232
8228,231
8230,231
8233,231
8236,232
8239,231
8241,231
8244,231
8246,232
8249,231
8251,232
8253,231
8256,232
8258,232
8261,231
8263,231
8266,231
8268,232
8270,232
8273,232
8275,231
8279,232
8281,231
8284,231
8286,232
8289,232
8291,232
8293,232
8296,232
8298,232
8301,232
8303,233
8306,232
8308,232
8310,232
8313,232
8315,232
8318,232
8321,232
8324,232
8326,232
8329,232
8331,232
8333,232
8336,232
8338,232
8341,232
8343,232
8346,232
8348,232
8350,232
8353,233
8355,232
8358,233
8360,233
8364,233
8366,234
8369,233
8371,234
8373,233
8376,234
8378,233
8381,234
8383,234
8386,235
8388,234
8390,235
8393,236
8395,236
8398,235
8400,236
8403,237
8406,236
8409,237
8411,237
8413,238
8416,238
8418,239
8421,240
8423,239
8426,239
8428,241
8430,241
8433,242
8435,243
8438,243
8440,245
8443,245
8445,246
8449,247
8451,248
8453,250
8456,250
8458,251
8461,254
8463,256
8466,257
8468,258
8470,260
8473,262
8475,265
8478,266
8480,268
8483,271
8485,275
8488,276
8491,278
8493,280
8496,283
8498,286
8501,288
8503,290
8506,293
8508,295
8510,297
8513,299
8515,301
8518,304
8520,306
8523,307
8525,308
8528,310
8530,313
8532,313
8536,315
8538,317
8541,318
8543,319
8546,320
8548,320
8551,322
8553,324
8555,325
8558,324
8560,325
8563,327
8565,327
8568,328
8570,329
8572,328
8576,328
8578,329
8581,329
8583,330
8586,331
8588,331
8591,330
8593,331
8595,331
8598,331
8600,332
8603,332
8605,332
8608,333
8610,332
8612,332
8615,332
8617,333
8621,332
8623,332
8626,332
8628,332
8630,331
8633,332
8635,332
8638,332
8640,332
8643,331
8645,331
8648,331
8650,331
8652,331
8655,331
8657,331
8660,330
8663,331
8666,331
8668,331
8670,330
8673,331
8675,330
8678,330
8680,330
8683,330
8685,330
8688,330
8690,331
8692,330
8695,331
8697,330
8700,331
8702,331
8706,331
8708,330
8710,331
8713,331
8715,331
8718,331
8720,331
8723,331
8725,331
8728,331
8730,331
8732,331
8735,332
8737,332
8740,331
8742,331
8745,331
8748,331
8750,332
8753,332
8755,332
8758,332
8760,332
8763,332
8765,331
8768,333
8770,333
8772,332
8775,332
8777,331
8780,331
8782,331
8785,331
8787,331
8790,331
8793,331
8795,330
8798,331
8800,331
8803,331
8805,333
8808,330
8810,331
8812,332
8815,332
8817,332
8820,332
8822,331
8825,332
8827,331
8829,331
8833,331
8835,332
8838,332
8840,331
8843,331
8845,331
8848,331
8850,332
8852,332
8855,331
8857,332
8860,332
8862,332
8865,331
8867,331
8869,333
8872,332
8875,331
8878,331
8880,330
8883,332
8885,331
8888,331
8890,332
8892,332
8895,332
8897,332
8900,331
8902,332
8905,332
8907,332
8909,331
8912,331
8914,332
8918,331
8920,331
8923,331
8925,331
8928,331
8930,331
8932,332
8935,332
8937,332
8940,332
8942,331
8945,331
8947,332
8949,332
8952,332
8954,332
8957,332
8960,331
8963,331
8965,331
8968,332
8970,332
8972,332
8975,331
8977,331
8980,331
8982,331
8985,332
8987,331
8989,331
8992,331
8994,331
8997,332
8999,332
9003,333
9005,331
9008,331
9010,331
9012,331
9015,331
9017,332
9020,332
9022,332
9025,332
9027,331
9029,332
9032,332
9034,332
9037,331
9039,331
9042,332
9044,331
9048,331
9050,331
9052,332
9055,332
9057,331
9060,331
9062,331
9065,331
9067,332
9069,332
9072,331
9074,331
9077,332
9079,332
9082,331
9084,332
9088,332
9090,331
9092,331
9095,331
9097,331
9100,331
9102,331
9105,331
9107,331
9109,331
9112,332
9114,331
9117,331
9119,332
9122,332
9124,332
9127,331
9129,331
9132,332
9135,333
9137,332
9140,331
9142,332
9145,332
9147,331
9149,332
9152,332
9154,331
9157,332
9159,331
9162,331
9164,332
9167,331
9169,331
9171,331
9175,331
9177,332
9180,332
9182,332
9185,332
9187,331
9189,332
9192,331
9194,331
9197,331
9199,332
9202,332
9204,331
9207,331
9209,332
9211,332
9214,331
9217,331
9220,332
9222,332
9225,331
9227,331
9229,331
9232,331
9234,332
9237,331
9239,332
9242,332
9244,332
9247,332
9249,332
9251,332
9254,332
9256,331
9260,332
9262,332
9265,331
9267,333
9269,331
9272,332
9274,331
9277,331
9279,332
9282,332
9284,332
9287,332
9289,331
9291,332
9294,331
9296,331
9299,331
9302,331
9305,332
9307,331
9309,331
9312,331
9314,331
9317,332
9319,332
9322,332
9324,331
9327,331
9329,331
9331,332
9334,332
9336,332
9339,331
9341,331
9345,332
9347,331
9350,332
9352,331
9354,331
9357,331
9359,331
9362,332
9364,331
9367,331
9369,332
9371,331
9374,331
9376,332
9379,331
9381,332
9384,332
9387,333
9389,332
9392,331
9394,332
9397,331
9399,332
9402,332
9404,332
9407,331
9409,331
9411,331
9414,331
9416,331
9419,332
9421,331
9424,332
9426,331
9428,332
9432,331
9434,331
9437,332
9439,332
9442,332
9444,331
9447,331
9449,331
9451,332
9454,332
9456,331
9459,332
9461,332
9464,332
9466,331
9468,331
9472,332
9474,332
9477,331
9479,331
9482,332
9484,332
9487,332
9489,331
9491,330
9494,330
9496,329
9499,329
9501,329
9504,329
9506,329
9508,329
9511,327
9513,326
9517,326
9519,325
9522,323
9524,322
9527,321
9529,320
9531,319
9534,317
9536,315
9539,312
9541,310
9544,306
9546,303
9548,298
9551,294
9553,289
9556,282
9559,276
9562,267
9564,255
9567,240
9569,224
9571,211
9574,208
9576,213
9579,217
9581,219
9584,219
9586,219
9588,218
9591,218
9593,215
9596,216
9598,218
9602,220
9604,222
9607,224
9609,223
9611,224
9614,224
9616,226
9619,228
9621,229
9624,230
9626,232
9628,234
9631,236
9633,239
9636,241
9638,244
9641,247
9644,251
9647,255
9649,259
9651,264
9654,267
9656,273
9659,277
9661,282
9664,288
9666,293
9668,298
9671,303
9673,306
9676,311
9678,314
9681,317
9683,320
9687,323
9689,326
9691,327
9694,328
9696,330
9699,330
9701,332
9704,332
9706,333
9708,333
9711,333
9713,334
9716,334
9718,334
9721,335
9723,335
9726,334
9729,335
9731,334
9734,335
9736,334
9739,334
9741,333
9744,332
9746,332
9748,331
9751,330
9753,330
9756,329
9758,329
9761,329
9763,328
9766,329
9768,328
9771,328
9774,329
9776,329
9779,330
9781,330
9784,332
9786,331
9788,331
9791,332
9793,333
9796,331
9798,333
9801,332
9803,333
9806,332
9808,332
9810,333
9814,332
9816,332
9819,332
9821,331
9824,330
9826,329
9828,328
9831,327
9833,327
9836,327
9838,326
9841,323
9843,321
9846,319
9848,317
9850,312
9853,307
9856,301
9859,296
9861,289
9864,281
9866,271
9868,260
9871,247
9873,230
9876,218
9878,214
9881,220
9883,226
9886,230
9888,232
9890,234
9893,237
9895,238
9899,236
9901,235
9904,236
9906,239
9908,241
9911,246
9913,248
9916,251
9918,254
9921,256
9923,258
9926,261
9928,263
9930,265
9933,268
9935,271
9938,274
9940,276
9944,279
9946,282
9948,285
9951,289
9953,292
9956,294
9958,298
9961,301
9963,304
9966,307
9968,310
9970,314
9973,315
9975,318
9978,320
9980,323
9984,324
9986,325
9988,327
9991,328
9993,329
9996,331
9998,331
10001,332
10003,332
10006,332
10008,333
10011,333
10013,334
10016,334
10018,334
10020,334
10023,334
10025,335
10029,334
10031,333
10034,334
10036,334
10039,333
10041,333
10044,331
10046,331
10049,331
10051,330
10054,329
10056,329
10059,330
10061,330
10064,331
10066,331
10070,333
10072,332
10075,332
10077,332
10080,333
10082,334
10084,333
10087,333
10089,333
10092,333
10094,332
10097,333
10099,333
10102,333
10104,332
10107,331
10109,331
10113,331
10115,330
10118,330
10120,330
10123,331
10125,330
10128,330
10130,330
10133,330
10135,331
10138,329
10140,327
10143,327
10145,326
10147,325
10150,324
10152,322
10156,320
10158,317
10161,313
10163,310
10166,304
10168,299
10171,291
10173,283
10176,274
10178,264
10181,253
10183,241
10186,228
10188,219
10191,218
10193,223
10196,228
10199,232
10202,236
10204,238
10206,240
10209,243
10211,244
10214,247
10216,251
10219,254
10221,259
10224,264
10226,269
10229,275
10231,282
10234,287
10236,292
10240,297
10242,302
10245,307
10247,310
10250,314
10252,317
10255,320
10257,322
10260,324
10262,326
10265,327
10267,329
10269,330
10272,330
10274,331
10277,333
10279,332
10283,333
10285,334
10288,334
10290,334
10293,334
10295,334
10298,334
10300,334
10303,336
10305,334
10308,334
10310,334
10313,333
10315,332
10318,332
10320,331
10323,331
10326,329
10329,330
10331,330
10333,329
10336,330
10338,329
10341,328
10343,329
10346,328
10348,328
10351,328
10353,328
10356,328
10358,327
10361,327
10363,328
10366,328
10369,328
10372,329
10374,329
10377,331
10379,329
10382,331
10384,331
10387,331
10389,331
10392,331
10394,332
10396,332
10399,332
10401,332
10404,332
10406,332
10409,331
10412,330
10415,328
10417,327
10420,324
10422,321
10425,319
10427,318
10430,318
10432,316
10435,315
10437,313
10440,309
10442,306
10445,300
10447,293
10450,286
10452,278
10455,269
10458,260
10460,249
10463,237
10465,229
10468,225
10470,227
10473,229
10475,232
10478,236
10480,239
10483,244
10485,246
10488,247
10490,249
10493,252
10496,254
10499,258
10501,261
10504,266
10506,270
10509,275
10511,279
10513,285
10516,289
10518,294
10521,298
10523,302
10526,305
10528,309
10531,313
10533,315
10536,318
10539,320
10542,322
10544,325
10547,326
10549,327
10552,329
10554,329
10557,330
10559,331
10562,331
10564,333
10567,332
10569,333
10572,333
10574,333
10576,334
10579,334
10582,334
10585,334
10587,334
10590,333
10592,333
10595,333
10597,334
10600,332
10602,332
10605,331
10607,331
10610,331
10612,330
10615,330
10617,330
10620,329
10622,329
10626,329
10628,328
10631,329
10633,329
10635,328
10638,328
10640,328
10643,328
10645,328
10648,328
10650,329
10653,329
10655,329
10658,329
10660,329
10663,330
10665,330
10669,330
10671,331
10674,331
10676,330
10679,330
10681,329
10684,328
10686,327
10689,324
10691,323
10694,321
10696,320
10698,320
10701,318
10703,316
10706,314
10708,309
10712,306
10714,300
10717,292
10719,284
10722,275
10724,265
10727,252
10729,237
10732,223
10734,215
10737,216
10739,222
10742,226
10744,229
10747,233
10749,235
10753,237
10755,238
10758,237
10760,237
10762,239
10765,243
10767,245
10770,248
10772,252
10775,256
10777,261
10780,264
10782,268
10785,272
10787,277
10790,281
10792,285
10796,290
10798,294
10801,298
10803,302
10806,305
10808,308
10811,311
10813,313
10816,317
10818,319
10821,320
10823,322
10825,323
10828,325
10830,327
10833,327
10835,328
10839,330
10841,330
10844,330
10846,331
10849,332
10851,333
10854,333
10856,333
10859,333
10861,333
10864,333
10866,333
10869,334
10871,334
10874,333
10876,333
10880,333
10882,333
10885,332
10887,332
10889,331
10892,332
10894,331
10897,331
10899,331
10902,331
10904,331
10907,330
10909,330
10912,331
10914,331
10917,330
10919,330
10923,330
10925,330
10928,330
10930,330
10933,330
10935,329
10938,329
10940,328
10943,327
10945,326
10947,326
10950,325
10952,323
10955,323
10957,322
10960,320
10962,317
10966,315
10968,311
10971,307
10973,302
10976,296
10978,289
10981,283
10983,273
10986,261
10988,246
10991,228
10993,211
10996,205
10998,209
11001,218
11003,222
11006,224
11009,223
11011,223
11014,224
11016,221
11019,219
11021,220
11024,222
11026,225
11029,227
11031,227
11034,228
11036,229
11039,229
11041,231
11044,231
11046,233
11049,235
11052,237
11055,240
11057,242
11060,244
11062,247
11065,250
11067,255
11070,259
11072,263
11074,267
11077,272
11079,277
11082,282
11084,287
11087,292
11089,297
11092,302
11095,306
11098,310
11100,313
11103,318
11105,320
11108,322
11110,324
11113,327
11115,328
11118,330
11120,331
11123,332
11125,333
11128,333
11130,334
11133,334
11136,335
11138,334
11141,334
11143,335
11146,336
11148,335
11151,335
11153,335
11156,334
11158,334
11161,333
11163,333
11166,333
11168,332
11171,331
11173,329
11176,329
11179,330
11182,328
11184,328
11187,328
11189,327
11192,328
11194,328
11197,329
11199,330
11201,330
11204,330
11206,331
11209,332
11211,333
11214,332
11216,333
11219,333
11222,333
11225,333
11227,333
11230,333
11232,333
11235,332
11237,332
11240,332
11242,331
11245,332
11247,331
11250,330
11252,331
11255,330
11257,330
11260,330
11262,329
11265,330
11268,331
11270,330
11273,331
11275,331
11278,331
11280,332
11283,332
11285,332
11288,332
11290,332
11293,332
11295,331
11298,332
11300,332
11303,331
11305,332
11309,331
11311,331
11314,332
11316,331
11319,332
11321,331
11324,330
11326,332
11328,332
11331,331
11333,332
11336,331
11338,331
11341,331
11343,331
11346,331
11348,332
11352,332
11354,332
11357,331
11359,331
11362,331
11364,331
11367,332
11369,331
11372,332
11374,331
11377,331
11379,331
11382,331
11384,331
11387,332
11389,331
11392,331
11395,331
11397,331
11400,333
11402,331
11405,332
11407,332
11410,331
11412,331
11415,331
11417,331
11420,331
11422,331
11425,331
11427,332
11430,331
11432,333
11436,331
11438,331
11441,331
11443,331
11446,331
11448,331
11451,331
11453,332
11455,331
11458,331
11460,331
11463,332
11465,332
11468,332
11470,331
11473,331
11475,332
11479,331
11481,332
11484,332
11486,331
11489,331
11491,331
11494,331
11496,331
11499,332
11501,331
11504,331
11506,331
11509,332
11511,331
11514,331
11516,332
11518,331
11522,331
11524,331
11527,331
11529,331
11532,332
11534,332
11537,332
11539,331
11542,331
11544,330
11547,331
11549,331
11552,331
11554,331
11557,331
11559,330
11563,331
11565,331
11568,332
11570,331
11573,331
11575,332
11578,331
11580,331
11582,331
11585,332
11587,332
11590,331
11592,331
11595,331
11597,331
11600,332
11602,331
11606,331
11608,332
11611,331
11613,331
11616,331
11618,332
11621,331
11623,331
11626,331
11628,331
11631,332
11633,332
11636,332
11638,331
11641,331
11643,330
11645,331
11649,331
11651,332
11654,331
11656,331
11659,331
11661,331
11664,332
11666,331
11669,331
11671,331
11674,332
11676,331
11679,331
11681,332
11684,332
11686,331
11689,331
11692,331
11695,332
11697,332
11700,331
11702,331
11705,331
11707,331
11709,331
11712,331
11714,332
11717,332
11719,331
11722,332
11724,331
11727,331
11729,332
11732,331
11735,332
11738,331
11740,332
11743,330
11745,331
11748,331
11750,332
11753,331
11755,332
11758,331
11760,331
11763,331
11765,331
11768,332
11770,331
11772,331
11776,332
11778,332
11781,331
11783,332
11786,331
11788,331
11791,331
11793,331
11796,331
11798,331
11801,332
11803,331
11806,332
11808,332
11811,331
11813,331
11816,332
11819,331
11822,331
11824,331
11827,331
11829,332
11832,332
11834,331
11836,331
11839,332
11841,332
11844,331
11846,331
11849,332
11851,332
11854,331
11856,331
11859,331
11862,331
11865,332
11867,331
11870,332
11872,332
11875,331
11877,331
11880,331
11882,332
11885,331
11887,331
11890,331
11892,331
11895,331
11897,331
11899,332
11902,332
11905,331
11908,331
11910,331
11913,331
11915,332
11918,331
11920,331
11923,331
11925,331
11928,331
11930,331
11933,332
11935,331
11938,331
11940,332
11943,332
11945,332
11949,332
11951,331
11954,331
11956,331
11959,331
11961,331
11963,331
11966,331
11968,332
11971,331
11973,331
11976,331
11978,331
11981,332
11983,331
11986,331
11988,331
11992,331
11994,331
11997,331
11999,331
12002,332
12004,331
12007,331
12009,331
12012,331
12014,332
12017,332
12019,331
12022,331
12024,331
12026,331
12029,331
12032,332
12035,331
12037,331
12040,331
12042,332
12045,331
12047,332
12050,332
12052,332
12055,331
12057,331
12060,331
12062,331
12065,331
12067,331
12070,332
12072,330
12076,331
12078,331
12081,331
12083,332
12086,331
12088,331
12090,332
12093,331
12095,331
12098,331
12100,331
12103,333
12105,331
12108,331
12110,331
12113,330
12115,332
12119,331
12121,331
12124,331
12126,331
12129,331
12131,332
12134,331
12136,332
12139,331
12141,331
12144,332
12146,331
12149,331
12151,332
12153,331
12156,331
12158,331
12162,331
12164,332
12167,332
12169,332
