17,1.0057
19,1.0001
20,0.9977
22,1.0065
24,1.0001
26,1.0033
28,1.0089
30,1.0049
32,1.0097
34,1.0025
36,1.0097
38,1.0033
40,1.0114
42,1.0057
44,1.0114
46,1.0097
48,1.0097
50,1.0057
52,1.0081
54,1.0097
56,1.0057
58,1.0065
60,1.0065
70,1.0033
72,1.0009
74,1.0138
76,1.0041
78,1.0057
80,1.0065
82,1.0001
84,1.0089
86,1.0073
88,1.0025
90,1.0081
92,1.0057
94,1.0154
96,1.0049
98,1.0081
100,1.0041
102,1.0089
112,1.0057
114,1.0097
116,1.0065
118,1.0097
120,1.0081
122,1.0081
124,1.0041
126,1.0057
128,1.0146
130,1.0081
132,1.0130
134,1.0049
136,1.0041
146,1.0033
148,1.0065
150,1.0097
152,1.0033
154,1.0073
156,1.0073
158,1.0065
160,1.0033
162,1.0089
164,1.0073
166,1.0089
168,1.0073
170,1.0105
180,1.0089
182,1.0097
184,1.0065
186,1.0049
188,1.0033
190,1.0081
192,1.0065
194,1.0114
196,1.0130
198,1.0097
200,1.0041
202,1.0033
204,0.9985
206,1.0033
216,1.0065
218,1.0057
220,1.0081
222,1.0065
224,1.0105
226,1.0065
228,1.0049
230,1.0049
232,1.0017
234,1.0081
236,1.0097
238,1.0089
240,1.0081
250,1.0114
252,1.0009
254,1.0097
256,1.0114
258,1.0065
260,1.0114
262,1.0073
264,1.0065
266,1.0073
268,1.0041
270,1.0057
272,0.9985
274,1.0041
284,1.0065
286,1.0114
288,1.0041
290,1.0073
292,1.0065
294,1.0033
296,1.0009
298,1.0049
300,1.0009
302,1.0138
304,1.0105
306,1.0017
308,1.0105
318,1.0105
320,1.0081
322,1.0065
324,1.0057
326,1.0097
328,1.0146
330,1.0057
332,1.0073
334,0.9977
336,1.0041
338,1.0081
340,1.0105
342,1.0057
352,1.0025
354,1.0065
356,1.0089
358,1.0089
360,1.0065
362,1.0097
364,1.0065
366,1.0073
368,1.0097
370,1.0081
372,1.0073
374,1.0105
376,1.0041
386,1.0065
388,1.0057
390,1.0105
392,1.0017
394,1.0041
396,1.0073
398,1.0170
400,1.0138
402,1.0065
404,1.0170
406,1.0049
408,1.0049
410,1.0081
420,1.0114
422,1.0097
424,1.0114
426,1.0009
428,1.0065
430,1.0065
432,0.9840
434,1.0033
436,1.0073
438,1.0073
440,1.0089
442,1.0331
444,1.0065
446,1.0065
456,1.0033
458,1.0073
460,1.0057
462,1.0186
464,1.0049
466,1.0089
468,1.0057
470,1.0033
472,1.0065
474,1.0073
476,1.0057
478,1.0073
480,1.0033
490,1.0041
492,1.0033
494,1.0073
496,1.0081
498,1.0025
500,1.0041
502,1.0049
504,1.0017
506,1.0065
508,1.0065
510,1.0065
512,1.0073
514,1.0081
524,1.0073
526,1.0065
528,1.0041
530,1.0065
532,1.0025
534,1.0081
536,1.0049
538,1.0065
540,1.0065
542,1.0057
544,1.0041
546,1.0017
548,1.0065
558,1.0057
560,1.0057
562,1.0001
564,1.0138
566,1.0073
568,1.0097
570,1.0057
572,1.0049
574,1.0081
576,1.0114
578,1.0105
580,1.0065
582,1.0025
584,1.0081
594,1.0049
596,1.0057
598,1.0041
600,1.0097
602,1.0097
604,1.0105
606,1.0049
608,1.0025
610,1.0097
612,1.0049
614,1.0057
616,1.0041
618,1.0049
620,1.0017
630,1.0065
632,1.0105
634,1.0001
636,1.0073
638,1.0146
640,1.0049
642,1.0009
644,1.0105
646,1.0097
648,1.0033
650,1.0049
652,1.0130
654,1.0073
656,1.0105
666,1.0073
668,1.0097
670,1.0057
672,1.0138
674,1.0033
676,1.0065
678,1.0089
680,1.0049
682,1.0097
684,1.0073
686,1.0105
688,1.0073
690,1.0097
700,1.0049
702,1.0065
704,1.0033
706,1.0049
708,1.0065
710,1.0073
712,1.0114
714,1.0081
716,1.0114
718,1.0162
720,1.0081
722,1.0065
724,1.0073
726,1.0081
736,1.0097
738,1.0073
740,1.0097
742,1.0065
744,1.0009
746,1.0065
748,1.0097
750,1.0009
752,1.0097
754,1.0081
756,1.0081
758,1.0057
760,1.0105
770,1.0089
772,1.0081
774,1.0065
776,1.0057
778,1.0049
780,1.0049
782,1.0033
784,0.9993
786,1.0073
788,0.9670
790,1.0041
792,1.0089
794,1.0089
804,1.0049
806,1.0057
808,1.0105
810,1.0001
812,1.0033
814,1.0041
816,1.0065
818,1.0130
820,1.0033
822,1.0138
824,1.0097
826,1.0073
828,1.0041
838,1.0073
840,1.0065
842,1.0122
844,1.0114
846,1.0057
848,1.0033
850,0.9928
852,1.0073
854,1.0097
856,1.0041
858,1.0089
860,1.0146
862,1.0081
872,1.0057
874,1.0049
876,1.0073
878,1.0081
880,1.0097
882,1.0081
884,1.0041
886,1.0138
888,1.0041
890,1.0073
892,1.0033
894,1.0057
896,1.0081
906,1.0065
908,1.0073
910,1.0073
912,1.0049
914,1.0049
916,1.0105
918,1.0057
920,1.0146
922,1.0097
924,1.0130
926,1.0057
928,1.0081
930,1.0057
940,1.0097
942,1.0057
944,1.0081
946,1.0049
948,1.0049
950,1.0097
952,1.0073
954,1.0065
956,1.0057
958,1.0081
960,1.0065
962,1.0081
964,1.0089
974,1.0041
976,1.0049
978,1.0089
980,0.9896
982,1.0114
984,1.0097
986,1.0081
988,1.0138
990,1.0089
992,1.0130
994,1.0081
996,1.0049
998,1.0033
1000,1.0049
1010,1.0081
1012,1.0017
1014,1.0186
1016,1.0089
1018,1.0041
1020,1.0033
1022,1.0057
1024,1.0065
1026,1.0081
1028,1.0041
1030,1.0073
1040,1.0081
1042,1.0057
1044,1.0057
1046,1.0138
1048,1.0041
1050,1.0073
1052,1.0081
1054,1.0057
1056,1.0081
1058,1.0065
1060,1.0033
1070,1.0081
1072,1.0065
1074,1.0097
1076,0.9759
1078,1.0081
1080,1.0081
1082,1.0065
1084,1.0089
1086,1.0065
1088,1.0105
1090,1.0114
1100,1.0081
1102,1.0073
1104,1.0057
1106,1.0041
1108,1.0089
1110,1.0105
1112,1.0081
1114,1.0065
1116,1.0138
1118,1.0041
1120,0.9985
1130,1.0122
1132,1.0049
1134,1.0041
1136,1.0114
1138,1.0226
1140,1.0081
1142,1.0097
1144,1.0097
1146,1.0049
1148,1.0065
1150,1.0130
1160,1.0138
1162,1.0073
1164,1.0146
1166,1.0146
1168,1.0049
1170,1.0178
1172,1.0065
1174,1.0049
1176,1.0114
1178,1.0065
1180,1.0089
1190,1.0057
1192,1.0081
1194,1.0065
1196,1.0097
1198,1.0025
1200,1.0105
1202,1.0033
1204,1.0081
1206,1.0105
1208,1.0057
1218,1.0130
1220,1.0057
1222,1.0081
1224,1.0073
1226,1.0081
1228,1.0105
1230,1.0041
1232,1.0122
1234,1.0114
1236,0.9936
1238,1.0041
1248,1.0073
1250,1.0718
1252,1.0081
1254,1.0130
1256,1.0049
1258,0.9912
1260,1.0089
1262,1.0105
1264,1.0057
1266,1.0065
1268,1.0105
1278,1.0041
1280,1.0033
1282,1.0049
1284,1.0009
1286,1.0065
1288,1.0001
1290,1.0065
1292,1.0081
1294,1.0097
1296,1.0065
1298,1.0041
1308,1.0073
1310,1.0097
1312,1.0073
1314,1.0114
1316,1.0033
1318,1.0057
1320,1.0081
1322,1.0105
1324,1.0081
1326,1.0097
1328,1.0033
1338,1.0081
1340,1.0065
1342,1.0146
1344,1.0097
1346,1.0065
1348,1.0073
1350,1.0105
1352,1.0097
1354,1.0065
1356,1.0041
1358,1.0097
1368,1.0033
1370,1.0097
1372,1.0049
1374,1.0097
1376,1.0097
1378,1.0097
1380,1.0081
1382,1.0041
1384,1.0097
1386,1.0146
1388,1.0033
1398,1.0049
1400,1.0049
1402,1.0065
1404,1.0146
1406,1.0130
1408,1.0081
1410,1.0089
1412,1.0033
1414,1.0081
1416,1.0122
1418,1.0105
1428,1.0097
1430,1.0073
1432,1.0081
1434,1.0001
1436,1.0073
1438,1.0105
1440,1.0001
1442,1.0065
1444,1.0081
1446,1.0081
1448,1.0081
1458,1.0097
1460,1.0081
1462,1.0065
1464,0.9968
1466,1.0114
1468,1.0041
1470,1.0097
1472,1.0162
1474,1.0009
1476,1.0009
1478,1.0049
1488,1.0073
1490,1.0065
1492,1.0138
1494,1.0049
1496,1.0138
1498,1.0097
1500,1.0105
1502,1.0065
1504,1.0041
1506,1.0081
1508,1.0138
1518,1.0049
1520,1.0009
1522,1.0049
1524,1.0049
1526,1.0049
1528,1.0033
1530,1.0081
1532,1.0105
1534,1.0089
1536,1.0049
1538,1.0105
1548,1.0073
1550,0.9977
1552,1.0041
1554,1.0017
1556,0.9985
1558,1.0081
1560,1.0081
1562,1.0001
1564,1.0081
1566,1.0114
1576,1.0065
1578,1.0081
1580,1.0065
1582,1.0073
1584,1.0114
1586,1.0073
1588,1.0097
1590,1.0097
1592,1.0049
1594,1.0097
1596,1.0162
1606,1.0009
1608,1.0057
1610,1.0033
1612,1.0057
1614,1.0081
1616,1.0089
1618,1.0081
1620,1.0025
1622,1.0065
1624,1.0073
1626,1.0025
1636,1.0081
1638,1.0057
1640,1.0017
1642,1.0073
1644,1.0073
1646,1.0041
1648,1.0065
1650,1.0081
1652,1.0049
1654,1.0049
1656,1.0081
1666,1.0097
1668,1.0081
1670,1.0033
1672,1.0065
1674,1.0065
1676,1.0057
1678,1.0001
1680,1.0073
1682,1.0089
1684,1.0041
1686,1.0057
1696,1.0049
1698,1.0041
1700,1.0114
1702,1.0057
1704,1.0146
1706,1.0065
1708,1.0033
1710,1.0009
1712,1.0065
1714,1.0081
1716,1.0081
1726,1.0057
1728,1.0033
1730,1.0146
1732,1.0049
1734,1.0049
1736,1.0033
1738,1.0057
1740,1.0089
1742,1.0105
1744,1.0057
1746,1.0001
1756,1.0049
1758,1.0049
1760,1.0089
1762,1.0065
1764,1.0033
1766,1.0089
1768,1.0073
1770,1.0057
1772,1.0138
1774,1.0065
1776,1.0033
1786,1.0049
1788,1.0057
1790,1.0049
1792,1.0049
1794,1.0049
1796,1.0097
1798,1.0105
1800,1.0041
1802,1.0130
1804,1.0081
1806,1.0081
1816,1.0065
1818,1.0089
1820,1.0081
1822,1.0065
1824,1.0097
1826,1.0162
1828,1.0089
1830,1.0033
1832,1.0114
1834,1.0081
1844,1.0057
1846,1.0097
1848,1.0081
1850,1.0041
1852,1.0146
1854,1.0057
1856,1.0089
1858,1.0033
1860,1.0057
1862,1.0041
1864,1.0057
1874,1.0049
1876,1.0049
1878,1.0081
1880,1.0105
1882,1.0105
1884,1.0049
1886,1.0355
1888,1.0025
1890,1.0073
1892,1.0065
1894,1.0017
1904,1.0097
1906,1.0081
1908,1.0081
1910,1.0089
1912,1.0009
1914,1.0097
1916,1.0049
1918,1.0130
1920,1.0097
1922,1.0089
1924,1.0049
1934,1.0073
1936,1.0057
1938,1.0186
1940,1.0500
1942,1.0694
1944,1.1218
1946,1.1733
1948,1.2080
1950,1.2370
1952,1.2862
1954,1.2918
1964,1.3708
1966,1.3885
1968,1.3982
1970,1.4207
1972,1.4312
1974,1.4505
1976,1.4715
1978,1.4957
1980,1.5263
1982,1.5489
1984,1.5787
1994,1.6786
1996,1.6786
1998,1.6810
2000,1.6891
2002,1.6867
2004,1.6891
2006,1.6891
2008,1.6770
2010,1.6802
2012,1.6649
2014,1.6488
2024,1.5553
2026,1.5336
2028,1.5199
2030,1.4949
2032,1.4908
2034,1.4659
2036,1.4481
2038,1.4449
2040,1.4296
2042,1.4232
2044,1.4296
2054,1.4159
2056,1.4264
2058,1.4336
2060,1.4449
2062,1.4554
2064,1.4707
2066,1.4820
2068,1.4973
2070,1.5126
2072,1.5255
2074,1.5432
2084,1.5819
2086,1.5884
2088,1.5972
2090,1.5996
2092,1.6045
2094,1.6093
2096,1.6045
2098,1.5972
2100,1.5964
2102,1.5884
2104,1.5738
2114,1.5464
2116,1.5432
2118,1.5344
2120,1.5529
2122,1.5255
2124,1.5126
2126,1.5094
2128,1.4973
2130,1.4973
2132,1.4981
2142,1.4965
2144,1.4949
2146,1.5013
2148,1.5045
2150,1.5062
2152,1.5094
2154,1.5102
2156,1.5215
2158,1.5263
2160,1.5255
2162,1.5311
2172,1.6206
2174,1.5650
2176,1.5642
2178,1.5722
2180,1.5706
2182,1.5714
2184,1.5674
2186,1.5610
2188,1.5529
2190,1.5553
2192,1.5400
2202,1.5271
2204,1.5207
2206,1.5190
2208,1.5174
2210,1.5102
2212,1.5086
2214,1.5086
2216,1.5045
2218,1.5086
2220,1.5086
2222,1.5094
2232,1.5126
2234,1.5207
2236,1.5199
2238,1.5319
2240,1.5344
2242,1.5352
2244,1.5368
2246,1.5424
2248,1.5456
2250,1.5481
2252,1.5456
2262,1.5561
2264,1.5561
2266,1.5489
2268,1.5497
2270,1.5674
2272,1.5432
2274,1.5327
2276,1.5416
2278,1.5247
2280,1.5255
2282,1.5263
2292,1.5142
2294,1.4908
2296,1.5142
2298,1.5166
2300,1.5223
2302,1.5174
2304,1.5190
2306,1.5231
2308,1.5263
2310,1.5231
2312,1.5271
2322,1.5424
2324,1.5368
2326,1.5432
2328,1.5400
2330,1.5448
2332,1.5392
2334,1.5432
2336,1.5448
2338,1.5416
2340,1.5424
2350,1.5360
2352,1.5352
2354,1.5344
2356,1.5336
2358,1.5319
2360,1.5287
2362,1.5271
2364,1.5311
2366,1.5287
2368,1.5255
2370,1.5255
2380,1.5287
2382,1.5287
2384,1.5319
2386,1.5287
2388,1.5368
2390,1.5303
2392,1.5344
2394,1.5344
2396,1.5336
2398,1.5344
2400,1.5416
2410,1.5376
2412,1.5432
2414,1.5352
2416,1.5327
2418,1.5360
2420,1.5344
2422,1.5327
2424,1.5368
2426,1.5263
2428,1.5287
2430,1.5287
2440,1.5271
2442,1.5287
2444,1.5311
2446,1.5344
2448,1.5319
2450,1.5344
2452,1.5336
2454,1.5336
2456,1.5327
2458,1.5344
2460,1.5319
2470,1.5239
2472,1.5360
2474,1.5400
2476,1.5319
2478,1.5327
2480,1.5344
2482,1.5344
2484,1.5352
2486,1.5303
2488,1.5336
2490,1.5327
2500,1.5344
2502,1.5287
2504,1.5344
2506,1.5327
2508,1.5336
2510,1.5344
2512,1.5344
2514,1.5319
2516,1.5344
2518,1.5336
2520,1.5352
2530,1.5102
2532,1.5344
2534,1.5303
2536,1.5344
2538,1.5319
2540,1.5327
2542,1.5327
2544,1.5352
2546,1.5303
2548,1.5344
2550,1.5344
2560,1.5344
2562,1.5344
2564,1.5271
2566,1.5336
2568,1.5319
2570,1.5295
2572,1.5352
2574,1.5344
2576,1.5360
2578,1.5424
2580,1.5336
2590,1.5360
2592,1.5344
2594,1.5368
2596,1.5336
2598,1.5360
2600,1.5368
2602,1.5327
2604,1.5344
2606,1.5271
2608,1.5344
2610,1.5303
2620,1.5319
2622,1.5344
2624,1.5336
2626,1.5303
2628,1.5336
2630,1.5303
2632,1.5287
2634,1.5303
2636,1.5327
2638,1.5344
2648,1.5344
2650,1.5344
2652,1.5295
2654,1.5295
2656,1.5352
2658,1.5319
2660,1.5344
2662,1.5199
2664,1.4828
2666,1.4312
2676,0.9848
2678,0.8244
2680,0.6576
2682,0.4553
2684,0.2788
2686,0.3296
2688,0.3312
2690,0.3312
2692,0.3215
2694,0.3095
2696,0.3167
2706,1.1467
2708,1.3063
2710,1.2289
2712,1.2725
2714,1.3780
2716,1.2829
2718,1.2297
2720,1.2942
2722,1.1371
2724,0.9840
2734,0.4255
2736,0.2893
2738,0.2966
2740,0.3054
2742,0.3135
2744,0.3086
2746,0.2949
2748,0.3030
2750,0.4311
2752,0.6608
2754,0.7632
2764,1.4135
2766,1.6101
2768,1.5964
2770,1.5940
2772,1.7673
2774,1.7366
2776,1.5045
2778,1.5303
2780,1.5062
2782,1.2370
2792,0.6318
2794,0.2941
2796,0.3481
2798,0.2659
2800,0.2837
2802,0.2941
2804,0.2966
2806,0.3119
2808,0.4956
2810,0.6664
2812,0.7607
2822,1.3917
2824,1.3949
2826,1.5577
2828,1.5473
2830,1.5722
2832,1.7366
2834,1.5698
2836,1.4876
2838,1.6327
2840,1.5344
2842,1.4199
2852,1.4352
2854,1.3144
2856,1.4062
2858,1.4723
2860,1.3796
2862,1.4634
2864,1.5456
2866,1.4804
2868,1.5070
2870,1.5747
2872,1.5295
2882,1.4836
2884,1.4312
2886,1.4167
2888,1.4159
2890,1.3692
2892,1.3885
2894,1.4159
2896,1.3909
2898,1.4191
2900,1.4570
2910,1.5255
2912,1.5561
2914,1.5529
2916,1.5577
2918,1.5553
2920,1.5440
2922,1.5456
2924,1.5344
2926,1.5255
2928,1.5271
2930,1.5303
2940,1.5513
2942,1.5529
2944,1.5561
2946,1.5658
2948,1.5650
2950,1.5722
2952,1.5787
2954,1.5795
2956,1.5803
2958,1.5803
2960,1.5779
2970,1.5601
2972,1.5585
2974,1.5456
2976,1.5473
2978,1.5416
2980,1.5336
2982,1.5344
2984,1.5319
2986,1.5271
2988,1.5215
2990,1.5400
3000,1.5086
3002,1.5094
3004,1.5142
3006,1.5142
3008,1.5207
3010,1.5231
3012,1.5223
3014,1.5303
3016,1.5303
3018,1.5134
3020,1.5344
3030,1.5521
3032,1.5456
3034,1.5513
3036,1.5481
3038,1.5497
3040,1.5424
3042,1.5263
3044,1.5464
3046,1.5432
3048,1.5456
3050,1.5392
3060,1.5360
3062,1.5352
3064,1.5352
3066,1.5303
3068,1.5303
3070,1.5303
3072,1.5336
3074,1.5344
3076,1.5271
3078,1.5344
3080,1.5199
3090,1.5303
3092,1.5352
3094,1.5344
3096,1.5400
3098,1.5392
3100,1.5360
3102,1.5400
3104,1.5384
3106,1.5384
3108,1.5424
3110,1.5424
3120,1.5368
3122,1.5424
3124,1.5440
3126,1.5368
3128,1.5352
3130,1.5424
3132,1.5360
3134,1.5392
3136,1.5327
3138,1.5352
3140,1.5344
3150,1.5344
3152,1.5344
3154,1.5352
3156,1.5344
3158,1.5352
3160,1.5344
3162,1.5344
3164,1.5400
3166,1.5344
3168,1.5336
3170,1.5392
3180,1.5368
3182,1.5432
3184,1.5400
3186,1.5408
3188,1.5400
3190,1.5368
3192,1.5432
3194,1.5376
3196,1.5448
3198,1.5384
3208,1.5368
3210,1.5352
3212,1.5344
3214,1.5424
3216,1.5344
3218,1.5336
3220,1.5344
3222,1.5376
3224,1.5368
3226,1.5473
3228,1.5408
3238,1.5344
3240,1.5376
3242,1.5400
3244,1.5392
3246,1.5384
3248,1.5384
3250,1.5392
3252,1.5368
3254,1.5392
3256,1.5368
3258,1.5352
3268,1.5344
3270,1.5344
3272,1.5086
3274,1.5344
3276,1.5344
3278,1.5384
3280,1.5368
3282,1.5368
3284,1.5368
3286,1.5376
3288,1.5384
3298,1.5456
3300,1.5392
3302,1.5344
3304,1.5416
3306,1.5400
3308,1.5416
3310,1.5464
3312,1.5424
3314,1.5352
3316,1.5360
3318,1.5424
3328,1.5400
3330,1.5352
3332,1.5352
3334,1.5368
3336,1.5303
3338,1.5327
3340,1.5344
3342,1.5464
3344,1.5344
3346,1.5344
3348,1.5360
3358,1.5392
3360,1.5352
3362,1.5384
3364,1.5352
3366,1.5368
3368,1.5368
3370,1.5368
3372,1.5400
3374,1.5400
3376,1.5368
3378,1.5384
3388,1.5319
3390,1.5376
3392,1.5360
3394,1.5344
3396,1.5344
3398,1.5327
3400,1.5327
3402,1.5263
3404,1.4916
3406,1.4352
3408,1.3796
3418,0.8631
3420,0.6930
3422,0.5077
3424,0.3336
3426,0.3489
3428,0.3272
3430,0.3223
3432,0.3223
3434,0.3183
3436,0.3119
3438,0.4771
3448,1.2942
3450,1.3579
3452,1.3426
3454,1.4530
3456,1.4755
3458,1.4070
3460,1.4280
3462,1.3933
3464,1.2370
3466,1.1959
3468,1.1677
3478,0.3675
3480,0.3272
3482,0.3352
3484,0.3425
3486,0.3352
3488,0.3344
3490,0.3223
3492,0.3095
3494,0.4118
3496,0.7212
3498,0.8800
3508,1.4675
3510,1.6464
3512,1.5513
3514,1.6577
3516,1.8140
3518,1.6375
3520,1.5287
3522,1.6012
3524,1.4618
3526,1.2370
3536,0.5730
3538,0.2289
3540,0.3304
3542,0.2829
3544,0.2821
3546,0.2853
3548,0.2893
3550,0.2982
3552,0.5029
3554,0.7003
3556,0.7986
3566,1.3297
3568,1.4836
3570,1.4143
3572,1.5037
3574,1.7262
3576,1.5884
3578,1.5029
3580,1.6464
3582,1.5867
3584,1.4570
3586,1.5706
3596,1.3208
3598,1.3756
3600,1.4272
3602,1.3490
3604,1.3925
3606,1.4997
3608,1.4522
3610,1.4659
3612,1.5827
3614,1.5593
3616,1.5456
3626,1.4570
3628,1.3877
3630,1.3692
3632,1.3619
3634,1.3305
3636,1.3538
3638,1.3796
3640,1.3885
3642,1.4199
3644,1.4667
3646,1.4820
3656,1.5529
3658,1.5368
3660,1.5086
3662,1.5037
3664,1.5013
3666,1.4836
3668,1.4828
3670,1.4916
3672,1.4908
3674,1.4965
3684,1.5529
3686,1.5601
3688,1.5674
3690,1.5682
3692,1.5722
3694,1.5722
3696,1.5706
3698,1.5674
3700,1.5642
3702,1.5601
3704,1.5658
3714,1.5779
3716,1.5722
3718,1.5771
3720,1.5682
3722,1.5642
3724,1.5521
3726,1.5360
3728,1.5352
3730,1.5231
3732,1.5190
3734,1.5174
3744,1.5094
3746,1.5182
3748,1.5142
3750,1.5231
3752,1.5166
3754,1.5239
3756,1.5287
3758,1.5231
3760,1.5336
3762,1.5247
3764,1.5319
3774,1.5464
3776,1.5529
3778,1.5497
3780,1.5513
3782,1.5561
3784,1.5464
3786,1.5464
3788,1.5529
3790,1.5505
3792,1.5489
3794,1.5448
3804,1.5440
3806,1.5368
3808,1.5384
3810,1.5384
3812,1.5384
3814,1.5344
3816,1.5344
3818,1.5327
3820,1.5319
3822,1.5255
3824,1.5295
3834,1.5344
3836,1.5352
3838,1.5384
3840,1.5352
3842,1.5424
3844,1.5384
3846,1.5384
3848,1.5432
3850,1.5368
3852,1.5384
3854,1.5432
3864,1.5529
3866,1.5456
3868,1.5448
3870,1.5215
3872,1.5392
3874,1.5384
3876,1.5464
3878,1.5368
3880,1.5400
3882,1.5352
3884,1.5352
3894,1.5319
3896,1.5344
3898,1.5271
3900,1.5360
3902,1.5360
3904,1.5344
3906,1.5440
3908,1.5384
3910,1.5344
3912,1.5352
3914,1.5392
3924,1.5384
3926,1.5456
3928,1.5464
3930,1.5352
3932,1.5440
3934,1.5400
3936,1.5336
3938,1.5352
3940,1.5344
3942,1.5344
3944,1.5368
3954,1.5344
3956,1.5392
3958,1.5344
3960,1.5344
3962,1.5303
3964,1.5360
3966,1.5344
3968,1.5424
3970,1.5352
3972,1.5352
3974,1.5368
3984,1.5344
3986,1.5392
3988,1.5424
3990,1.5344
3992,1.5424
3994,1.5376
3996,1.5360
3998,1.5352
4000,1.5368
4002,1.5327
4012,1.5368
4014,1.5352
4016,1.5344
4018,1.5344
4020,1.5376
4022,1.5392
4024,1.5344
4026,1.5327
4028,1.5344
4030,1.5416
4032,1.5392
4042,1.5432
4044,1.5376
4046,1.5344
4048,1.5432
4050,1.5360
4052,1.5432
4054,1.5368
4056,1.5352
4058,1.5392
4060,1.5352
4062,1.5344
4072,1.5344
4074,1.5311
4076,1.5593
4078,1.5368
4080,1.5344
4082,1.5344
4084,1.5352
4086,1.5360
4088,1.5432
4090,1.5368
4092,1.5344
4102,1.5384
4104,1.5368
4106,1.5352
4108,1.5368
4110,1.5432
4112,1.5352
4114,1.5384
4116,1.5344
4118,1.5352
4120,1.5368
4122,1.5344
4132,1.5448
4134,1.5352
4136,1.5336
4138,1.5384
4140,1.5344
4142,1.5384
4144,1.5368
4146,1.5207
4148,1.4836
4150,1.4457
4152,1.3788
4162,0.8631
4164,0.7035
4166,0.5141
4168,0.3360
4170,0.3360
4172,0.3296
4174,0.3280
4176,0.3223
4178,0.3207
4180,0.3127
4182,0.4505
4192,1.2757
4194,1.3426
4196,1.3200
4198,1.3144
4200,1.4642
4202,1.3901
4204,1.4143
4206,1.4006
4208,1.2612
4210,1.2096
4212,1.1838
4222,0.3884
4224,0.3095
4226,0.3272
4228,0.3473
4230,0.3385
4232,0.3368
4234,0.3207
4236,0.3070
4238,0.3779
4240,0.6818
4242,0.8494
4252,1.4385
4254,1.6391
4256,1.6117
4258,1.6158
4260,1.8092
4262,1.7189
4264,1.4852
4266,1.5601
4268,1.4981
4270,1.2322
4280,0.6801
4282,0.2869
4284,0.3457
4286,0.2740
4288,0.3054
4290,0.3191
4292,0.2982
4294,0.2982
4296,0.3989
4298,0.5762
4300,0.6793
4310,1.3853
4312,1.3796
4314,1.5013
4316,1.5263
4318,1.5344
4320,1.6633
4322,1.5481
4324,1.4312
4326,1.5593
4328,1.5045
4330,1.3974
4340,1.4489
4342,1.3659
4344,1.4489
4346,1.4957
4348,1.4312
4350,1.4723
4352,1.5182
4354,1.4691
4356,1.4626
4358,1.5094
4360,1.5094
4370,1.4522
4372,1.4481
4374,1.4465
4376,1.4304
4378,1.4546
4380,1.4642
4382,1.4546
4384,1.4771
4386,1.4828
4388,1.4691
4390,1.4828
4400,1.4957
4402,1.4828
4404,1.4981
4406,1.4997
4408,1.4957
4410,1.5086
4412,1.5086
4414,1.5102
4416,1.5231
4418,1.5239
4420,1.5303
4430,1.5456
4432,1.5513
4434,1.5972
4436,1.5618
4438,1.5601
4440,1.5618
4442,1.5634
4444,1.5698
4446,1.5642
4448,1.5682
4450,1.5634
4460,1.5577
4462,1.5513
4464,1.5513
4466,1.5481
4468,1.5432
4470,1.5368
4472,1.5368
4474,1.5303
4476,1.5319
4478,1.5303
4488,1.5303
4490,1.5231
4492,1.5199
4494,1.5271
4496,1.5327
4498,1.5344
4500,1.5344
4502,1.5352
4504,1.5432
4506,1.5424
4508,1.5448
4518,1.5585
4520,1.5577
4522,1.5626
4524,1.5561
4526,1.5577
4528,1.5513
4530,1.5585
4532,1.5561
4534,1.5481
4536,1.5481
4538,1.5513
4548,1.5424
4550,1.5344
4552,1.5400
4554,1.5392
4556,1.5360
4558,1.5327
4560,1.5327
4562,1.5344
4564,1.5344
4566,1.5279
4568,1.5344
4578,1.5432
4580,1.5448
4582,1.5473
4584,1.5424
4586,1.5464
4588,1.5481
4590,1.5481
4592,1.5464
4594,1.5529
4596,1.5553
4598,1.5473
4608,1.5916
4610,1.5489
4612,1.5464
4614,1.5448
4616,1.5432
4618,1.5481
4620,1.5400
4622,1.5448
4624,1.5416
4626,1.5424
4628,1.5529
4638,1.5392
4640,1.5400
4642,1.5344
4644,1.5400
4646,1.5424
4648,1.5400
4650,1.5448
4652,1.5416
4654,1.5481
4656,1.5481
4658,1.5464
4668,1.5481
4670,1.5400
4672,1.5424
4674,1.5481
4676,1.5400
4678,1.5464
4680,1.5400
4682,1.5416
4684,1.5392
4686,1.5360
4688,1.5384
4698,1.5497
4700,1.5384
4702,1.5416
4704,1.5432
4706,1.5424
4708,1.5464
4710,1.5448
4712,1.5497
4714,1.5448
4716,1.5473
4718,1.5473
4728,1.5464
4730,1.6061
4732,1.5464
4734,1.5448
4736,1.5392
4738,1.5481
4740,1.5416
4742,1.5440
4744,1.5432
4746,1.5400
4748,1.5392
4758,1.5473
4760,1.5481
4762,1.5376
4764,1.5432
4766,1.5432
4768,1.5400
4770,1.5473
4772,1.5416
4774,1.5464
4776,1.5464
4786,1.5384
4788,1.5464
4790,1.5416
4792,1.5464
4794,1.5489
4796,1.5464
4798,1.5432
4800,1.5344
4802,1.5448
4804,1.5408
4806,1.5424
4816,1.5448
4818,1.5424
4820,1.5464
4822,1.5440
4824,1.5400
4826,1.5432
4828,1.5473
4830,1.5464
4832,1.5400
4834,1.5473
4836,1.5489
4846,1.5448
4848,1.5416
4850,1.5505
4852,1.5416
4854,1.5424
4856,1.5505
4858,1.5464
4860,1.5481
4862,1.5473
4864,1.5481
4866,1.5448
4876,1.5400
4878,1.5400
4880,1.5448
4882,1.5464
4884,1.5448
4886,1.5481
4888,1.5473
4890,1.5456
4892,1.5432
4894,1.5481
4896,1.5432
4906,1.5400
4908,1.5416
4910,1.5448
4912,1.5464
4914,1.5448
4916,1.5464
4918,1.5440
4920,1.5448
4922,1.5456
4924,1.5432
4926,1.5384
4936,1.5497
4938,1.5481
4940,1.5464
4942,1.5424
4944,1.5400
4946,1.5424
4948,1.5489
4950,1.5464
4952,1.5392
4954,1.5344
4956,1.5464
4966,1.5481
4968,1.5392
4970,1.5448
4972,1.5448
4974,1.5392
4976,1.5400
4978,1.5392
4980,1.5456
4982,1.5473
4984,1.5432
4986,1.5473
4996,1.5424
4998,1.5481
5000,1.5473
5002,1.5448
5004,1.5416
5006,1.5432
5008,1.5473
5010,1.5464
5012,1.5464
5014,1.5448
5024,1.5424
5026,1.5473
5028,1.5464
5030,1.5432
5032,1.5432
5034,1.5456
5036,1.5481
5038,1.5497
5040,1.5432
5042,1.5384
5044,1.5481
5054,1.5448
5056,1.5424
5058,1.5432
5060,1.5400
5062,1.5384
5064,1.5473
5066,1.5368
5068,1.5489
5070,1.5432
5072,1.5473
5074,1.5432
5084,1.5561
5086,1.5456
5088,1.5464
5090,1.5432
5092,1.5384
5094,1.5481
5096,1.5473
5098,1.5464
5100,1.5448
5102,1.5481
5104,1.5416
5114,1.5497
5116,1.5432
5118,1.5497
5120,1.5440
5122,1.5464
5124,1.5464
5126,1.5481
5128,1.5440
5130,1.5456
5132,1.5464
5134,1.5416
5144,1.5505
5146,1.5481
5148,1.5400
5150,1.5368
5152,1.5473
5154,1.5432
5156,1.5400
5158,1.5505
5160,1.5513
5162,1.5521
5164,1.5545
5174,1.5432
5176,1.5489
5178,1.5489
5180,1.5392
5182,1.5473
5184,1.5448
5186,1.5440
5188,1.5448
5190,1.5481
5192,1.5432
5194,1.5464
5204,1.5408
5206,1.5400
5208,1.5432
5210,1.5376
5212,1.5424
5214,1.5400
5216,1.5481
5218,1.5384
5220,1.5456
5222,1.5400
5224,1.5473
5234,1.5456
5236,1.5400
5238,1.5424
5240,1.5448
5242,1.5464
5244,1.5473
5246,1.5473
5248,1.5432
5250,1.5448
5252,1.4788
5254,1.5489
5264,1.5432
5266,1.5473
5268,1.5464
5270,1.5400
5272,1.5424
5274,1.5464
5276,1.5464
5278,1.5440
5280,1.5424
5282,1.5432
5284,1.5432
5294,1.5392
5296,1.5464
5298,1.5456
5300,1.5456
5302,1.5513
5304,1.5392
5306,1.5464
5308,1.5400
5310,1.5456
5312,1.5416
5314,1.5432
5324,1.5473
5326,1.5481
5328,1.5464
5330,1.5416
5332,1.5481
5334,1.5464
5336,1.5384
5338,1.5400
5340,1.5440
5342,1.5432
5352,1.5456
5354,1.5400
5356,1.5473
5358,1.5497
5360,1.5432
5362,1.5352
5364,1.5400
5366,1.5384
5368,1.5384
5370,1.5424
5372,1.5448
5382,1.5464
5384,1.5481
5386,1.5497
5388,1.5464
5390,1.5400
5392,1.5424
5394,1.5448
5396,1.5464
5398,1.5464
5400,1.5392
5402,1.5456
5412,1.5384
5414,1.5392
5416,1.5473
5418,1.5384
5420,1.5456
5422,1.5456
5424,1.5384
5426,1.5368
5428,1.5473
5430,1.5448
5432,1.5489
5442,1.5432
5444,1.5432
5446,1.5464
5448,1.5489
5450,1.5392
5452,1.5464
5454,1.5416
5456,1.5392
5458,1.5424
5460,1.5424
5462,1.5481
5472,1.5456
5474,1.5400
5476,1.5464
5478,1.5464
5480,1.5400
5482,1.5400
5484,1.5473
5486,1.5473
5488,1.5481
5490,1.5448
5492,1.5473
5502,1.5481
5504,1.5416
5506,1.5448
5508,1.5440
5510,1.5473
5512,1.5416
5514,1.5448
5516,1.5464
5518,1.5464
5520,1.5448
5522,1.5223
5532,1.5473
5534,1.5440
5536,1.5464
5538,1.5448
5540,1.5424
5542,1.5440
5544,1.5464
5546,1.5263
5548,1.4933
5550,1.4465
5552,1.3885
5562,0.8639
5564,0.6938
5566,0.5149
5568,0.3272
5570,0.3514
5572,0.3401
5574,0.3280
5576,0.3465
5578,0.3207
5580,0.3095
5582,0.3352
5592,1.3780
5594,1.3482
5596,1.3281
5598,1.4949
5600,1.4312
5602,1.3506
5604,1.4570
5606,1.3869
5608,1.2523
5610,1.3297
5612,1.2370
5622,0.3360
5624,0.3223
5626,0.3497
5628,0.3594
5630,0.3530
5632,0.3433
5634,0.3304
5636,0.3223
5638,0.3240
5640,0.5947
5642,0.9662
5652,1.5642
5654,1.5497
5656,1.6335
5658,1.7922
5660,1.6238
5662,1.4626
5664,1.5166
5666,1.3361
5668,1.0307
5670,1.0525
5680,0.3151
5682,0.3344
5684,0.3215
5686,0.3280
5688,0.3095
5690,0.3022
5692,0.2893
5694,0.3425
5696,0.7406
5698,1.0790
5700,1.2338
5710,1.6286
5712,1.4360
5714,1.4256
5716,1.3522
5718,1.1218
5720,1.0315
5722,0.9517
5724,0.6818
5726,0.5730
5728,0.5931
5738,0.3667
5740,0.5544
5742,0.5891
5744,0.6874
5746,0.9114
5748,1.0218
5750,1.1363
5752,1.3571
5754,1.4175
5756,1.3853
5758,1.5231
5768,1.2765
5770,1.3168
5772,1.2370
5774,1.1685
5776,1.2217
5778,1.2217
5780,1.1749
5782,1.2676
5784,1.2338
5786,1.2982
5788,1.4248
5798,1.4973
5800,1.5867
5802,1.6367
5804,1.6351
5806,1.6915
5808,1.6496
5810,1.5851
5812,1.5698
5814,1.5255
5816,1.4594
5826,1.4368
5828,1.4046
5830,1.4135
5832,1.3982
5834,1.3804
5836,1.4191
5838,1.4199
5840,1.4336
5842,1.4755
5844,1.4651
5846,1.4626
5856,1.5948
5858,1.5988
5860,1.5972
5862,1.5884
5864,1.5634
5866,1.5464
5868,1.5376
5870,1.5231
5872,1.5199
5874,1.5126
5876,1.5126
5886,1.4828
5888,1.4836
5890,1.4884
5892,1.4908
5894,1.4916
5896,1.4916
5898,1.4941
5900,1.5005
5902,1.5078
5904,1.5102
5906,1.5190
5916,1.3909
5918,1.3007
5920,1.2370
5922,1.1484
5924,1.0428
5926,0.9340
5928,0.8244
5930,0.7092
5932,0.5883
5934,0.4827
5944,0.3312
5946,0.3232
5948,0.3707
5950,0.5021
5952,0.5794
5954,0.7011
5956,0.8881
5958,1.0307
5960,1.1854
5962,1.2370
5964,1.1532
5974,1.0960
5976,0.9445
5978,0.9251
5980,0.9251
5982,0.7349
5984,0.6181
5986,0.5802
5988,0.4102
5990,0.3425
5992,0.3884
6002,0.5198
6004,0.7011
6006,0.8212
6008,0.9654
6010,1.1435
6012,1.2628
6014,1.3788
6016,1.3538
6018,1.2821
6020,1.3418
6022,1.3127
6032,0.9928
6034,0.8768
6036,0.6681
6038,0.5802
6040,0.5053
6042,0.3240
6044,0.3207
6046,0.3223
6048,0.3191
6050,0.3038
6052,0.3449
6062,1.0919
6064,1.2346
6066,1.4232
6068,1.3804
6070,1.3788
6072,1.5110
6074,1.4618
6076,1.4207
6078,1.5190
6080,1.4900
6090,1.2789
6092,1.2523
6094,1.1000
6096,1.0976
6098,1.0831
6100,0.9211
6102,0.8953
6104,0.9001
6106,0.8042
6108,0.8381
6110,0.9622
6120,1.2660
6122,1.2136
6124,1.3458
6126,1.4111
6128,1.4312
6130,1.4828
6132,1.5432
6134,1.5529
6136,1.6093
6138,1.7020
6140,1.6464
6150,1.5464
6152,1.5327
6154,1.4562
6156,1.5062
6158,1.5174
6160,1.4312
6162,1.4570
6164,1.5070
6166,1.4675
6168,1.5013
6178,1.4941
6180,1.4981
6182,1.5577
6184,1.5360
6186,1.5231
6188,1.5835
6190,1.5569
6192,1.5247
6194,1.5529
6196,1.5368
6198,1.5134
6208,1.4973
6210,1.4916
6212,1.5045
6214,1.5045
6216,1.5207
6218,1.5182
6220,1.5134
6222,1.5303
6224,1.5368
6226,1.5424
6228,1.5505
6238,1.5722
6240,1.5859
6242,1.5803
6244,1.5859
6246,1.5859
6248,1.5867
6250,1.5875
6252,1.5819
6254,1.5803
6256,1.5730
6258,1.5626
6268,1.5424
6270,1.5327
6272,1.5231
6274,1.5255
6276,1.5182
6278,1.5174
6280,1.5118
6282,1.4965
6284,1.4570
6286,1.4119
6288,1.3611
6298,0.8550
6300,0.7180
6302,0.5488
6304,0.3925
6306,0.3183
6308,0.3296
6310,0.3336
6312,0.3256
6314,0.3344
6316,0.3151
6318,0.3739
6328,1.3023
6330,1.3724
6332,1.3063
6334,1.4304
6336,1.4578
6338,1.3796
6340,1.4312
6342,1.4441
6344,1.3329
6346,1.3410
6348,1.3176
6358,0.4013
6360,0.3344
6362,0.3634
6364,0.3723
6366,0.3618
6368,0.3481
6370,0.3336
6372,0.3223
6374,0.3248
6376,0.4336
6378,0.8123
6388,1.5118
6390,1.6278
6392,1.6012
6394,1.7318
6396,1.8640
6398,1.6714
6400,1.5456
6402,1.5618
6404,1.3772
6406,1.1395
6416,0.2651
6418,0.3264
6420,0.3433
6422,0.3360
6424,0.3409
6426,0.3280
6428,0.3183
6430,0.3095
6432,0.3248
6434,0.7075
6436,1.1097
6446,1.6383
6448,1.7689
6450,1.6633
6452,1.6012
6454,1.5336
6456,1.3643
6458,1.2152
6460,1.1806
6462,0.8897
6472,0.3183
6474,0.3183
6476,0.3223
6478,0.3095
6480,0.3086
6482,0.2990
6484,0.3715
6486,0.6318
6488,0.8034
6490,0.9284
6492,1.1741
6502,1.6383
6504,1.4812
6506,1.4538
6508,1.4433
6510,1.2999
6512,1.2652
6514,1.3289
6516,1.2273
6518,1.2128
6520,1.3136
6522,1.2765
6532,1.4973
6534,1.5497
6536,1.5521
6538,1.5473
6540,1.5972
6542,1.6206
6544,1.5368
6546,1.5158
6548,1.5585
6550,1.4747
6560,1.4691
6562,1.4618
6564,1.4385
6566,1.4618
6568,1.4481
6570,1.4360
6572,1.4683
6574,1.4715
6576,1.4828
6578,1.5053
6580,1.5102
6590,1.5771
6592,1.5884
6594,1.6061
6596,1.6174
6598,1.6238
6600,1.6295
6602,1.6359
6604,1.6286
6606,1.6319
6608,1.6375
6610,1.6262
6620,1.6125
6622,1.6029
6624,1.5932
6626,1.5964
6628,1.5738
6630,1.5787
6632,1.5626
6634,1.5207
6636,1.5464
6638,1.5473
6640,1.5400
6650,1.5327
6652,1.5327
6654,1.5166
6656,1.4788
6658,1.4320
6660,1.3740
6662,1.3103
6664,1.2015
6666,1.1032
6668,0.9654
6678,0.3272
6680,0.3481
6682,0.3522
6684,0.3473
6686,0.3312
6688,0.3223
6690,0.3135
6692,0.3610
6694,0.6834
6696,0.9719
6698,1.1234
6708,1.3522
6710,1.2708
6712,1.3853
6714,1.3708
6716,1.2596
6718,1.3071
6720,1.2346
6722,1.0178
6724,0.9686
6734,0.3562
6736,0.3433
6738,0.3481
6740,0.3497
6742,0.3377
6744,0.3272
6746,0.3095
6748,0.3175
6750,0.5802
6752,0.9114
6754,1.0726
6764,1.4779
6766,1.5311
6768,1.6206
6770,1.6085
6772,1.4731
6774,1.4618
6776,1.3772
6778,1.1475
6780,1.0557
6790,0.3626
6792,0.3522
6794,0.3481
6796,0.3530
6798,0.3393
6800,0.3240
6802,0.3175
6804,0.3199
6806,0.5859
6808,0.9525
6810,1.1113
6820,1.6899
6822,1.6125
6824,1.6496
6826,1.6778
6828,1.4723
6830,1.4095
6832,1.3998
6834,1.1653
6836,1.0218
6838,1.0339
6848,0.5407
6850,0.6576
6852,0.6044
6854,0.5230
6856,0.7164
6858,0.7954
6860,0.8453
6862,1.0565
6864,1.1749
6866,1.2370
6868,1.3966
6878,1.4707
6880,1.4481
6882,1.3434
6884,1.3708
6886,1.4038
6888,1.3273
6890,1.3530
6892,1.3740
6894,1.3547
6896,1.4240
6898,1.4626
6908,1.5263
6910,1.5884
6912,1.6133
6914,1.6391
6916,1.6802
6918,1.6480
6920,1.6109
6922,1.5867
6924,1.5537
6926,1.5158
6928,1.4989
6938,1.4232
6940,1.4223
6942,1.4159
6944,1.3974
6946,1.4159
6948,1.4199
6950,1.4127
6952,1.4320
6954,1.4465
6956,1.4610
6966,1.5513
6968,1.5642
6970,1.5867
6972,1.6093
6974,1.6270
6976,1.6359
6978,1.6560
6980,1.6633
6982,1.6593
6984,1.6585
6986,1.6633
6996,1.6633
6998,1.6496
7000,1.6448
7002,1.6367
7004,1.6117
7006,1.6029
7008,1.5803
7010,1.5593
7012,1.5577
7014,1.5352
7016,1.5295
7026,1.4755
7028,1.4715
7030,1.4683
7032,1.4747
7034,1.4675
7036,1.4699
7038,1.4715
7040,1.4578
7042,1.4240
7044,1.3917
7046,1.3442
7056,0.9171
7058,0.7946
7060,0.6584
7062,0.5311
7064,0.4263
7066,0.3280
7068,0.3505
7070,0.3344
7072,0.3304
7074,0.3288
7076,0.3554
7086,1.1403
7088,1.2249
7090,1.1951
7092,1.3240
7094,1.3353
7096,1.2370
7098,1.3007
7100,1.3031
7102,1.1766
7104,1.1991
7106,1.1693
7116,0.4045
7118,0.3610
7120,0.3651
7122,0.3586
7124,0.3465
7126,0.3360
7128,0.3280
7130,0.3199
7132,0.3409
7134,0.5931
7136,0.8502
7146,1.5126
7148,1.5706
7150,1.5287
7152,1.6947
7154,1.7753
7156,1.6399
7158,1.6109
7160,1.5803
7162,1.4014
7164,1.2708
7174,0.3046
7176,0.3739
7178,0.3570
7180,0.3538
7182,0.3554
7184,0.3441
7186,0.3264
7188,0.3119
7190,0.3103
7192,0.5246
7194,0.9799
7204,1.5448
7206,1.5972
7208,1.5706
7210,1.7519
7212,1.6689
7214,1.4683
7216,1.5601
7218,1.4916
7220,1.2620
7222,1.3079
7224,1.2862
7234,1.1048
7236,1.2370
7238,1.1435
7240,1.1814
7242,1.3426
7244,1.3256
7246,1.3925
7248,1.5956
7250,1.5875
7252,1.4933
7262,1.6262
7264,1.5344
7266,1.6303
7268,1.7125
7270,1.5940
7272,1.6133
7274,1.6996
7276,1.5690
7278,1.5650
7280,1.6593
7282,1.5698
7292,1.5618
7294,1.5223
7296,1.4441
7298,1.5062
7300,1.5045
7302,1.4393
7304,1.4965
7306,1.5094
7308,1.4514
7310,1.4933
7320,1.4497
7322,1.4916
7324,1.5174
7326,1.5021
7328,1.5134
7330,1.5368
7332,1.5223
7334,1.5344
7336,1.5473
7338,1.5464
7340,1.5432
7350,1.5835
7352,1.5843
7354,1.5859
7356,1.5843
7358,1.5859
7360,1.5827
7362,1.5682
7364,1.5714
7366,1.5610
7368,1.5593
7370,1.5545
7380,1.5352
7382,1.5368
7384,1.5344
7386,1.5360
7388,1.5344
7390,1.5336
7392,1.5344
7394,1.5344
7396,1.5239
7398,1.5336
7408,1.5473
7410,1.5505
7412,1.5360
7414,1.5045
7416,1.4578
7418,1.4062
7420,1.3321
7422,1.2531
7424,1.1427
7426,1.0114
7436,0.3610
7438,0.3683
7440,0.3788
7442,0.3715
7444,0.3610
7446,0.3393
7448,0.3264
7450,0.3457
7452,0.6455
7454,0.9791
7456,1.1161
7466,1.4892
7468,1.3692
7470,1.4610
7472,1.4312
7474,1.2628
7476,1.2950
7478,1.2370
7480,0.9646
7482,0.8671
7484,0.7752
7486,0.4311
7496,0.3248
7498,0.3393
7500,0.3280
7502,0.3223
7504,0.3183
7506,0.4303
7508,0.7615
7510,0.9622
7512,1.1234
7514,1.3748
7516,1.5327
7526,1.7020
7528,1.5650
7530,1.5473
7532,1.5601
7534,1.4111
7536,1.3482
7538,1.3103
7540,1.0662
7542,0.8429
7552,0.3481
7554,0.3481
7556,0.3280
7558,0.3304
7560,0.3223
7562,0.3103
7564,0.3183
7566,0.5270
7568,0.8639
7570,1.0396
7572,1.2370
7582,1.5843
7584,1.7536
7586,1.6206
7588,1.5223
7590,1.6286
7592,1.5086
7594,1.3490
7596,1.4393
7598,1.3925
7600,1.2370
7602,1.3627
7612,1.3538
7614,1.4312
7616,1.5432
7618,1.5392
7620,1.6335
7622,1.6730
7624,1.6101
7626,1.6383
7628,1.6335
7630,1.5803
7632,1.6077
7642,1.5497
7644,1.5231
7646,1.4973
7648,1.4747
7650,1.4771
7652,1.4715
7654,1.4691
7656,1.4844
7658,1.4618
7660,1.4368
7662,1.4489
7672,1.4618
7674,1.4820
7676,1.4900
7678,1.4941
7680,1.5037
7682,1.5255
7684,1.5368
7686,1.5424
7688,1.5473
7690,1.5601
7692,1.5722
7702,1.5835
7704,1.5859
7706,1.5835
7708,1.5851
7710,1.5787
7712,1.5819
7714,1.5682
7716,1.5787
7718,1.5690
7720,1.5690
7722,1.5642
7732,1.5521
7734,1.5400
7736,1.5448
7738,1.5392
7740,1.5456
7742,1.5344
7744,1.5303
7746,1.5327
7748,1.5344
7750,1.5303
7752,1.5327
7762,1.5384
7764,1.5400
7766,1.5432
7768,1.5416
7770,1.5473
7772,1.5489
7774,1.5481
7776,1.5368
7778,1.5086
7780,1.4683
7782,1.4054
7792,0.8897
7794,0.7325
7796,0.5407
7798,0.3522
7800,0.3739
7802,0.3610
7804,0.3505
7806,0.3546
7808,0.3409
7810,0.3280
7812,0.3328
7822,1.3369
7824,1.3176
7826,1.2999
7828,1.4594
7830,1.3530
7832,1.2523
7834,1.3410
7836,1.2370
7838,1.0581
7840,1.1467
7842,1.0718
7852,0.3505
7854,0.3038
7856,0.3167
7858,0.3417
7860,0.3223
7862,0.3103
7864,0.3022
7866,0.3095
7868,0.4803
7870,0.7656
7872,0.9558
7882,1.5601
7884,1.5013
7886,1.5722
7888,1.7673
7890,1.7068
7892,1.5980
7894,1.6117
7896,1.5037
7898,1.3039
7900,1.2338
7910,0.2748
7912,0.3223
7914,0.3433
7916,0.3481
7918,0.3433
7920,0.3344
7922,0.3223
7924,0.3127
7926,0.3352
7928,0.6632
7930,1.0484
7940,1.5755
7942,1.5352
7944,1.6222
7946,1.7689
7948,1.5432
7950,1.4828
7952,1.5859
7954,1.3925
7956,1.2652
7958,1.3740
7960,1.2104
7970,1.2112
7972,1.2257
7974,1.1169
7976,1.2555
7978,1.3490
7980,1.3047
7982,1.3442
7984,1.4385
7986,1.4199
7988,1.3990
7998,1.5255
8000,1.4900
8002,1.4723
8004,1.4659
8006,1.4312
8008,1.4352
8010,1.4618
8012,1.4707
8014,1.4949
8016,1.5255
8018,1.5271
8028,1.5481
8030,1.5755
8032,1.5867
8034,1.6012
8036,1.6061
8038,1.6037
8040,1.5988
8042,1.5988
8044,1.5980
8046,1.6037
8048,1.6133
8058,1.6077
8060,1.6037
8062,1.6029
8064,1.6012
8066,1.5940
8068,1.5900
8070,1.5779
8072,1.5706
8074,1.5682
8076,1.5577
8078,1.5553
8088,1.5344
8090,1.5368
8092,1.5344
8094,1.5327
8096,1.5295
8098,1.5199
8100,1.5174
8102,1.5086
8104,1.5158
8106,1.5070
8116,1.5078
8118,1.5086
8120,1.5142
8122,1.5094
8124,1.5134
8126,1.5166
8128,1.5166
8130,1.5231
8132,1.5311
8134,1.5311
8136,1.5336
8146,1.5489
8148,1.5505
8150,1.5344
8152,1.5110
8154,1.4683
8156,1.4054
8158,1.3281
8160,1.2354
8162,1.1274
8164,0.9944
8174,0.3457
8176,0.3505
8178,0.3586
8180,0.3554
8182,0.3473
8184,0.3304
8186,0.3199
8188,0.3473
8190,0.6342
8192,0.9501
8194,1.0855
8204,1.5231
8206,1.3724
8208,1.4078
8210,1.5174
8212,1.3579
8214,1.3289
8216,1.4240
8218,1.2531
8220,1.0790
8230,0.2764
8232,0.3618
8234,0.3651
8236,0.3610
8238,0.3530
8240,0.3360
8242,0.3336
8244,0.3352
8246,0.3514
8248,0.7349
8250,1.0613
8260,1.5497
8262,1.5489
8264,1.7100
8266,1.7648
8268,1.4933
8270,1.4908
8272,1.5013
8274,1.1758
8276,1.0259
8278,1.0581
8288,0.3997
8290,0.3304
8292,0.3207
8294,0.3248
8296,0.3215
8298,0.3223
8300,0.3191
8302,0.4384
8304,0.7430
8306,0.9179
8308,1.0782
8318,1.6375
8320,1.5223
8322,1.4385
8324,1.4312
8326,1.2926
8328,1.1371
8330,1.1709
8332,1.0686
8334,0.9461
8336,1.0097
8338,1.0275
8348,1.2370
8350,1.3651
8352,1.4304
8354,1.4103
8356,1.4449
8358,1.5263
8360,1.5102
8362,1.5303
8364,1.6174
8366,1.5448
8368,1.4828
8378,1.4626
8380,1.4030
8382,1.4441
8384,1.4562
8386,1.4336
8388,1.4642
8390,1.4852
8392,1.4570
8394,1.4916
8396,1.4876
8406,1.5376
8408,1.5561
8410,1.5626
8412,1.5835
8414,1.6045
8416,1.6004
8418,1.5803
8420,1.5811
8422,1.5674
8424,1.5593
8426,1.5481
8436,1.5384
8438,1.5327
8440,1.5344
8442,1.5327
8444,1.5360
8446,1.5456
8448,1.5473
8450,1.5360
8452,1.5473
8454,1.5561
8456,1.5473
8466,1.5553
8468,1.5529
8470,1.5529
8472,1.5529
8474,1.5545
8476,1.5473
8478,1.5344
8480,1.5384
8482,1.5327
8484,1.5311
8486,1.5287
8496,1.5319
8498,1.5287
8500,1.5319
8502,1.5271
8504,1.5344
8506,1.5448
8508,1.5416
8510,1.5440
8512,1.5473
8514,1.5521
8516,1.5513
8526,1.5601
8528,1.5601
8530,1.5601
8532,1.5601
8534,1.5626
8536,1.5601
8538,1.5593
8540,1.5593
8542,1.5529
8544,1.5561
8546,1.5537
8556,1.5416
8558,1.5464
8560,1.5424
8562,1.5336
8564,1.5344
8566,1.5344
8568,1.5400
8570,1.5368
8572,1.5400
8574,1.5376
8576,1.5400
8586,1.5545
8588,1.5473
8590,1.5473
8592,1.5513
8594,1.5497
8596,1.5561
8598,1.5553
8600,1.5545
8602,1.5513
8604,1.5513
8614,1.5553
8616,1.5481
8618,1.5344
8620,1.5029
8622,1.4651
8624,1.3982
8626,1.3208
8628,1.2330
8630,1.1218
8632,0.9823
8642,0.3497
8644,0.3522
8646,0.3602
8648,0.3586
8650,0.3425
8652,0.3280
8654,0.3183
8656,0.3489
8658,0.6568
8660,0.9598
8662,1.1064
8672,1.5384
8674,1.4457
8676,1.5481
8678,1.6270
8680,1.5344
8682,1.5344
8684,1.5585
8686,1.4143
8688,1.2934
8698,0.5802
8700,0.3223
8702,0.3796
8704,0.3699
8706,0.3651
8708,0.3715
8710,0.3594
8712,0.3699
8714,0.3401
8716,0.4481
8718,0.7599
8728,1.3555
8730,1.5948
8732,1.5601
8734,1.5360
8736,1.7173
8738,1.7165
8740,1.5722
8742,1.6238
8744,1.6560
8746,1.5045
8748,1.4997
8758,1.3845
8760,1.3780
8762,1.4820
8764,1.4505
8766,1.4280
8768,1.5271
8770,1.4836
8772,1.4465
8774,1.4965
8776,1.4965
8786,1.5086
8788,1.5126
8790,1.4739
8792,1.4691
8794,1.4707
8796,1.4425
8798,1.4570
8800,1.4804
8802,1.4618
8804,1.4522
8806,1.4578
8816,1.4876
8818,1.4981
8820,1.5110
8822,1.5190
8824,1.5190
8826,1.5231
8828,1.5352
8830,1.5352
8832,1.5473
8834,1.5593
8836,1.5593
8846,1.5884
8848,1.5932
8850,1.6004
8852,1.6045
8854,1.6093
8856,1.6125
8858,1.6093
8860,1.5988
8862,1.5948
8864,1.5867
8866,1.5851
8876,1.5601
8878,1.5553
8880,1.5481
8882,1.5464
8884,1.5384
8886,1.5360
8888,1.5045
8890,1.5255
8892,1.5303
8894,1.5263
8904,1.5473
8906,1.5400
8908,1.5473
8910,1.5481
8912,1.5481
8914,1.5464
8916,1.5481
8918,1.5553
8920,1.5529
8922,1.5610
8924,1.5601
8934,1.5642
8936,1.5626
8938,1.5618
8940,1.5626
8942,1.5642
8944,1.5545
8946,1.5521
8948,1.5473
8950,1.5505
8952,1.5473
8954,1.5473
8964,1.5271
8966,1.5287
8968,1.5239
8970,1.5263
8972,1.5344
8974,1.5327
8976,1.5336
8978,1.5271
8980,1.5400
8982,1.5344
8984,1.5368
8994,1.5473
8996,1.5513
8998,1.5610
9000,1.5618
9002,1.5642
9004,1.5601
9006,1.5601
9008,1.5642
9010,1.5601
9012,1.5593
9022,1.5481
9024,1.5569
9026,1.5497
9028,1.5481
9030,1.5464
9032,1.5464
9034,1.5368
9036,1.5368
9038,1.5448
9040,1.5344
9042,1.5384
9052,1.5440
9054,1.5424
9056,1.5424
9058,1.5432
9060,1.5448
9062,1.5489
9064,1.5432
9066,1.5489
9068,1.5481
9070,1.5464
9072,1.5513
9082,1.5448
9084,1.5448
9086,1.5553
9088,1.5481
9090,1.5473
9092,1.5464
9094,1.5456
9096,1.5473
9098,1.5464
9100,1.5448
9102,1.5360
9112,1.5464
9114,1.5416
9116,1.5448
9118,1.5424
9120,1.5497
9122,1.5513
9124,1.5456
9126,1.5513
9128,1.5513
9130,1.5497
9132,1.5505
9142,1.5464
9144,1.5464
9146,1.5473
9148,1.5481
9150,1.5448
9152,1.5400
9154,1.5448
9156,1.5464
9158,1.5473
9160,1.5473
9162,1.5392
9172,1.5448
9174,1.5464
9176,1.5448
9178,1.5489
9180,1.5448
9182,1.5481
9184,1.5473
9186,1.5448
9188,1.5473
9190,1.5464
9192,1.5473
9202,1.5521
9204,1.5456
9206,1.5481
9208,1.5448
9210,1.5448
9212,1.5432
9214,1.5464
9216,1.5416
9218,1.5481
9220,1.5529
9222,1.5448
9232,1.5473
9234,1.5481
9236,1.5464
9238,1.5456
9240,1.5473
9242,1.5456
9244,1.5489
9246,1.5440
9248,1.5448
9250,1.5464
9252,1.5497
9262,1.5440
9264,1.5497
9266,1.5481
9268,1.5521
9270,1.5473
9272,1.5400
9274,1.5432
9276,1.5424
9278,1.5481
9280,1.5400
9282,1.5448
9292,1.5464
9294,1.5464
9296,1.5448
9298,1.5424
9300,1.5473
9302,1.5513
9304,1.5481
9306,1.5448
9308,1.5448
9310,1.5456
9320,1.5473
9322,1.5464
9324,1.5384
9326,1.5440
9328,1.5400
9330,1.5464
9332,1.5432
9334,1.5497
9336,1.5456
9338,1.5473
9340,1.5448
9350,1.5481
9352,1.5473
9354,1.5344
9356,1.4973
9358,1.4562
9360,1.3958
9362,1.3256
9364,1.2305
9366,1.1218
9368,0.9872
9378,0.3538
9380,0.3610
9382,0.3723
9384,0.3610
9386,0.3489
9388,0.3723
9390,0.3223
9392,0.3594
9394,0.6415
9396,0.9412
9398,1.0831
9408,1.5714
9410,1.4433
9412,1.5311
9414,1.6335
9416,1.5037
9418,1.4908
9420,1.5360
9422,1.3949
9424,1.2805
9426,1.1943
9436,0.3328
9438,0.3699
9440,0.3731
9442,0.3715
9444,0.3610
9446,0.3554
9448,0.3522
9450,0.3497
9452,0.4239
9454,0.7132
9464,1.3369
9466,1.5577
9468,1.5771
9470,1.5529
9472,1.7552
9474,1.7270
9476,1.5368
9478,1.6061
9480,1.6125
9482,1.4240
9484,1.4312
9494,1.3643
9496,1.3740
9498,1.5207
9500,1.4755
9502,1.4385
9504,1.5199
9506,1.4699
9508,1.4272
9510,1.4876
9512,1.4997
9522,1.4393
9524,1.4368
9526,1.4199
9528,1.4183
9530,1.4368
9532,1.4554
9534,1.4562
9536,1.4594
9538,1.4570
9540,1.4570
9542,1.4570
9552,1.4868
9554,1.4852
9556,1.4908
9558,1.4997
9560,1.5078
9562,1.5190
9564,1.5392
9566,1.5473
9568,1.5593
9570,1.5618
9572,1.5682
9582,1.5980
9584,1.6004
9586,1.6117
9588,1.6109
9590,1.6109
9592,1.6254
9594,1.6174
9596,1.6037
9598,1.6109
9600,1.5972
9610,1.5771
9612,1.5714
9614,1.5545
9616,1.5489
9618,1.5473
9620,1.5376
9622,1.5327
9624,1.5360
9626,1.5344
9628,1.5336
9630,1.5231
9640,1.5319
9642,1.5327
9644,1.5344
9646,1.5352
9648,1.5432
9650,1.5481
9652,1.5489
9654,1.5464
9656,1.5610
9658,1.5593
9668,1.5738
9670,1.5763
9672,1.5779
9674,1.5738
9676,1.5787
9678,1.5730
9680,1.5690
9682,1.5634
9684,1.5634
9686,1.5585
9688,1.5601
9698,1.5473
9700,1.5392
9702,1.5344
9704,1.5416
9706,1.5400
9708,1.5287
9710,1.5303
9712,1.5319
9714,1.5344
9716,1.5392
9718,1.5352
9728,1.5545
9730,1.5521
9732,1.5601
9734,1.5481
9736,1.5601
9738,1.5618
9740,1.5610
9742,1.5650
9744,1.5690
9746,1.5642
9748,1.5610
9758,1.5626
9760,1.5569
9762,1.5513
9764,1.5577
9766,1.5545
9768,1.5577
9770,1.5473
9772,1.5473
9774,1.5481
9776,1.5481
9778,1.5432
9788,1.5400
9790,1.5432
9792,1.5416
9794,1.5464
9796,1.5489
9798,1.5473
9800,1.5497
9802,1.5513
9804,1.5489
9806,1.5553
9808,1.4570
9818,1.5553
9820,1.5610
9822,1.5601
9824,1.5561
9826,1.5553
9828,1.5601
9830,1.5585
9832,1.5561
9834,1.5521
9836,1.5464
9838,1.5513
9848,1.5464
9850,1.5481
9852,1.5473
9854,1.5481
9856,1.5456
9858,1.5489
9860,1.5529
9862,1.5545
9864,1.5481
9866,1.5521
9868,1.5521
9878,1.5553
9880,1.5529
9882,1.5521
9884,1.5521
9886,1.5545
9888,1.5545
9890,1.5473
9892,1.5529
9894,1.5569
9896,1.5529
9898,1.5529
9908,1.5456
9910,1.5497
9912,1.5489
9914,1.5593
9916,1.5545
9918,1.5553
9920,1.5464
9922,1.5497
9924,1.5601
9926,1.5489
9928,1.5529
9938,1.5585
9940,1.5561
9942,1.5585
9944,1.5545
9946,1.5513
9948,1.5505
9950,1.5601
9952,1.5529
9954,1.5553
9956,1.5481
9966,1.5497
9968,1.5545
9970,1.5505
9972,1.5521
9974,1.5473
9976,1.5561
9978,1.5497
9980,1.5553
9982,1.5497
9984,1.5521
9986,1.5545
9996,1.5529
9998,1.5489
10000,1.5593
10002,1.5489
10004,1.5521
10006,1.5529
10008,1.5521
10010,1.5473
10012,1.5464
10022,1.5473
10024,1.5497
10026,1.5473
10028,1.5521
10030,1.5489
10032,1.5497
10034,1.5481
10036,1.5473
10038,1.5521
10048,1.5521
10050,1.5529
10052,1.5545
10054,1.5529
10056,1.5561
10058,1.5513
10060,1.5513
10062,1.5553
10072,1.5513
10074,1.5497
10076,1.5384
10078,1.5053
10080,1.4562
10082,1.4046
10084,1.3305
10086,1.2370
10096,0.3997
10098,0.3900
10100,0.3779
10102,0.3739
10104,0.3771
10106,0.3602
10108,0.3481
10110,0.3401
10112,0.3409
10122,1.5062
10124,1.4360
10126,1.4497
10128,1.6149
10130,1.5199
10132,1.4481
10134,1.5722
10136,1.4836
10146,1.1709
10148,1.1298
10150,0.8800
10152,0.8623
10154,0.8752
10156,0.7043
10158,0.7736
10160,0.8687
10162,0.7583
10172,1.1580
10174,1.1532
10176,1.2370
10178,1.3667
10180,1.3611
10182,1.4473
10184,1.5432
10186,1.5843
10196,1.5086
10198,1.4699
10200,1.4336
10202,1.4312
10204,1.4320
10206,1.4385
10208,1.4852
10210,1.5013
10212,1.5134
10222,1.5626
10224,1.5674
10226,1.5851
10228,1.5714
10230,1.5344
10232,1.5126
10234,1.5078
10236,1.4820
10246,1.4659
10248,1.4578
10250,1.4489
10252,1.4538
10254,1.4691
10256,1.4747
10258,1.4933
10260,1.4941
10262,1.5086
10272,1.5271
10274,1.5303
10276,1.5239
10278,1.5126
10280,1.5199
10282,1.5287
10284,1.5271
10286,1.5336
10296,1.5585
10298,1.5593
10300,1.5650
10302,1.5738
10304,1.5690
10306,1.5755
10308,1.5755
10310,1.5779
10312,1.5747
10322,1.5730
10324,1.5706
10326,1.5642
10328,1.5601
10330,1.5593
10332,1.5513
10334,1.5448
10336,1.5464
10346,1.5327
10348,1.5263
10350,1.5231
10352,1.5287
10354,1.5311
10356,1.5344
10358,1.5344
10360,1.5376
10362,1.5384
10372,1.5561
10374,1.5585
10376,1.5626
10378,1.5585
10380,1.5601
10382,1.5601
10384,1.5593
10386,1.5529
10396,1.5473
10398,1.5464
10400,1.5360
10402,1.5416
10404,1.5344
10406,1.5432
10408,1.5352
10410,1.5400
10412,1.5368
10422,1.5352
10424,1.5344
10426,1.5376
10428,1.5392
10430,1.5392
10432,1.5432
10434,1.5400
10436,1.5448
10446,1.5521
10448,1.5497
10450,1.5473
10452,1.5521
10454,1.5545
10456,1.5489
10458,1.5481
10460,1.5593
10462,1.5521
10472,1.5424
10474,1.5448
10476,1.5464
10478,1.5432
10480,1.5400
10482,1.5400
10484,1.5392
10486,1.5352
10496,1.5448
10498,1.5464
10500,1.5481
10502,1.5416
10504,1.5481
10506,1.5456
10508,1.5464
10510,1.5432
10512,1.5513
10522,1.5473
10524,1.5432
10526,1.5456
10528,1.5473
10530,1.5464
10532,1.5464
10534,1.5473
10536,1.5448
10546,1.5481
10548,1.5400
10550,1.5456
10552,1.5464
10554,1.5464
10556,1.5473
10558,1.5448
10560,1.5456
10562,1.5352
10572,1.5464
10574,1.5464
10576,1.5440
10578,1.5432
10580,1.5464
10582,1.5464
10584,1.5505
10586,1.5473
10596,1.5416
10598,1.5384
10600,1.5448
10602,1.5448
10604,1.5529
10606,1.5384
10608,1.5440
10610,1.5464
10612,1.5432
10622,1.5432
10624,1.5464
10626,1.5513
10628,1.5432
10630,1.5424
10632,1.5464
10634,1.5432
10636,1.5464
10646,1.5432
10648,1.5424
10650,1.5456
10652,1.5456
10654,1.5464
10656,1.5440
10658,1.5392
10660,1.5416
10662,1.5464
10672,1.5464
10674,1.5392
10676,1.5416
10678,1.6689
10680,1.5481
10682,1.5464
10684,1.5400
10686,1.5384
10696,1.5529
10698,1.5464
10700,1.5497
10702,1.5416
10704,1.5456
10706,1.5464
10708,1.5481
10710,1.5513
10712,1.5432
10722,1.5400
10724,1.5456
10726,1.5464
10728,1.5456
10730,1.5464
10732,1.5473
10734,1.5473
10736,1.5368
10746,1.5464
10748,1.5473
10750,1.5440
10752,1.5464
10754,1.5464
10756,1.5456
10758,1.5464
10760,1.5464
10762,1.5392
10772,1.5424
10774,1.5464
10776,1.5432
10778,1.5481
10780,1.5360
10782,1.5448
10784,1.5400
10786,1.5513
10796,1.5456
10798,1.5481
10800,1.5456
10802,1.5448
10804,1.5473
10806,1.5400
10808,1.5513
10810,1.5432
10812,1.5448
10822,1.5448
10824,1.5432
10826,1.5384
10828,1.5424
10830,1.5440
10832,1.5464
10834,1.5513
10836,1.5456
10846,1.5497
10848,1.5529
10850,1.5464
10852,1.5448
10854,1.5448
10856,1.5416
10858,1.5400
10860,1.5448
10862,1.4828
10872,1.5473
10874,1.5448
10876,1.5448
10878,1.5481
10880,1.5473
10882,1.5473
10884,1.5473
10886,1.5424
10896,1.5432
10898,1.5416
10900,1.5432
10902,1.5400
10904,1.5489
10906,1.5464
10908,1.5497
10910,1.5456
10912,1.5481
10922,1.5473
10924,1.5432
10926,1.5464
10928,1.5464
10930,1.5456
10932,1.5456
10934,1.5432
10936,1.5424
10946,1.5464
10948,1.5400
10950,1.5424
10952,1.5456
10954,1.5400
10956,1.5456
10958,1.5448
10960,1.5416
10962,1.5448
10972,1.5432
10974,1.5400
10976,1.5473
10978,1.5464
10980,1.5456
10982,1.5448
10984,1.5384
10986,1.5481
10996,1.5456
10998,1.5424
11000,1.5464
11002,1.5497
11004,1.5424
11006,1.5448
11008,1.5432
11010,1.5392
11012,1.5384
11022,1.5432
11024,1.5456
11026,1.5432
11028,1.5473
11030,1.5464
11032,1.5473
11034,1.5432
11036,1.5456
11046,1.5400
11048,1.5513
11050,1.5497
11052,1.5489
11054,1.5400
11056,1.5464
11058,1.5432
11060,1.5432
11062,1.5424
11072,1.5440
11074,1.5416
11076,1.5456
11078,1.5432
11080,1.5489
11082,1.5448
11084,1.5448
11086,1.5464
11096,1.5456
11098,1.5456
11100,1.5497
11102,1.5432
11104,1.5448
11106,1.5400
11108,1.5440
11110,1.5464
11112,1.5432
11122,1.5440
11124,1.5448
11126,1.5473
11128,1.5448
11130,1.5392
11132,1.5432
11134,1.5432
11136,1.5440
11146,1.5464
11148,1.5489
11150,1.5464
11152,1.5424
11154,1.5489
11156,1.5464
11158,1.5400
11160,1.5489
11162,1.5448
11172,1.5448
11174,1.5456
11176,1.5473
11178,1.5464
11180,1.5448
11182,1.5448
11184,1.5368
11186,1.5473
11196,1.5473
11198,1.5440
11200,1.5368
11202,1.5473
11204,1.5464
11206,1.5473
11208,1.5432
11210,1.5448
11212,1.5473
11222,1.5448
11224,1.5464
11226,1.5416
11228,1.5489
11230,1.5473
11232,1.5473
11234,1.5448
11236,1.5432
11246,1.5432
11248,1.5432
11250,1.5464
11252,1.5448
11254,1.5481
11256,1.5408
11258,1.5448
11260,1.5424
11262,1.5400
11272,1.5432
11274,1.5432
11276,1.5448
11278,1.5473
11280,1.5432
11282,1.5456
11284,1.5464
11286,1.5400
11296,1.5473
11298,1.5464
11300,1.5448
11302,1.5464
11304,1.5424
11306,1.5448
11308,1.5432
11310,1.5400
11312,1.5473
11322,1.5432
11324,1.5497
11326,1.5384
11328,1.5464
11330,1.5416
11332,1.5448
11334,1.5456
11336,1.5440
11346,1.5464
11348,1.5448
11350,1.5400
11352,1.5456
11354,1.5432
11356,1.5448
11358,1.5432
11360,1.5473
11362,1.5464
11372,1.5400
11374,1.5473
11376,1.5384
11378,1.4997
11380,1.4538
11382,1.3941
11384,1.3240
11386,1.2370
11396,0.4118
11398,0.3860
11400,0.3747
11402,0.3763
11404,0.3812
11406,0.3610
11408,0.3481
11410,0.3401
11420,1.1782
11422,1.4699
11424,1.4111
11426,1.4054
11428,1.5690
11430,1.5029
11432,1.3933
11434,1.4876
11436,1.4062
11446,1.0017
11448,0.8615
11450,0.4666
11452,0.3779
11454,0.3304
11456,0.3522
11458,0.3514
11460,0.3377
11470,0.6761
11472,0.8381
11474,1.0516
11476,1.2628
11478,1.2370
11480,1.3643
11482,1.5344
11484,1.4659
11486,1.4957
11496,1.5327
11498,1.3305
11500,1.3667
11502,1.3788
11504,1.2112
11506,1.2370
11508,1.3563
11510,1.2950
11520,1.5045
11522,1.5078
11524,1.4836
11526,1.5078
11528,1.5384
11530,1.5553
11532,1.5690
11534,1.5601
11536,1.5601
11546,1.4497
11548,1.5843
11550,1.4997
11552,1.4916
11554,1.5053
11556,1.5037
11558,1.4457
11560,1.4804
11570,1.5215
11572,1.5207
11574,1.5263
11576,1.5279
11578,1.5352
11580,1.5448
11582,1.5513
11584,1.5610
11586,1.5626
11596,1.5867
11598,1.5859
11600,1.5867
11602,1.5964
11604,1.5859
11606,1.5859
11608,1.5867
11610,1.5859
11620,1.5787
11622,1.5722
11624,1.5771
11626,1.5730
11628,1.5626
11630,1.5658
11632,1.5658
11634,1.5593
11636,1.5553
11646,1.5473
11648,1.5473
11650,1.5481
11652,1.5473
11654,1.5505
11656,1.5497
11658,1.5497
11660,1.5553
11670,1.5473
11672,1.5601
11674,1.5626
11676,1.5859
11678,1.5642
11680,1.5738
11682,1.5650
11684,1.5658
11686,1.5682
11696,1.5690
11698,1.5690
11700,1.5618
11702,1.5610
11704,1.5585
11706,1.5593
11708,1.5634
11710,1.5601
11720,1.5577
11722,1.5561
11724,1.5585
11726,1.5577
11728,1.5577
11730,1.5561
11732,1.5626
11734,1.5593
11736,1.5601
11746,1.5601
11748,1.5618
11750,1.5626
11752,1.5650
11754,1.5682
11756,1.5650
11758,1.5601
11760,1.5618
11770,1.5585
11772,1.5585
11774,1.5601
11776,1.5610
11778,1.5577
11780,1.5561
11782,1.5585
11784,1.5593
11786,1.5601
11796,1.5601
11798,1.5561
11800,1.5569
11802,1.5674
11804,1.5601
11806,1.5610
11808,1.5577
11810,1.5618
11820,1.5618
11822,1.5601
11824,1.5601
11826,1.5601
11828,1.5593
11830,1.5601
11832,1.5601
11834,1.5561
11836,1.5553
11846,1.5585
11848,1.5593
11850,1.5601
11852,1.5610
11854,1.5601
11856,1.5601
11858,1.5577
11860,1.5658
11870,1.5618
11872,1.5601
11874,1.5601
11876,1.5561
11878,1.5601
11880,1.5601
11882,1.5529
11884,1.5585
11886,1.5601
11896,1.5601
11898,1.5577
11900,1.5666
11902,1.5577
11904,1.5585
11906,1.5593
11908,1.5650
11910,1.5601
11920,1.5601
11922,1.5545
11924,1.5601
11926,1.5610
11928,1.5601
11930,1.5601
11932,1.5601
11934,1.5529
11936,1.5601
11946,1.5601
11948,1.5610
11950,1.5601
