17,1.8092
20,1.8059
23,1.8011
26,1.8043
29,1.8059
32,1.8051
35,1.8172
38,1.8084
41,1.8067
44,1.8084
47,1.8075
50,1.8027
53,1.8059
56,1.8067
59,1.8108
62,1.8108
65,1.8172
68,1.8084
71,1.8092
74,1.8092
77,1.8100
80,1.8108
83,1.8100
86,1.8084
89,1.8075
92,1.8140
95,1.8092
98,1.8092
101,1.8051
104,1.8116
107,1.8051
110,1.8067
113,1.8067
116,1.8124
119,1.8051
122,1.8108
125,1.8059
128,1.8051
131,1.8059
134,1.8067
137,1.8084
140,1.8043
143,1.8100
146,1.8075
149,1.8075
152,1.8124
155,1.8043
158,1.8100
161,1.8051
164,1.8092
167,1.8140
170,1.8043
173,1.8092
176,1.8075
179,1.8059
182,1.8075
185,1.8067
188,1.8148
191,1.8075
194,1.8067
197,1.8092
200,1.8051
203,1.7979
206,1.8100
209,1.8100
212,1.8092
215,1.8108
218,1.8156
221,1.8035
224,1.8067
227,1.8059
230,1.8100
233,1.8237
236,1.8051
239,1.8156
242,1.8132
245,1.8011
248,1.8132
251,1.8075
254,1.8059
257,1.8075
260,1.8108
263,1.8019
266,1.8067
269,1.8108
272,1.8084
275,1.8075
278,1.8075
281,1.8075
284,1.8100
287,1.8092
290,1.8075
293,1.8043
296,1.8075
299,1.8059
302,1.8100
305,1.8084
308,1.8067
311,1.8172
314,1.8051
317,1.8059
328,1.8092
331,1.8043
334,1.8108
337,1.8051
340,1.8092
343,1.8043
346,1.8075
349,1.8035
352,1.8043
355,1.8075
358,1.8067
361,1.8043
364,1.8124
367,1.8132
370,1.7100
373,1.8051
376,1.8100
379,1.8051
382,1.8100
385,1.8067
388,1.8067
391,1.8100
394,1.8092
397,1.8108
400,1.8132
403,1.8180
406,1.8043
409,1.8051
412,1.8124
415,1.8100
418,1.8067
421,1.8051
424,1.8075
427,1.8075
430,1.8100
433,1.8059
436,1.8059
439,1.8075
442,1.8156
445,1.8019
448,1.8148
451,1.8116
454,1.8075
457,1.8124
460,1.8043
463,1.8051
466,1.8092
469,1.8092
472,1.8156
475,1.8059
478,1.8100
481,1.8108
484,1.8067
487,1.8100
490,1.8011
493,1.8067
496,1.8011
499,1.8075
502,1.8075
505,1.8035
508,1.8084
511,1.8043
514,1.8051
517,1.8075
520,1.8140
523,1.8084
526,1.8051
529,1.8140
532,1.8092
535,1.8092
538,1.8003
541,1.8124
544,1.8100
555,1.8043
558,1.8100
561,1.8051
564,1.8092
567,1.7197
570,1.8100
573,1.8092
576,1.8108
579,1.8124
582,1.8075
585,1.8084
588,1.8051
591,1.8092
594,1.8092
597,1.8027
600,1.8108
603,1.8092
606,1.8075
609,1.8067
612,1.8075
615,1.8059
618,1.8100
621,1.8067
624,1.8067
627,1.8035
630,1.8100
633,1.8172
636,1.8132
639,1.8051
642,1.8180
645,1.8051
648,1.8059
651,1.8124
654,1.8084
657,1.8100
660,1.8124
663,1.8140
666,1.8108
669,1.8051
672,1.8059
675,1.8156
678,1.8084
681,1.8124
684,1.8067
687,1.8051
690,1.8043
693,1.8059
696,1.8092
699,1.8075
702,1.8156
705,1.8180
708,1.8108
711,1.8051
714,1.8148
717,1.8084
720,1.8011
723,1.8067
726,1.8075
729,1.8092
732,1.8051
735,1.8140
738,1.8035
741,1.8092
744,1.8084
747,1.8140
750,1.8116
753,1.8092
756,1.8043
759,1.8059
762,1.8051
765,1.8043
768,1.8124
771,1.8035
782,1.8108
785,1.8051
788,1.8043
791,1.8100
794,1.8140
797,1.8164
800,1.8132
803,1.8059
806,1.8027
809,1.8051
812,1.8108
815,1.8180
818,1.8100
821,1.8067
824,1.8132
827,1.8100
830,1.8075
833,1.8140
836,1.8092
839,1.8051
842,1.8043
845,1.8124
848,1.8148
851,1.8075
854,1.8092
857,1.8075
860,1.8108
863,1.8164
866,1.8084
869,1.8019
872,1.8092
875,1.8108
878,1.8140
881,1.8180
884,1.8124
887,1.8059
890,1.8092
893,1.8116
896,1.8124
899,1.8084
902,1.8067
905,1.8051
908,1.8148
911,1.8100
914,1.8132
917,1.8132
920,1.8075
923,1.8108
926,1.8124
929,1.8092
932,1.8084
935,1.8124
938,1.8092
941,1.8132
944,1.8092
947,1.8059
950,1.8132
953,1.8051
956,1.8100
959,1.8092
962,1.8108
965,1.8084
968,1.8059
971,1.8108
974,1.8019
977,1.8132
980,1.8051
983,1.8132
986,1.8180
989,1.8092
992,1.8124
995,1.8067
998,1.8084
1009,1.8132
1012,1.8124
1015,1.8140
1018,1.8140
1021,1.8092
1024,1.8075
1027,1.8043
1030,1.8035
1033,1.8027
1036,1.8051
1039,1.8100
1042,1.8092
1045,1.8100
1048,1.8156
1051,1.8059
1054,1.8092
1057,1.8075
1060,1.8100
1063,1.8156
1066,1.8100
1069,1.8140
1072,1.8100
1075,1.8108
1078,1.8132
1081,1.8100
1084,1.8156
1087,1.8075
1090,1.8132
1093,1.8108
1096,1.8172
1099,1.8067
1110,1.8035
1113,1.8100
1116,1.8075
1119,1.8067
1122,1.8084
1125,1.8100
1128,1.8059
1131,1.8132
1134,1.8067
1137,1.7479
1140,1.8164
1143,1.8108
1146,1.8075
1149,1.8059
1152,1.8132
1155,1.8075
1158,1.8067
1161,1.8100
1164,1.8075
1167,1.8164
1170,1.8100
1173,1.8043
1176,1.8067
1179,1.8100
1182,1.8132
1185,1.8059
1188,1.8100
1191,1.8059
1194,1.8027
1197,1.8124
1200,1.8059
1211,1.8043
1214,1.8043
1217,1.8059
1220,1.8035
1223,1.8075
1226,1.8108
1229,1.8035
1232,1.8132
1235,1.7979
1238,1.8116
1241,1.8124
1244,1.8108
1247,1.8124
1250,1.8067
1253,1.8075
1256,1.8075
1259,1.8051
1262,1.8067
1265,1.8075
1268,1.8092
1271,1.8059
1274,1.8164
1277,1.8075
1280,1.8075
1283,1.8100
1286,1.8051
1289,1.8051
1292,1.8075
1295,1.8067
1298,1.8084
1301,1.8059
1312,1.8084
1315,1.8067
1318,1.8075
1321,1.8108
1324,1.8132
1327,1.8148
1330,1.8108
1333,1.8092
1336,1.8067
1339,1.8124
1342,1.8051
1345,1.8051
1348,1.8075
1351,1.8108
1354,1.8059
1357,1.8100
1360,1.8140
1363,1.8067
1366,1.8092
1369,1.8124
1372,1.8059
1375,1.7971
1378,1.8092
1381,1.8124
1384,1.8132
1387,1.8035
1390,1.8027
1393,1.8180
1396,1.8100
1399,1.8132
1402,1.8164
1413,1.7995
1416,1.8108
1419,1.8092
1422,1.8084
1425,1.8011
1428,1.8067
1431,1.8124
1434,1.8092
1437,1.8156
1440,1.8051
1443,1.8084
1446,1.8051
1449,1.8092
1452,1.8059
1455,1.8092
1458,1.8100
1461,1.8059
1464,1.8075
1467,1.8108
1470,1.8075
1473,1.8075
1476,1.8100
1479,1.8059
1482,1.8051
1485,1.9163
1488,1.8100
1491,1.8067
1494,1.8051
1497,1.8075
1500,1.8108
1503,1.8148
1514,1.8067
1517,1.8027
1520,1.8043
1523,1.8092
1526,1.8092
1529,1.8092
1532,1.8132
1535,1.8067
1538,1.8051
1541,1.8100
1544,1.8092
1547,1.8075
1550,1.8092
1553,1.8084
1556,1.8132
1559,1.8059
1562,1.8067
1565,1.8092
1568,1.8180
1571,1.8051
1574,1.8059
1577,1.8059
1580,1.8132
1583,1.8075
1586,1.8075
1589,1.8108
1592,1.8051
1595,1.8140
1598,1.8075
1601,1.8100
1604,1.8043
1615,1.8132
1618,1.8092
1621,1.8059
1624,1.8051
1627,1.8059
1630,1.8108
1633,1.8051
1636,1.8075
1639,1.8092
1642,1.8092
1645,1.8051
1648,1.7922
1651,1.8059
1654,1.8059
1657,1.8092
1660,1.8067
1663,1.8067
1666,1.8051
1669,1.8067
1672,1.8084
1675,1.8140
1678,1.8051
1681,1.8075
1684,1.8092
1687,1.8067
1690,1.8067
1693,1.8092
1696,1.8051
1699,1.8043
1702,1.7793
1705,1.8035
1716,1.8067
1719,1.8051
1722,1.8100
1725,1.8059
1728,1.8075
1731,1.8092
1734,1.8043
1737,1.8180
1740,1.8059
1743,1.8124
1746,1.8075
1749,1.8132
1752,1.8092
1755,1.8051
1758,1.8092
1761,1.8067
1764,1.8100
1767,1.8043
1770,1.8043
1773,1.8124
1776,1.8075
1779,1.8116
1782,1.8156
1785,1.8067
1788,1.8092
1791,1.8140
1794,1.8067
1797,1.8043
1800,1.8140
1803,1.8059
1806,1.8269
1817,1.8108
1820,1.8132
1823,1.8092
1826,1.8156
1829,1.8067
1832,1.8059
1835,1.8132
1838,1.8108
1841,1.8051
1844,1.8051
1847,1.8108
1850,1.8067
1853,1.8075
1856,1.8092
1859,1.8059
1862,1.8067
1865,1.8092
1868,1.8067
1871,1.8075
1874,1.8084
1877,1.8075
1880,1.8075
1883,1.8092
1886,1.8100
1889,1.9107
1892,1.8100
1895,1.8059
1898,1.8075
1901,1.8108
1904,1.8084
1907,1.8132
1918,1.8092
1921,1.8059
1924,1.8108
1927,1.8067
1930,1.8100
1933,1.8059
1936,1.8043
1939,1.8092
1942,1.8067
1945,1.8084
1948,1.8027
1951,1.8100
1954,1.8027
1957,1.8043
1960,1.8140
1963,1.8092
1966,1.8132
1969,1.8027
1972,1.8003
1975,1.8059
1978,1.8075
1981,1.8148
1984,1.8124
1987,1.8059
1990,1.8059
1993,1.8108
1996,1.8140
1999,1.8051
2002,1.8108
2005,1.8777
2008,1.8067
2019,1.8108
2022,1.8100
2025,1.8043
2028,1.8100
2031,1.8059
2034,1.8051
2037,1.8035
2040,1.8108
2043,1.8100
2046,1.8067
2049,1.8067
2052,1.8092
2055,1.8059
2058,1.8108
2061,1.8124
2064,1.8059
2067,1.8132
2070,1.8075
2073,1.8059
2076,1.8067
2079,1.8035
2082,1.8051
2085,1.8075
2088,1.8075
2091,1.8132
2094,1.8059
2097,1.8124
2100,1.8051
2103,1.8100
2106,1.8043
2109,1.8100
2112,1.8108
2115,1.8027
2118,1.8124
2121,1.8108
2124,1.8075
2127,1.8132
2130,1.8132
2133,1.8059
2136,1.8059
2139,1.8059
2142,1.8067
2145,1.8108
2148,1.8132
2151,1.8051
2154,1.8108
2157,1.8084
2160,1.8108
2163,1.8011
2166,1.8108
2169,1.8075
2172,1.8027
2175,1.8051
2178,1.8100
2181,1.8051
2184,1.8140
2187,1.8124
2190,1.8035
2193,1.8140
2196,1.7971
2199,1.8067
2202,1.8140
2205,1.8092
2208,1.8051
2211,1.8092
2214,1.8067
2217,1.8132
2220,1.8059
2223,1.8092
2226,1.8180
2229,1.8100
2232,1.8067
2235,1.8051
2245,1.8011
2248,1.7971
2251,1.8035
2254,1.8132
2257,1.8003
2260,1.8059
2263,1.8059
2266,1.8075
2269,1.8100
2272,1.8059
2275,1.8132
2278,1.8100
2281,1.8035
2284,1.8075
2287,1.8156
2290,1.8059
2293,1.8067
2296,1.8100
2299,1.7390
2302,1.8059
2305,1.8084
2308,1.8051
2311,1.8100
2314,1.8075
2317,1.8059
2320,1.8051
2323,1.8051
2326,1.8108
2329,1.8100
2332,1.8092
2335,1.8084
2338,1.8067
2341,1.8092
2344,1.8043
2347,1.8059
2350,1.8051
2353,1.8092
2356,1.8067
2359,1.8051
2362,1.8051
2365,1.8132
2368,1.8075
2371,1.8051
2374,1.8092
2377,1.8092
2380,1.8092
2383,1.8075
2386,1.8180
2389,1.8075
2392,1.8051
2395,1.8051
2398,1.8075
2401,1.8075
2404,1.8075
2407,1.8051
2410,1.8100
2413,1.8043
2416,1.8140
2419,1.8043
2422,1.8092
2425,1.8124
2428,1.8051
2431,1.8124
2434,1.8140
2437,1.8092
2440,1.7995
2443,1.8124
2446,1.8075
2449,1.8075
2452,1.8124
2455,1.8075
2458,1.8108
2468,1.8084
2471,1.8124
2474,1.8116
2477,1.8132
2480,1.8148
2483,1.8108
2486,1.8051
2489,1.8075
2492,1.8075
2495,1.8100
2498,1.8108
2501,1.8051
2504,1.8140
2507,1.8100
2510,1.8092
2513,1.8051
2516,1.8035
2519,1.8051
2522,1.8075
2525,1.8059
2528,1.8035
2531,1.8084
2534,1.8108
2537,1.8043
2540,1.8067
2543,1.8124
2546,1.8075
2549,1.8084
2552,1.8075
2555,1.8092
2558,1.8084
2561,1.8092
2564,1.8003
2567,1.8092
2570,1.8092
2573,1.8116
2576,1.8051
2579,1.8092
2582,1.8084
2585,1.8092
2588,1.8043
2591,1.8051
2594,1.8140
2597,1.8092
2600,1.8051
2603,1.8092
2606,1.8075
2609,1.8051
2612,1.8035
2615,1.8116
2618,1.8116
2621,1.8075
2624,1.8043
2627,1.8051
2630,1.8084
2633,1.8075
2636,1.8059
2639,1.8084
2642,1.8075
2645,1.8124
2648,1.8051
2651,1.8051
2654,1.8140
2657,1.7689
2660,1.8108
2663,1.8075
2666,1.8124
2669,1.8229
2672,1.8067
2675,1.8051
2685,1.8019
2688,1.8084
2691,1.8051
2694,1.8100
2697,1.8075
2700,1.8075
2703,1.8148
2706,1.8180
2709,1.8043
2712,1.8043
2715,1.8100
2718,1.8124
2721,1.8092
2724,1.8051
2727,1.8075
2730,1.8075
2733,1.8108
2736,1.8067
2739,1.8084
2742,1.8051
2745,1.8059
2748,1.8092
2751,1.8100
2754,1.8132
2757,1.8124
2760,1.8059
2763,1.8108
2766,1.8051
2769,1.8108
2772,1.8124
2775,1.8059
2778,1.8051
2781,1.8092
2784,1.8100
2787,1.8067
2790,1.7914
2793,1.8067
2796,1.8124
2799,1.8092
2802,1.8059
2805,1.8059
2808,1.8051
2811,1.8414
2814,1.8067
2817,1.8059
2820,1.8237
2823,1.8051
2826,1.8140
2829,1.8132
2832,1.8043
2835,1.8075
2838,1.8051
2841,1.8067
2844,1.8140
2847,1.8059
2850,1.8059
2853,1.8132
2856,1.8108
2859,1.8059
2862,1.8140
2865,1.8075
2868,1.8059
2871,1.8124
2874,1.8043
2877,1.8108
2880,1.8051
2883,1.8067
2886,1.8092
2889,1.8059
2900,1.8140
2903,1.8124
2906,1.8140
2909,1.8067
2912,1.8067
2915,1.8084
2918,1.8092
2921,1.8035
2924,1.8092
2927,1.8108
2930,1.8059
2933,1.8092
2936,1.8043
2939,1.8092
2942,1.8084
2945,1.8043
2948,1.8075
2951,1.8067
2954,1.8059
2957,1.8043
2960,1.8124
2963,1.8092
2966,1.8092
2969,1.8067
2972,1.8100
2975,1.8075
2978,1.8084
2981,1.8067
2984,1.8035
2987,1.8075
2990,1.8172
2993,1.8051
2996,1.8108
2999,1.8084
3002,1.8051
3005,1.8059
3008,1.8059
3011,1.8084
3014,1.8075
3017,1.8059
3020,1.8075
3023,1.8100
3026,1.8084
3029,1.8051
3032,1.8164
3035,1.8075
3038,1.8092
3041,1.8084
3044,1.8059
3047,1.8051
3050,1.8140
3053,1.8059
3056,1.8035
3059,1.8084
3062,1.8100
3065,1.8092
3068,1.8011
3071,1.8067
3074,1.8124
3077,1.8156
3080,1.8092
3083,1.8059
3086,1.8059
3089,1.8100
3092,1.8043
3095,1.8059
3098,1.8067
3101,1.8027
3104,1.8067
3107,1.8019
3110,1.8100
3113,1.8075
3116,1.8075
3127,1.8172
3130,1.8108
3133,1.8059
3136,1.8075
3139,1.8164
3142,1.8100
3145,1.8051
3148,1.8108
3151,1.8124
3154,1.8148
3157,1.8075
3160,1.8011
3163,1.8059
3166,1.8084
3169,1.7995
3172,1.8075
3175,1.8067
3178,1.8067
3181,1.8067
3184,1.8075
3187,1.8132
3190,1.8100
3193,1.8051
3196,1.8059
3199,1.8075
3202,1.8067
3205,1.8075
3208,1.8100
3211,1.8059
3214,1.8075
3217,1.8059
3220,1.8075
3223,1.8084
3226,1.8075
3229,1.8067
3232,1.8067
3235,1.8059
3238,1.8051
3241,1.8067
3244,1.8075
3247,1.8092
3250,1.8148
3253,1.8035
3256,1.8140
3259,1.8132
3262,1.8051
3265,1.8059
3268,1.8261
3271,1.8100
3274,1.8084
3277,1.8092
3280,1.8035
3283,1.8084
3286,1.8092
3289,1.8051
3292,1.8100
3295,1.8092
3298,1.8132
3301,1.8132
3304,1.8075
3307,1.8108
3310,1.8100
3313,1.8043
3316,1.8075
3319,1.8100
3322,1.8035
3325,1.8067
3328,1.8092
3331,1.8075
3334,1.8132
3337,1.8059
3340,1.8067
3343,1.8092
3346,1.8075
3356,1.8035
3359,1.8084
3362,1.8027
3365,1.8075
3368,1.8051
3371,1.8067
3374,1.8067
3377,1.8100
3380,1.8100
3383,1.8108
3386,1.8132
3389,1.8092
3392,1.8051
3395,1.8100
3398,1.8075
3401,1.8132
3404,1.8108
3407,1.7947
3410,1.8075
3413,1.8075
3416,1.8092
3419,1.8140
3422,1.8092
3425,1.8075
3428,1.8051
3431,1.8100
3434,1.8100
3437,1.8140
3440,1.8043
3443,1.8084
3446,1.8051
3449,1.8092
3452,1.8092
3455,1.8067
3458,1.8067
3461,1.8100
3464,1.8051
3467,1.8075
3470,1.8043
3473,1.8124
3476,1.8124
3479,1.8100
3482,1.8108
3485,1.8067
3488,1.8100
3491,1.8092
3494,1.8092
3497,1.8011
3500,1.8108
3503,1.7922
3506,1.8100
3509,1.8100
3512,1.8051
3515,1.8051
3518,1.8108
3521,1.8108
3524,1.8043
3527,1.8132
3530,1.8132
3533,1.8067
3536,1.8116
3539,1.8140
3542,1.8100
3545,1.8075
3548,1.8011
3551,1.8100
3554,1.8124
3557,1.8075
3560,1.8059
3563,1.8092
3574,1.8075
3577,1.8075
3580,1.8108
3583,1.8092
3586,1.8059
3589,1.8140
3592,1.8164
3595,1.8067
3598,1.8027
3601,1.8140
3604,1.8100
3607,1.8035
3610,1.8108
3613,1.8059
3616,1.8100
3619,1.8067
3622,1.8027
3625,1.8051
3628,1.8116
3631,1.8051
3634,1.8124
3637,1.8100
3640,1.8156
3643,1.8148
3646,1.8100
3649,1.8051
3652,1.8075
3655,1.8132
3658,1.8132
3661,1.8100
3664,1.8051
3667,1.8132
3670,1.8067
3673,1.8180
3676,1.8100
3679,1.8051
3682,1.8084
3685,1.8084
3688,1.8075
3691,1.8100
3694,1.8075
3697,1.8116
3700,1.8059
3703,1.8140
3706,1.8084
3709,1.8075
3712,1.8059
3715,1.8075
3718,1.8100
3721,1.8180
3724,1.8075
3727,1.8092
3730,1.8132
3733,1.8100
3736,1.8100
3739,1.8132
3742,1.8067
3745,1.8043
3748,1.8108
3751,1.8092
3754,1.8084
3757,1.8124
3760,1.8051
3763,1.8092
3766,1.8043
3769,1.8027
3772,1.8124
3775,1.8051
3778,1.8051
3781,1.8124
3784,1.8059
3787,1.8164
3790,1.8059
3801,1.8075
3804,1.8075
3807,1.8075
3810,1.8084
3813,1.8051
3816,1.8019
3819,1.8132
3822,1.8075
3825,1.8084
3828,1.8059
3831,1.8003
3834,1.8092
3837,1.8027
3840,1.8180
3843,1.8124
3846,1.8051
3849,1.8124
3852,1.8092
3855,1.8100
3858,1.8108
3861,1.8059
3864,1.7995
3867,1.8132
3870,1.8084
3873,1.8051
3876,1.8075
3879,1.8051
3882,1.8092
3885,1.8035
3888,1.8035
3891,1.8124
3894,1.8035
3897,1.8051
3900,1.8108
3903,1.8075
3906,1.8092
3909,1.8092
3912,1.8059
3915,1.8059
3918,1.8100
3921,1.8059
3924,1.8100
3927,1.8092
3930,1.8067
3933,1.8156
3936,1.8092
3939,1.8092
3942,1.8043
3945,1.8124
3948,1.8067
3951,1.8059
3954,1.8043
3957,1.8100
3960,1.8092
3963,1.8075
3966,1.8059
3969,1.8067
3972,1.8027
3975,1.8084
3978,1.8075
3981,1.8059
3984,1.8075
3987,1.8100
3990,1.8035
3993,1.8035
3996,1.8043
3999,1.8172
4002,1.8075
4005,1.8043
4008,1.8027
4011,1.8067
4014,1.8051
4017,1.8051
4020,1.8092
4030,1.8100
4033,1.8092
4036,1.8124
4039,1.8100
4042,1.8084
4045,1.8059
4048,1.8108
4051,1.8124
4054,1.8075
4057,1.8084
4060,1.8156
4063,1.8084
4066,1.8011
4069,1.8172
4072,1.8059
4075,1.8100
4078,1.8084
4081,1.8075
4084,1.8067
4087,1.8092
4090,1.8067
4093,1.8051
4096,1.8075
4099,1.8011
4102,1.8059
4105,1.8075
4108,1.8124
4111,1.8059
4114,1.8043
4117,1.8059
4128,1.8035
4131,1.8075
4134,1.8100
4137,1.8108
4140,1.8140
4143,1.8059
4146,1.8067
4149,1.8059
4152,1.8075
4155,1.8051
4158,1.8108
4161,1.8059
4164,1.8108
4167,1.8164
4170,1.8059
4173,1.8140
4176,1.8059
4179,1.8092
4182,1.8075
4185,1.8059
4188,1.8067
4191,1.8156
4194,1.8035
4197,1.8108
4200,1.8043
4203,1.8075
4206,1.8140
4209,1.8051
4212,1.8075
4215,1.8043
4218,1.8092
4229,1.8100
4232,1.8059
4235,1.8092
4238,1.8140
4241,1.8100
4244,1.8092
4247,1.8051
4250,1.8132
4253,1.8132
4256,1.8124
4259,1.8092
4262,1.8100
4265,1.8075
4268,1.8108
4271,1.8180
4274,1.8067
4277,1.8084
4280,1.8067
4283,1.8051
4286,1.8059
4289,1.8051
4292,1.8084
4295,1.8019
4298,1.8100
4301,1.8132
4304,1.8075
4307,1.8059
4310,1.8180
4313,1.8011
4316,1.8059
4319,1.8059
4330,1.8059
4333,1.8035
4336,1.8075
4339,1.8092
4342,1.8100
4345,1.8051
4348,1.8075
4351,1.8140
4354,1.8043
4357,1.8067
4360,1.8124
4363,1.8075
4366,1.8084
4369,1.8164
4372,1.8084
4375,1.8027
4378,1.8084
4381,1.8051
4384,1.8108
4387,1.8011
4390,1.8075
4393,1.8132
4396,1.8035
4399,1.8092
4402,1.8108
4405,1.8051
4408,1.8051
4411,1.8067
4414,1.8035
4417,1.8108
4420,1.8092
4431,1.8043
4434,1.8108
4437,1.8132
4440,1.8059
4443,1.8067
4446,1.8132
4449,1.8059
4452,1.8092
4455,1.8075
4458,1.8100
4461,1.8059
4464,1.8067
4467,1.8067
4470,1.8100
4473,1.8059
4476,1.8059
4479,1.8059
4482,1.8100
4485,1.8108
4488,1.8043
4491,1.8051
4494,1.8003
4497,1.8084
4500,1.8059
4503,1.8075
4506,1.8075
4509,1.7624
4512,1.8075
4515,1.8100
4518,1.8019
4521,1.8092
4532,1.8051
4535,1.8156
4538,1.8059
4541,1.8043
4544,1.8084
4547,1.8035
4550,1.8043
4553,1.8043
4556,1.8092
4559,1.8084
4562,1.8148
4565,1.8067
4568,1.8075
4571,1.8092
4574,1.8051
4577,1.8092
4580,1.8084
4583,1.8035
4586,1.8075
4589,1.8108
4592,1.8067
4595,1.8116
4598,1.8092
4601,1.7947
4604,1.8140
4607,1.8011
4610,1.8108
4613,1.8100
4616,1.8043
4619,1.8043
4622,1.8084
4633,1.8051
4636,1.8059
4639,1.8132
4642,1.8067
4645,1.8140
4648,1.8100
4651,1.8067
4654,1.8108
4657,1.8059
4660,1.8108
4663,1.8092
4666,1.8084
4669,1.8108
4672,1.8084
4675,1.8067
4678,1.8140
4681,1.8059
4684,1.8067
4687,1.8027
4690,1.8019
4693,1.8051
4696,1.8075
4699,1.8108
4702,1.8043
4705,1.8140
4708,1.8108
4711,1.8043
4714,1.8100
4717,1.8132
4720,1.8051
4723,1.8148
4734,1.8092
4737,1.8051
4740,1.8051
4743,1.8059
4746,1.8092
4749,1.8067
4752,1.8051
4755,1.8051
4758,1.8092
4761,1.8108
4764,1.8100
4767,1.8051
4770,1.8132
4773,1.8075
4776,1.8132
4779,1.8124
4782,1.8075
4785,1.8059
4788,1.8027
4791,1.8132
4794,1.8075
4797,1.8051
4800,1.8059
4803,1.8059
4806,1.8051
4809,1.8148
4812,1.8067
4815,1.8108
4818,1.8124
4821,1.8100
4824,1.8059
4835,1.8067
4838,1.8027
4841,1.8051
4844,1.8051
4847,1.8075
4850,1.8156
4853,1.8059
4856,1.8059
4859,1.8132
4862,1.8108
4865,1.8124
4868,1.8092
4871,1.8043
4874,1.8051
4877,1.8067
4880,1.8100
4883,1.8092
4886,1.8092
4889,1.8084
4892,1.8092
4895,1.8067
4898,1.8035
4901,1.8075
4904,1.8108
4907,1.8132
4910,1.8180
4913,1.8092
4916,1.7995
4919,1.8172
4922,1.7995
4925,1.8108
4936,1.8092
4939,1.8059
4942,1.8092
4945,1.8043
4948,1.8100
4951,1.8108
4954,1.8092
4957,1.8100
4960,1.8164
4963,1.8132
4966,1.8059
4969,1.7979
4972,1.8108
4975,1.8116
4978,1.7971
4981,1.8051
4984,1.8051
4987,1.8148
4990,1.8108
4993,1.8092
4996,1.8067
4999,1.8084
5002,1.8051
5005,1.8100
5008,1.8156
5011,1.8124
5014,1.8084
5017,1.8067
5020,1.8075
5023,1.8075
5026,1.8100
5037,1.8132
5040,1.8019
5043,1.8059
5046,1.8084
5049,1.8084
5052,1.8059
5055,1.8051
5058,1.8051
5061,1.8075
5064,1.8059
5067,1.8059
5070,1.8092
5073,1.8092
5076,1.8051
5079,1.8019
5082,1.8019
5085,1.8075
5088,1.8075
5091,1.8084
5094,1.8140
5097,1.8132
5100,1.8027
5103,1.8067
5106,1.8075
5109,1.8051
5112,1.8172
5115,1.8092
5118,1.8100
5121,1.8092
5124,1.8059
5127,1.8075
5138,1.8100
5141,1.8075
5144,1.8108
5147,1.8164
5150,1.8422
5153,1.8084
5156,1.8092
5159,1.8067
5162,1.8059
5165,1.8084
5168,1.8180
5171,1.8116
5174,1.8108
5177,1.8148
5180,1.8051
5183,1.8027
5186,1.8092
5189,1.8116
5192,1.8043
5195,1.8140
5198,1.8075
5201,1.8075
5204,1.8075
5207,1.8067
5210,1.8051
5213,1.8051
5216,1.8059
5219,1.8092
5222,1.8051
5225,1.8059
5228,1.8124
5239,1.8124
5242,1.8043
5245,1.8100
5248,1.8043
5251,1.8067
5254,1.8075
5257,1.8124
5260,1.8075
5263,1.8051
5266,1.8075
5269,1.8059
5272,1.8019
5275,1.8067
5278,1.8051
5281,1.8067
5284,1.8051
5287,1.8132
5290,1.8067
5293,1.8075
5296,1.8059
5299,1.8051
5302,1.8108
5305,1.8092
5308,1.8059
5311,1.8196
5314,1.8067
5317,1.8108
5320,1.8075
5323,1.8084
5326,1.8180
5329,1.8156
5340,1.8043
5343,1.7656
5346,1.8075
5349,1.8124
5352,1.8100
5355,1.8067
5358,1.8059
5361,1.8075
5364,1.8059
5367,1.8180
5370,1.8132
5373,1.8051
5376,1.8043
5379,1.8253
5382,1.8092
5385,1.8067
5388,1.8059
5391,1.8043
5394,1.8027
5397,1.8092
5400,1.8075
5403,1.8067
5406,1.8132
5409,1.8051
5412,1.8067
5415,1.8075
5418,1.8075
5421,1.8116
5424,1.8075
5427,1.8043
5430,1.8051
5441,1.8027
5444,1.8092
5447,1.8100
5450,1.8067
5453,1.8059
5456,1.8075
5459,1.8108
5462,1.8043
5465,1.8075
5468,1.8140
5471,1.8051
5474,1.8059
5477,1.8132
5480,1.8100
5483,1.8075
5486,1.8043
5489,1.8043
5492,1.8092
5495,1.8100
5498,1.8051
5501,1.8067
5504,1.8092
5507,1.8075
5510,1.8059
5513,1.8067
5516,1.8051
5519,1.8156
5522,1.8051
5525,1.8051
5528,1.8011
5531,1.8059
5542,1.8124
5545,1.8027
5548,1.8092
5551,1.8092
5554,1.8108
5557,1.8140
5560,1.8067
5563,1.8140
5566,1.8067
5569,1.8084
5572,1.8035
5575,1.8043
5578,1.8100
5581,1.8092
5584,1.8043
5587,1.8075
5590,1.8075
5593,1.8067
5596,1.8067
5599,1.8084
5602,1.8051
5605,1.8108
5608,1.8067
5611,1.8011
5614,1.8051
5617,1.8051
5620,1.8051
5623,1.8075
5626,1.8132
5629,1.8043
5632,1.8092
5643,1.8092
5646,1.8084
5649,1.8043
5652,1.8108
5655,1.8100
5658,1.8075
5661,1.8108
5664,1.8051
5667,1.8059
5670,1.8075
5673,1.8092
5676,1.8067
5679,1.8084
5682,1.8067
5685,1.8051
5688,1.8019
5691,1.8124
5694,1.8051
5697,1.8075
5700,1.8067
5703,1.8092
5706,1.8059
5709,1.8100
5712,1.8075
5715,1.7979
5718,1.8084
5721,1.8051
5724,1.8092
5727,1.8100
5730,1.8051
5733,1.8051
5744,1.8011
5747,1.8132
5750,1.8051
5753,1.8100
5756,1.7278
5759,1.8003
5762,1.8043
5765,1.8084
5768,1.8051
5771,1.8132
5774,1.8035
5777,1.8092
5780,1.8035
5783,1.8051
5786,1.8075
5789,1.8059
5792,1.8084
5795,1.8059
5798,1.8092
5801,1.8140
5804,1.8084
5807,1.8164
5810,1.8051
5813,1.8092
5816,1.8075
5819,1.8116
5822,1.8011
5825,1.8100
5828,1.8075
5831,1.8043
5834,1.8124
5845,1.8059
5848,1.8084
5851,1.8075
5854,1.8051
5857,1.8092
5860,1.8092
5863,1.8100
5866,1.8092
5869,1.8075
5872,1.8075
5875,1.8067
5878,1.8051
5881,1.8132
5884,1.8075
5887,1.8084
5890,1.8100
5893,1.8067
5896,1.8051
5899,1.8059
5902,1.8092
5905,1.8132
5908,1.8067
5911,1.8067
5914,1.8075
5917,1.8124
5920,1.8051
5923,1.8075
5926,1.8092
5929,1.8059
5932,1.8059
5935,1.8108
5946,1.8067
5949,1.8092
5952,1.8027
5955,1.8059
5958,1.8067
5961,1.8059
5964,1.8156
5967,1.8140
5970,1.8075
5973,1.8067
5976,1.8059
5979,1.8084
5982,1.8108
5985,1.8051
5988,1.8051
5991,1.8067
5994,1.8075
5997,1.8059
6000,1.8067
6003,1.8059
6006,1.8059
6009,1.8059
6012,1.8075
6015,1.8067
6018,1.8430
6021,1.8051
6024,1.8043
6027,1.8003
6030,1.8067
6033,1.8051
6036,1.8075
6039,1.8059
6042,1.8051
6045,1.8092
6048,1.8035
6051,1.8092
6054,1.8051
6057,1.8059
6060,1.8092
6071,1.8059
6074,1.8124
6077,1.8075
6080,1.8027
6083,1.8124
6086,1.8132
6089,1.8075
6092,1.8059
6095,1.8035
6098,1.7971
6101,1.8116
6104,1.8100
6107,1.8067
6110,1.8067
6113,1.8172
6116,1.8027
6119,1.8075
6122,1.8092
6125,1.8084
6128,1.8100
6131,1.8043
6134,1.8140
6137,1.8092
6140,1.8092
6143,1.8100
6146,1.8100
6149,1.8092
6152,1.8067
6155,1.8075
6158,1.8108
6161,1.8051
6164,1.8140
6167,1.8067
6170,1.8075
6173,1.8132
6176,1.8092
6179,1.8035
6182,1.8100
6185,1.8092
6188,1.8140
6191,1.8067
6194,1.8075
6197,1.8084
6200,1.8075
6203,1.8051
6206,1.8132
6209,1.7955
6212,1.8140
6215,1.8100
6218,1.8100
6221,1.8043
6224,1.8051
6227,1.8100
6230,1.8148
6233,1.8051
6236,1.8043
6239,1.8075
6242,1.8100
6245,1.8092
6248,1.8084
6251,1.8059
6254,1.8059
6257,1.8100
6260,1.8092
6263,1.8108
6266,1.8124
6269,1.8043
6272,1.8051
6275,1.8051
6278,1.8075
6281,1.8067
6284,1.8075
6287,1.8704
6290,1.8164
6301,1.8092
6304,1.8140
6307,1.8075
6310,1.8084
6313,1.8051
6316,1.8164
6319,1.8043
6322,1.8092
6325,1.8027
6328,1.8084
6331,1.8108
6334,1.8027
6337,1.8059
6340,1.8108
6343,1.8092
6346,1.8108
6349,1.8051
6352,1.8059
6355,1.8124
6358,1.8059
6361,1.8059
6364,1.8043
6367,1.8067
6370,1.8084
6373,1.8140
6376,1.8084
6379,1.8019
6382,1.8051
6385,1.8108
6388,1.8027
6391,1.8108
6394,1.8035
6397,1.8035
6400,1.8156
6403,1.8108
6406,1.8051
6409,1.8051
6412,1.8156
6415,1.8100
6418,1.8043
6421,1.8172
6424,1.8067
6427,1.8075
6430,1.8051
6433,1.8164
6436,1.8156
6439,1.7995
6442,1.8092
6445,1.8100
6448,1.8108
6451,1.8100
6454,1.8075
6457,1.9091
6460,1.8075
6463,1.8067
6466,1.8043
6469,1.8156
6472,1.8051
6475,1.8156
6478,1.8124
6481,1.8051
6484,1.8124
6487,1.8043
6490,1.8075
6493,1.8075
6496,1.8422
6499,1.8092
6502,1.8067
6505,1.8100
6508,1.8100
6511,1.8108
6514,1.8148
6525,1.8059
6528,1.8067
6531,1.8059
6534,1.8059
6537,1.8084
6540,1.8092
6543,1.8132
6546,1.8075
6549,1.8100
6552,1.8075
6555,1.8108
6558,1.8059
6561,1.8092
6564,1.8059
6567,1.7826
6570,1.8100
6573,1.8035
6576,1.8116
6579,1.8075
6582,1.8035
6585,1.8027
6588,1.8051
6591,1.8108
6594,1.8059
6597,1.8051
6600,1.8059
6603,1.8051
6606,1.8075
6609,1.8059
6612,1.8100
6615,1.8067
6618,1.8067
6621,1.8011
6624,1.8092
6627,1.8067
6630,1.7979
6633,1.8075
6636,1.8100
6639,1.8140
6642,1.8051
6645,1.8051
6648,1.8059
6651,1.8043
6654,1.8092
6657,1.8035
6660,1.8108
6663,1.8084
6666,1.8100
6669,1.8043
6672,1.8043
6675,1.8108
6678,1.8043
6681,1.8043
6684,1.8124
6687,1.8059
6690,1.8059
6693,1.8100
6696,1.8059
6699,1.8051
6702,1.8156
6705,1.8084
6708,1.8051
6711,1.8043
6714,1.8051
6717,1.8051
6720,1.8108
6723,1.8051
6726,1.8035
6729,1.8051
6732,1.8092
6735,1.8156
6738,1.8092
6741,1.8696
6744,1.8075
6755,1.8124
6758,1.8051
6761,1.8051
6764,1.8011
6767,1.8075
6770,1.8035
6773,1.8108
6776,1.8100
6779,1.8108
6782,1.8067
6785,1.8075
6788,1.8035
6791,1.8067
6794,1.8027
6797,1.8003
6800,1.8059
6803,1.8067
6806,1.8059
6809,1.8092
6812,1.8108
6815,1.8092
6818,1.8059
6821,1.8092
6824,1.8051
6827,1.8051
6830,1.8100
6833,1.8092
6836,1.8059
6839,1.8051
6842,1.8067
6845,1.8132
6848,1.7963
6851,1.8059
6854,1.8075
6857,1.8084
6860,1.8051
6863,1.8075
6866,1.8092
6869,1.8059
6872,1.8108
6875,1.8059
6878,1.8092
6881,1.8092
6884,1.8100
6887,1.8132
6890,1.8067
6893,1.8043
6896,1.8084
6899,1.8092
6902,1.8043
6905,1.8051
6908,1.8043
6911,1.8164
6914,1.8027
6917,1.8092
6920,1.8156
6923,1.8059
6926,1.8084
6929,1.8059
6932,1.8043
6935,1.8067
6938,1.8100
6941,1.8148
6944,1.8011
6947,1.8043
6950,1.8067
6953,1.8108
6956,1.8051
6959,1.8059
6962,1.8059
6965,1.8035
6968,1.8100
6971,1.8100
6974,1.8075
6985,1.8043
6988,1.8092
6991,1.8108
6994,1.8092
6997,1.8051
7000,1.8067
7003,1.8108
7006,1.8043
7009,1.8067
7012,1.8124
7015,1.8164
7018,1.8092
7021,1.8132
7024,1.8059
7027,1.8067
7030,1.8067
7033,1.8100
7036,1.8108
7039,1.8108
7042,1.8084
7045,1.8108
7048,1.8067
7051,1.8140
7054,1.8092
7057,1.8059
7060,1.8067
7063,1.8156
7066,1.8067
7069,1.8067
7072,1.8051
7075,1.8043
7078,1.8132
7081,1.8059
7084,1.8100
7087,1.8140
7090,1.8067
7093,1.8092
7096,1.8051
7099,1.8092
7102,1.7423
7105,1.8092
7108,1.8051
7111,1.8148
7114,1.8051
7117,1.7963
7120,1.8075
7123,1.8124
7126,1.8108
7129,1.8059
7132,1.8108
7135,1.8027
7138,1.7697
7141,1.8100
7144,1.8043
7147,1.8067
7150,1.8051
7153,1.7947
7156,1.8108
7159,1.8172
7162,1.8108
7165,1.8067
7168,1.8051
7171,1.8108
7174,1.8140
7177,1.8051
7180,1.8100
7183,1.8092
7186,1.8043
7189,1.8084
7192,1.8075
7195,1.8067
7198,1.8051
7201,1.8059
7204,1.8075
7207,1.8108
7210,1.8043
7220,1.8059
7223,1.8043
7226,1.8027
7229,1.8108
7232,1.8043
7235,1.8059
7238,1.8100
7241,1.8075
7244,1.8100
7247,1.8051
7250,1.8067
7253,1.8124
7256,1.8059
7259,1.8108
7262,1.8132
7265,1.8051
7268,1.8067
7271,1.8075
7274,1.8124
7277,1.8100
7280,1.8092
7283,1.8051
7286,1.8059
7289,1.8059
7292,1.8108
7295,1.8027
7298,1.8124
7301,1.8075
7304,1.8132
7307,1.8075
7310,1.8100
7313,1.8059
7316,1.8108
7319,1.8132
7322,1.8100
7325,1.8084
7328,1.8035
7331,1.8092
7334,1.8100
7337,1.8067
7340,1.8043
7343,1.8124
7346,1.8043
7349,1.8067
7352,1.8035
7355,1.8100
7358,1.8124
7361,1.8132
7364,1.8059
7367,1.8084
7370,1.8100
7373,1.8067
7376,1.8100
7379,1.8027
7382,1.8132
7385,1.8116
7388,1.8035
7391,1.8132
7394,1.8100
7397,1.8011
7400,1.8108
7403,1.8027
7406,1.8051
7409,1.8067
7412,1.7995
7415,1.8132
7418,1.8084
7421,1.8051
7424,1.8059
7427,1.8067
7437,1.8075
7440,1.8108
7443,1.8067
7446,1.8035
7449,1.8035
7452,1.8116
7455,1.7777
7458,1.8051
7461,1.8035
7464,1.8108
7467,1.8075
7470,1.8051
7473,1.8108
7476,1.8092
7479,1.8051
7482,1.8084
7485,1.8156
7488,1.8132
7491,1.8084
7494,1.8043
7497,1.8059
7500,1.8059
7503,1.8084
7506,1.8100
7509,1.8075
7512,1.8075
7515,1.8051
7518,1.8051
7521,1.8100
7524,1.8075
7527,1.8059
7530,1.8059
7533,1.8067
7536,1.8043
7539,1.8075
7542,1.8092
7545,1.8051
7548,1.8108
7551,1.8092
7554,1.8075
7557,1.8075
7560,1.8164
7563,1.8067
7566,1.8035
7569,1.8051
7572,1.8108
7575,1.8164
7578,1.8051
7581,1.8067
7584,1.8100
7587,1.8092
7590,1.8075
7593,1.8035
7596,1.8075
7599,1.8100
7602,1.8124
7605,1.8108
7608,1.8051
7611,1.8011
7614,1.8140
7617,1.8067
7620,1.8043
7623,1.8140
7626,1.8075
7629,1.8067
7632,1.8051
7635,1.8067
7638,1.8075
7641,1.8092
7644,1.8003
7655,1.8059
7658,1.8067
7661,1.8059
7664,1.8043
7667,1.8059
7670,1.8092
7673,1.8092
7676,1.8148
7679,1.8027
7682,1.8140
7685,1.8100
7688,1.8051
7691,1.8043
7694,1.8043
7697,1.8067
7700,1.8067
7703,1.8059
7706,1.8043
7709,1.8164
7712,1.8051
7715,1.8059
7718,1.8124
7721,1.8067
7724,1.8075
7727,1.8084
7730,1.8003
7733,1.7995
7736,1.8075
7739,1.8100
7742,1.8084
7745,1.8067
7748,1.8100
7751,1.8075
7754,1.8059
7757,1.8003
7760,1.8051
7763,1.8051
7766,1.8132
7769,1.8092
7772,1.8051
7775,1.8059
7778,1.8059
7781,1.8067
7784,1.8059
7787,1.8092
7790,1.8011
7793,1.8051
7796,1.8051
7799,1.8092
7802,1.8092
7805,1.8100
7808,1.8132
7811,1.7938
7814,1.8124
7817,1.8108
7820,1.8051
7823,1.8059
7826,1.8108
7829,1.8067
7832,1.8051
7835,1.8043
7838,1.8011
7841,1.8108
7844,1.8075
7847,1.8092
7850,1.8051
7853,1.8043
7856,1.7536
7859,1.8051
7862,1.8148
7865,1.7955
7868,1.8108
7871,1.8075
7874,1.8108
7877,1.8124
7880,1.8067
7890,1.8051
7893,1.8059
7896,1.8051
7899,1.8132
7902,1.8051
7905,1.8084
7908,1.8067
7911,1.8059
7914,1.8100
7917,1.8084
7920,1.7922
7923,1.8027
7926,1.8108
7929,1.8075
7932,1.8108
7935,1.8043
7938,1.8067
7941,1.8035
7944,1.8043
7947,1.8092
7950,1.8059
7953,1.8059
7956,1.8027
7959,1.8092
7962,1.8027
7965,1.8075
7968,1.8043
7971,1.8043
7974,1.8164
7977,1.8092
7980,1.8051
7983,1.8075
7986,1.7987
7989,1.8051
7992,1.8059
7995,1.8067
7998,1.8124
8001,1.8084
8004,1.8003
8007,1.8075
8010,1.8075
8013,1.8092
8016,1.8180
8019,1.8051
8022,1.8059
8025,1.8051
8028,1.8051
8031,1.8051
8034,1.8092
8037,1.8075
8040,1.8100
8043,1.7971
8046,1.8051
8049,1.8043
8052,1.8043
8063,1.8043
8066,1.8035
8069,1.8108
8072,1.8059
8075,1.8084
8078,1.8092
8081,1.8108
8084,1.8043
8087,1.8059
8090,1.8092
8093,1.8027
8096,1.8043
8099,1.8059
8102,1.8075
8105,1.8067
8108,1.8059
8111,1.8075
8114,1.8108
8117,1.8051
8120,1.7922
8123,1.8108
8126,1.8092
8129,1.8132
8132,1.8043
8135,1.8051
8138,1.8124
8141,1.8108
8144,1.8100
8147,1.8108
8150,1.8075
8153,1.8051
8164,1.8108
8167,1.8084
8170,1.8075
8173,1.8059
8176,1.8051
8179,1.8051
8182,1.8075
8185,1.8075
8188,1.8075
8191,1.8059
8194,1.8108
8197,1.8092
8200,1.8084
8203,1.8075
8206,1.7995
8209,1.8051
8212,1.8100
8215,1.8100
8218,1.8075
8221,1.8059
8224,1.8108
8227,1.8075
8230,1.8100
8233,1.8067
8236,1.8051
8239,1.8075
8242,1.8051
8245,1.8067
8248,1.8059
8251,1.8043
8254,1.8043
8265,1.8075
8268,1.8180
8271,1.8051
8274,1.8043
8277,1.8035
8280,1.8051
8283,1.8059
8286,1.8132
8289,1.8035
8292,1.8027
8295,1.8084
8298,1.8108
8301,1.8132
8304,1.8116
8307,1.8043
8310,1.8100
8313,1.8051
8316,1.8075
8319,1.8100
8322,1.8059
8325,1.8156
8328,1.8132
8331,1.8075
8334,1.8092
8337,1.8059
8340,1.8059
8343,1.8092
8346,1.8051
8349,1.8067
8352,1.8051
8355,1.8059
8366,1.8051
8369,1.8092
8372,1.8084
8375,1.8132
8378,1.8084
8381,1.8092
8384,1.8051
8387,1.8116
8390,1.8092
8393,1.8075
8396,1.8051
8399,1.8100
8402,1.8043
8405,1.8075
8408,1.8092
8411,1.8108
8414,1.8092
8417,1.8051
8420,1.8084
8423,1.8100
8426,1.8124
8429,1.8051
8432,1.8035
8435,1.8059
8438,1.8084
8441,1.8067
8444,1.8067
8447,1.8051
8450,1.8051
8453,1.8108
8456,1.8092
8467,1.8108
8470,1.8108
8473,1.8140
8476,1.8084
8479,1.8100
8482,1.8051
8485,1.8075
8488,1.8051
8491,1.8011
8494,1.8100
8497,1.8051
8500,1.8075
8503,1.8027
8506,1.8092
8509,1.8067
8512,1.8075
8515,1.8075
8518,1.8059
8521,1.8075
8524,1.8051
8527,1.8051
8530,1.8132
8533,1.8051
8536,1.8277
8539,1.8067
8542,1.8043
8545,1.8051
8548,1.8108
8551,1.8059
8554,1.8075
8557,1.8043
8568,1.8059
8571,1.8075
8574,1.8124
8577,1.8067
8580,1.8051
8583,1.8100
8586,1.8075
8589,1.8124
8592,1.8067
8595,1.8003
8598,1.8051
8601,1.8092
8604,1.8043
8607,1.8075
8610,1.8035
8613,1.8067
8616,1.8084
8619,1.8075
8622,1.8108
8625,1.8051
8628,1.8092
8631,1.8124
8634,1.8067
8637,1.8124
8640,1.8084
8643,1.8059
8646,1.8027
8649,1.8132
8652,1.8075
8655,1.8092
8658,1.8051
8669,1.8100
8672,1.8059
8675,1.8100
8678,1.8067
8681,1.8075
8684,1.8092
8687,1.8067
8690,1.8051
8693,1.8043
8696,1.8059
8699,1.8124
8702,1.8092
8705,1.8035
8708,1.8067
8711,1.8180
8714,1.8011
8717,1.8100
8720,1.8043
8723,1.8051
8726,1.8043
8729,1.8092
8732,1.8132
8735,1.8043
8738,1.8092
8741,1.8084
8744,1.8124
8747,1.8059
8750,1.8027
8753,1.8140
8756,1.8132
8759,1.8124
8770,1.8059
8773,1.8124
8776,1.8092
8779,1.8075
8782,1.8051
8785,1.8140
8788,1.8108
8791,1.8108
8794,1.8108
8797,1.8140
8800,1.8084
8803,1.8084
8806,1.8043
8809,1.8075
8812,1.8075
8815,1.8067
8818,1.8059
8821,1.8164
8824,1.8084
8827,1.8027
8830,1.8051
8833,1.8140
8836,1.8059
8839,1.8075
8842,1.8075
8845,1.8092
8848,1.8051
8851,1.8124
8854,1.8043
8857,1.8108
8860,1.8075
8871,1.8100
8874,1.8075
8877,1.8092
8880,1.8075
8883,1.8059
8886,1.8116
8889,1.8084
8892,1.8100
8895,1.8059
8898,1.8092
8901,1.8092
8904,1.8043
8907,1.8067
8910,1.8108
8913,1.7963
8916,1.8059
8919,1.8067
8922,1.8092
8925,1.8084
8928,1.8003
8931,1.8100
8934,1.8075
8937,1.8019
8940,1.8019
8943,1.8084
8946,1.8124
8949,1.8027
8952,1.8051
8955,1.8067
8958,1.8059
8961,1.8067
8972,1.8051
8975,1.8092
8978,1.8043
8981,1.8092
8984,1.8108
8987,1.8051
8990,1.8067
8993,1.8043
8996,1.8084
8999,1.8100
9002,1.8051
9005,1.8059
9008,1.8075
9011,1.8140
9014,1.8051
9017,1.8092
9020,1.8140
9023,1.8019
9026,1.8019
9029,1.8100
9032,1.8132
9035,1.8051
9038,1.8132
9041,1.8092
9044,1.8051
9047,1.8067
9050,1.8067
9053,1.8092
9056,1.8140
9059,1.8092
9062,1.8100
9073,1.8035
9076,1.8067
9079,1.8148
9082,1.8132
9085,1.8003
9088,1.8124
9091,1.8124
9094,1.8084
9097,1.8075
9100,1.8092
9103,1.8051
9106,1.8075
9109,1.8156
9112,1.8092
9115,1.8035
9118,1.8027
9121,1.8092
9124,1.8067
9127,1.8132
9130,1.8084
9133,1.8092
9136,1.8092
9139,1.8067
9142,1.8067
9145,1.8100
9148,1.8100
9151,1.8084
9154,1.8067
9157,1.8059
9160,1.8092
9163,1.8075
9174,1.8067
9177,1.7971
9180,1.8108
9183,1.8100
9186,1.8084
9189,1.8100
9192,1.8084
9195,1.8067
9198,1.8100
9201,1.8140
9204,1.8156
9207,1.8108
9210,1.8075
9213,1.8075
9216,1.8067
9219,1.8051
9222,1.8027
9225,1.8075
9228,1.8059
9231,1.8051
9234,1.8059
9237,1.8140
9240,1.8108
9243,1.8051
9246,1.8100
9249,1.8067
9252,1.8075
9255,1.8108
9258,1.8084
9261,1.8051
9264,1.8067
9275,1.8051
9278,1.8140
9281,1.8100
9284,1.8132
9287,1.8084
9290,1.8067
9293,1.8100
9296,1.8092
9299,1.8075
9302,1.8051
9305,1.8092
9308,1.8075
9311,1.8092
9314,1.8051
9317,1.8035
9320,1.8059
9323,1.8051
9326,1.8059
9329,1.8092
9332,1.8108
9335,1.8043
9338,1.8067
9341,1.8100
9344,1.8059
9347,1.8084
9350,1.8059
9353,1.8043
9356,1.8067
9359,1.8075
9362,1.8035
9365,1.8100
9376,1.8100
9379,1.8100
9382,1.8035
9385,1.8075
9388,1.8075
9391,1.8092
9394,1.8051
9397,1.8100
9400,1.8075
9403,1.8269
9406,1.8092
9409,1.8067
9412,1.8035
9415,1.8075
9418,1.8067
9421,1.8043
9424,1.8116
9427,1.8108
9430,1.8075
9433,1.8051
9436,1.8051
9439,1.8092
9442,1.8124
9445,1.8140
9448,1.8084
9451,1.8100
9454,1.8108
9457,1.8059
9460,1.8100
9463,1.8051
9466,1.8132
9477,1.8140
9480,1.8051
9483,1.8100
9486,1.8067
9489,1.8140
9492,1.8132
9495,1.8035
9498,1.8035
9501,1.8059
9504,1.8092
9507,1.8035
9510,1.8043
9513,1.8108
9516,1.8043
9519,1.8043
9522,1.8092
9525,1.8084
9528,1.8132
9531,1.8011
9534,1.8075
9537,1.7971
9540,1.8108
9543,1.8051
9546,1.8067
9549,1.8067
9552,1.8132
9555,1.8124
9558,1.8124
9561,1.8140
9564,1.8100
9567,1.8051
9578,1.8051
9581,1.8027
9584,1.8075
9587,1.8067
9590,1.8075
9593,1.8043
9596,1.8067
9599,1.8051
9602,1.8108
9605,1.8108
9608,1.8051
9611,1.8164
9614,1.8051
9617,1.8108
9620,1.8075
9623,1.8132
9626,1.8003
9629,1.8092
9632,1.8043
9635,1.8140
9638,1.8084
9641,1.8124
9644,1.8051
9647,1.8043
9650,1.8043
9653,1.8075
9656,1.8132
9659,1.8051
9662,1.8075
9665,1.8092
9668,1.8075
9679,1.8108
9682,1.8059
9685,1.8043
9688,1.8108
9691,1.8059
9694,1.8051
9697,1.8084
9700,1.8059
9703,1.8043
9706,1.8108
9709,1.8084
9712,1.8092
9715,1.8100
9718,1.8059
9721,1.8043
9724,1.8043
9727,1.8100
9730,1.8067
9733,1.8124
9736,1.8067
9739,1.8100
9742,1.8164
9745,1.8059
9748,1.8051
9751,1.7930
9754,1.8027
9757,1.8003
9760,1.8059
9763,1.8100
9766,1.8092
9769,1.8092
9780,1.8067
9783,1.8075
9786,1.7995
9789,1.8075
9792,1.8108
9795,1.8043
9798,1.8382
9801,1.8132
9804,1.8059
9807,1.8075
9810,1.8035
9813,1.8188
9816,1.8108
9819,1.8051
9822,1.8100
9825,1.8075
9828,1.8043
9831,1.8084
9834,1.8051
9837,1.8092
9840,1.8051
9843,1.8140
9846,1.7971
9849,1.8075
9852,1.8084
9855,1.8075
9858,1.8051
9861,1.8124
9864,1.8164
9867,1.8092
9870,1.8043
9881,1.8075
9884,1.8075
9887,1.8059
9890,1.8027
9893,1.8027
9896,1.8059
9899,1.8043
9902,1.8019
9905,1.8067
9908,1.8092
9911,1.8067
9914,1.8075
9917,1.8140
9920,1.8124
9923,1.8043
9926,1.8027
9929,1.8059
9932,1.8067
9935,1.8059
9938,1.8092
9941,1.8092
9944,1.8108
9947,1.8108
9950,1.8067
9953,1.8035
9956,1.8075
9959,1.8051
9962,1.8132
9965,1.8092
9968,1.8051
9971,1.8051
9982,1.8035
9985,1.7922
9988,1.8067
9991,1.8100
9994,1.8124
9997,1.8075
10000,1.8075
10003,1.8075
10006,1.8067
10009,1.8059
10012,1.8075
10015,1.8156
10018,1.8067
10021,1.8156
10024,1.8100
10027,1.8092
10030,1.8067
10033,1.8043
10036,1.8067
10039,1.8067
10042,1.8051
10045,1.8067
10048,1.8075
10051,1.8075
10054,1.8043
10057,1.8059
10060,1.8100
10063,1.8027
10074,1.8075
10077,1.8043
10080,1.8043
10083,1.8075
10086,1.8051
10089,1.8100
10092,1.8075
10095,1.8084
10098,1.8075
10101,1.8035
10104,1.8100
10107,1.8075
10110,1.8132
10113,1.8043
10116,1.8043
10119,1.8067
10122,1.8075
10125,1.8051
10128,1.8108
10131,1.8075
10134,1.8108
10137,1.8051
10140,1.8043
10143,1.8043
10146,1.8051
10149,1.8092
10152,1.7028
10155,1.8092
10158,1.8092
10161,1.8075
10164,1.8043
10167,1.8019
10178,1.8043
10181,1.8075
10184,1.8075
10187,1.8075
10190,1.8108
10193,1.8156
10196,1.8051
10199,1.8067
10202,1.8019
10205,1.8059
10208,1.8059
10211,1.8051
10214,1.8059
10217,1.8051
10220,1.8059
10223,1.8043
10226,1.8358
10229,1.8051
10232,1.8027
10235,1.8059
10238,1.8092
10241,1.8059
10244,1.8108
10247,1.8124
10250,1.8067
10253,1.8043
10256,1.8132
10259,1.8124
10262,1.8100
10265,1.8043
10268,1.8059
10279,1.8084
10282,1.8051
10285,1.8051
10288,1.8011
10291,1.8124
10294,1.8100
10297,1.8092
10300,1.8092
10303,1.8051
10306,1.8067
10309,1.8059
10312,1.8204
10315,1.8075
10318,1.8051
10321,1.8092
10324,1.8051
10327,1.8140
10330,1.8067
10333,1.8059
10336,1.8084
10339,1.8035
10342,1.8100
10345,1.8092
10348,1.8100
10351,1.8003
10354,1.8067
10357,1.8132
10360,1.8084
10363,1.8043
10366,1.8108
10369,1.8084
10380,1.8108
10383,1.8067
10386,1.8075
10389,1.8059
10392,1.8084
10395,1.8059
10398,1.8019
10401,1.8100
10404,1.8051
10407,1.8067
10410,1.8027
10413,1.8084
10416,1.8100
10419,1.8140
10422,1.8108
10425,1.8108
10428,1.8075
10431,1.8035
10434,1.8051
10437,1.8043
10440,1.8221
10443,1.8075
10446,1.8075
10449,1.8075
10452,1.8051
10455,1.8148
10458,1.8148
10461,1.8067
10464,1.8027
10467,1.8059
10470,1.8075
10481,1.8075
10484,1.8059
10487,1.8075
10490,1.8019
10493,1.8108
10496,1.8100
10499,1.8148
10502,1.8108
10505,1.8043
10508,1.8075
10511,1.8140
10514,1.8092
10517,1.8075
10520,1.8132
10523,1.8092
10526,1.8092
10529,1.8035
10532,1.8132
10535,1.8051
10538,1.8084
10541,1.8067
10544,1.8075
10547,1.8059
10550,1.8075
10553,1.8100
10556,1.8092
10559,1.8100
10562,1.8019
10565,1.8051
10568,1.8027
10571,1.8051
10582,1.8051
10585,1.8164
10588,1.8059
10591,1.8092
10594,1.8172
10597,1.8059
10600,1.8092
10603,1.8124
10606,1.8140
10609,1.8003
10612,1.8059
10615,1.8067
10618,1.8067
10621,1.8108
10624,1.8100
10627,1.8108
10630,1.8035
10633,1.8075
10636,1.8092
10639,1.8067
10642,1.8059
10645,1.8075
10648,1.8100
10651,1.8059
10654,1.8059
10657,1.8132
10660,1.8100
10663,1.8108
10666,1.8075
10669,1.8075
10672,1.8084
10683,1.8067
10686,1.8075
10689,1.8124
10692,1.8092
10695,1.8075
10698,1.8067
10701,1.8075
10704,1.8051
10707,1.8108
10710,1.8051
10713,1.8092
10716,1.8051
10719,1.8043
10722,1.8084
10725,1.8092
10728,1.8140
10731,1.8067
10734,1.8100
10737,1.8132
10740,1.8100
10743,1.8075
10746,1.8092
10749,1.8092
10752,1.8092
10755,1.8092
10758,1.8108
10761,1.8027
10764,1.8075
10767,1.8140
10770,1.7995
10773,1.8027
10776,1.8059
10787,1.8100
10790,1.8059
10793,1.8051
10796,1.8108
10799,1.8100
10802,1.8051
10805,1.8132
10808,1.8043
10811,1.8051
10814,1.8108
10817,1.7995
10820,1.8075
10823,1.8092
10826,1.8124
10829,1.8027
10832,1.8075
10835,1.8132
10838,1.8051
10841,1.8075
10844,1.8035
10847,1.8108
10850,1.8108
10853,1.8075
10856,1.7922
10859,1.8051
10862,1.8075
10865,1.8108
10868,1.8067
10871,1.8067
10874,1.8059
10877,1.8051
10880,1.8059
10891,1.8116
10894,1.8011
10897,1.8075
10900,1.8043
10903,1.8051
10906,1.8108
10909,1.8100
10912,1.8084
10915,1.8075
10918,1.8067
10921,1.8035
10924,1.8027
10927,1.8132
10930,1.8051
10933,1.8164
10936,1.8067
10939,1.8124
10942,1.8011
10945,1.8075
10948,1.8100
10951,1.8043
10954,1.8043
10957,1.8059
10960,1.8092
10963,1.8051
10966,1.8051
10969,1.8059
10972,1.8124
10975,1.8059
10978,1.8051
10981,1.8108
10992,1.8067
10995,1.8108
10998,1.8108
11001,1.8051
11004,1.8067
11007,1.8059
11010,1.8180
11013,1.8092
11016,1.8100
11019,1.8148
11022,1.8092
11025,1.8075
11028,1.8100
11031,1.8051
11034,1.8059
11037,1.8067
11040,1.8059
11043,1.8059
11046,1.8092
11049,1.8132
11052,1.8075
11055,1.8051
11058,1.8172
11061,1.8067
11064,1.8092
11067,1.8027
11070,1.8075
11073,1.8043
11076,1.8051
11079,1.8043
11082,1.8075
11093,1.8100
11096,1.8132
11099,1.8212
11102,1.8100
11105,1.8059
11108,1.8092
11111,1.8059
11114,1.8204
11117,1.8156
11120,1.8108
11123,1.8051
11126,1.8116
11129,1.8132
11132,1.8084
11135,1.8092
11138,1.8043
11141,1.8075
11144,1.8108
11147,1.8084
11150,1.8720
11153,1.8043
11156,1.8051
11159,1.8043
11162,1.8051
11165,1.8075
11168,1.8075
11171,1.8100
11174,1.8011
11177,1.8116
11180,1.8059
11183,1.8092
11194,1.8059
11197,1.8051
11200,1.8108
11203,1.8059
11206,1.8043
11209,1.8092
11212,1.8092
11215,1.8108
11218,1.8067
11221,1.8108
11224,1.8075
11227,1.8092
11230,1.8035
11233,1.8180
11236,1.8051
11239,1.8051
11242,1.8156
11245,1.8059
11248,1.8108
11251,1.8092
11254,1.8075
11257,1.8164
11260,1.8140
11263,1.8051
11266,1.8092
11269,1.8051
11272,1.8075
11275,1.8043
11278,1.8108
11281,1.8309
11284,1.8092
11295,1.8035
11298,1.8067
11301,1.8092
11304,1.8092
11307,1.8051
11310,1.8051
11313,1.8051
11316,1.8051
11319,1.8148
11322,1.8084
11325,1.8043
11328,1.8059
11331,1.8100
11334,1.8059
11337,1.8051
11340,1.8092
11343,1.8140
11346,1.8035
11349,1.8100
11352,1.8067
11355,1.8011
11358,1.8059
11361,1.8067
11364,1.8011
11367,1.8075
11370,1.8035
11373,1.8092
11376,1.8035
11379,1.8092
11382,1.8059
11385,1.8075
11396,1.8108
11399,1.8067
11402,1.8035
11405,1.8067
11408,1.8075
11411,1.8051
11414,1.8067
11417,1.8124
11420,1.8075
11423,1.8059
11426,1.8059
11429,1.8051
11432,1.8051
11435,1.8027
11438,1.8043
11441,1.8108
11444,1.8051
11447,1.8059
11450,1.8100
11453,1.8100
11456,1.8108
11459,1.8059
11462,1.8092
11465,1.8067
11468,1.8084
11471,1.8140
11474,1.8092
11477,1.8067
11480,1.8059
11483,1.8075
11486,1.8092
11497,1.8051
11500,1.8067
11503,1.8051
11506,1.8043
11509,1.8140
11512,1.8019
11515,1.8156
11518,1.8059
11521,1.8092
11524,1.8132
11527,1.8059
11530,1.8084
11533,1.8067
11536,1.8059
11539,1.8108
11542,1.8051
11545,1.8051
11548,1.8059
11551,1.8051
11554,1.8059
11557,1.8059
11560,1.8092
11563,1.8140
11566,1.8059
11569,1.8059
11572,1.8092
11575,1.8067
11578,1.8019
11581,1.8075
11584,1.8051
11587,1.8067
11598,1.8059
11601,1.8067
11604,1.8092
11607,1.8067
11610,1.8051
11613,1.8124
11616,1.8092
11619,1.8043
11622,1.8043
11625,1.8124
11628,1.8084
11631,1.8067
11634,1.8043
11637,1.8067
11640,1.8084
11643,1.8092
11646,1.8003
11649,1.8084
11652,1.8067
11655,1.8108
11658,1.8035
11661,1.8051
11664,1.8124
11667,1.8067
11670,1.8156
11673,1.8075
11676,1.8027
11679,1.8043
11682,1.8100
11685,1.8075
11688,1.8124
11699,1.8051
11702,1.8180
11705,1.8100
11708,1.8156
11711,1.8051
11714,1.8019
11717,1.8132
11720,1.8075
11723,1.8092
11726,1.8051
11729,1.8075
11732,1.8067
11735,1.8067
11738,1.8051
11741,1.8075
11744,1.8051
11747,1.8035
11750,1.8051
11753,1.8043
11756,1.8075
11759,1.8108
11762,1.8011
11765,1.8035
11768,1.8108
11771,1.8075
11774,1.8092
11777,1.8075
11780,1.8148
11783,1.8067
11786,1.8100
11789,1.8156
11800,1.8108
11803,1.8140
11806,1.8075
11809,1.8067
11812,1.8100
11815,1.8035
11818,1.8084
11821,1.8059
11824,1.8035
11827,1.8027
11830,1.8140
11833,1.8100
11836,1.8043
11839,1.8011
11842,1.8075
11845,1.8067
11848,1.8051
11851,1.8092
11854,1.8043
11857,1.8043
11860,1.8092
11863,1.8140
11866,1.8059
11869,1.8067
11872,1.8100
11875,1.8043
11878,1.8043
11881,1.8132
11884,1.8027
11887,1.8075
11890,1.8075
11901,1.8067
11904,1.8051
11907,1.8067
11910,1.8027
11913,1.8075
11916,1.8067
11919,1.8132
11922,1.8043
11925,1.8059
11928,1.8051
11931,1.8124
11934,1.8084
11937,1.8035
11940,1.8067
11943,1.8092
11946,1.8092
11949,1.8075
11952,1.8140
11955,1.8059
11958,1.8092
11961,1.8092
11964,1.8100
11967,1.8067
11970,1.8067
11973,1.8067
11976,1.8043
11979,1.8092
11982,1.8059
11985,1.8067
11988,1.8100
11991,1.8092
12002,1.8132
12005,1.8059
12008,1.8035
12011,1.8075
12014,1.8100
12017,1.8027
12020,1.8043
12023,1.8092
12026,1.8100
12029,1.8132
12032,1.8132
12035,1.8124
12038,1.8067
12041,1.8067
12044,1.8092
12047,1.8043
12050,1.8043
12053,1.8124
12056,1.8108
12059,1.8108
12062,1.8067
12065,1.8108
12068,1.8043
12078,1.8092
12081,1.8043
12084,1.8100
12087,1.7834
12090,1.8180
12093,1.8059
12096,1.8100
12099,1.8051
12102,1.8051
12105,1.8108
12108,1.8124
12111,1.8059
12114,1.8067
12117,1.8067
12120,1.8100
12123,1.8092
12126,1.8067
12129,1.8148
12139,1.8067
12142,1.8075
12145,1.8092
12148,1.8027
12151,1.8051
12154,1.8075
12157,1.8100
12160,1.8059
12163,1.8132
12166,1.8084
12169,1.8043
12172,1.8100
12175,1.8100
12178,1.8051
12181,1.8059
12184,1.8140
12187,1.8051
12190,1.8051
12193,1.8075
12203,1.8051
12206,1.8075
12209,1.8027
12212,1.8051
12215,1.8059
12218,1.8108
12221,1.8132
12224,1.8067
12227,1.8100
12230,1.8092
12233,1.8075
12236,1.8084
12239,1.8108
12242,1.8075
12245,1.8100
12248,1.8108
12251,1.8043
12254,1.8075
12257,1.8067
12268,1.8100
12271,1.8067
12274,1.8043
12277,1.8051
12280,1.8132
12283,1.8100
12286,1.8100
12289,1.8148
12292,1.8092
12295,1.8075
12298,1.8051
12301,1.8067
12304,1.8051
12307,1.8043
12310,1.8059
12313,1.8051
12316,1.8092
12319,1.8100
12322,1.8051
12325,1.8051
12336,1.8140
12339,1.8075
12342,1.8100
12345,1.8043
12348,1.8172
12351,1.8140
12354,1.8092
12357,1.8059
12360,1.8100
12363,1.8067
12366,1.8100
12369,1.8092
12372,1.8051
12375,1.8043
12378,1.8301
12381,1.8011
12384,1.8051
12387,1.8092
12390,1.8092
12393,1.8132
12404,1.8035
12407,1.8100
12410,1.8100
12413,1.8059
12416,1.8059
12419,1.8043
12422,1.8075
12425,1.8075
12428,1.8019
12431,1.8075
12434,1.8092
12437,1.8100
12440,1.8035
12443,1.8108
12446,1.8172
12449,1.8059
12452,1.8075
12455,1.8059
12458,1.8229
12461,1.8059
12472,1.8084
12475,1.8132
12478,1.8067
12481,1.8132
12484,1.8462
12487,1.8075
12490,1.8059
12493,1.8067
12496,1.8051
12499,1.8059
12502,1.8075
12505,1.8092
12508,1.8051
12511,1.8051
12514,1.8108
12517,1.8027
12520,1.8027
12523,1.8059
12526,1.8092
12529,1.8075
12540,1.8059
12543,1.8075
12546,1.8092
12549,1.8051
12552,1.8059
12555,1.8027
12558,1.8075
12561,1.8051
12564,1.8067
12567,1.8067
12570,1.7971
12573,1.8067
12576,1.8140
12579,1.8043
12582,1.8059
12585,1.8059
12588,1.8043
12591,1.8092
12594,1.8075
12597,1.8059
12608,1.8067
12611,1.8067
12614,1.8059
12617,1.8108
12620,1.8075
12623,1.8116
12626,1.8092
12629,1.8043
12632,1.8035
12635,1.8067
12638,1.8043
12641,1.8067
12644,1.8059
12647,1.8067
12650,1.8059
12653,1.8075
12656,1.8100
12659,1.8092
12662,1.8059
12665,1.8059
12676,1.8156
12679,1.8092
12682,1.8051
12685,1.8075
12688,1.8148
12691,1.8051
12694,1.8100
12697,1.8043
12700,1.8051
12703,1.8075
12706,1.8067
12709,1.8084
12712,1.8132
12715,1.8011
12718,1.8051
12721,1.8132
12724,1.8043
12727,1.8067
12730,1.8067
12733,1.8140
12744,1.8051
12747,1.8011
12750,1.8067
12753,1.8100
12756,1.8059
12759,1.8027
12762,1.8051
12765,1.8092
12768,1.8124
12771,1.8051
12774,1.8100
12777,1.8132
12780,1.8051
12783,1.8067
12786,1.8172
12789,1.8092
12792,1.8084
12795,1.8140
12798,1.8075
12801,1.8148
12812,1.8116
12815,1.8172
12818,1.8051
12821,1.8059
12824,1.8092
12827,1.8075
12830,1.8108
12833,1.8092
12836,1.8124
12839,1.8027
12842,1.8132
12845,1.8092
12848,1.8092
12851,1.8108
12854,1.8067
12857,1.8156
12860,1.8084
12863,1.8059
12866,1.8172
12869,1.8108
12880,1.8003
12883,1.8092
12886,1.8124
12889,1.8051
12892,1.8108
12895,1.8092
12898,1.8124
12901,1.8075
12904,1.8067
12907,1.8108
12910,1.8108
12913,1.8067
12916,1.8051
12919,1.8084
12922,1.8027
12925,1.8148
12928,1.8051
12931,1.8092
12934,1.8084
12937,1.8067
12948,1.8132
12951,1.8051
12954,1.7987
12957,1.8059
12960,1.8156
12963,1.8067
12966,1.8043
12969,1.8092
12972,1.8092
12975,1.8043
12978,1.8075
12981,1.8043
12984,1.8051
12987,1.8043
12990,1.8051
12993,1.8108
12996,1.8140
12999,1.8132
13002,1.8075
13005,1.8067
13016,1.8092
13019,1.8067
13022,1.8051
13025,1.8051
13028,1.8132
13031,1.8132
13034,1.8092
13037,1.8116
13040,1.8043
13043,1.8059
13046,1.8067
13049,1.8059
13052,1.8092
13055,1.8043
13058,1.8092
13061,1.8075
13064,1.8051
13067,1.8100
13070,1.8059
13073,1.8075
13084,1.8084
13087,1.8696
13090,1.8092
13093,1.8092
13096,1.8140
13099,1.8067
13102,1.8067
13105,1.8051
13108,1.8051
13111,1.8051
13114,1.8075
13117,1.8092
13120,1.8027
13123,1.8075
13126,1.8035
13129,1.8100
13132,1.8092
13135,1.8067
13138,1.8108
13141,1.8092
13152,1.8100
13155,1.8108
13158,1.8092
13161,1.8100
13164,1.8100
13167,1.8051
13170,1.8067
13173,1.8132
13176,1.8084
13179,1.8092
13182,1.8100
13185,1.8035
13188,1.8124
13191,1.8140
13194,1.8108
13197,1.8059
13200,1.8051
13203,1.8067
13206,1.8067
13209,1.8092
13220,1.8059
13223,1.8100
13226,1.8075
13229,1.8067
13232,1.8075
13235,1.8124
13238,1.8043
13241,1.8100
13244,1.8075
13247,1.8051
13250,1.8092
13253,1.8059
13256,1.8059
13259,1.8084
13262,1.8067
13265,1.8108
13268,1.8092
13271,1.8067
13274,1.8124
13277,1.8059
13288,1.8067
13291,1.8059
13294,1.8051
13297,1.8084
13300,1.8027
13303,1.8108
13306,1.8132
13309,1.8075
13312,1.8084
13315,1.8011
13318,1.8092
13321,1.8059
13324,1.8092
13327,1.8124
13330,1.8067
13333,1.8100
13336,1.8043
13339,1.8019
13342,1.8092
13345,1.8124
13356,1.8035
13359,1.8108
13362,1.8067
13365,1.8196
13368,1.8059
13371,1.8132
13374,1.8164
13377,1.8035
13380,1.8075
13383,1.8067
13386,1.8059
13389,1.8140
13392,1.8132
13395,1.8132
13398,1.8075
13401,1.8075
13404,1.8075
13407,1.8092
13410,1.8092
13413,1.8132
13424,1.8092
13427,1.8511
13430,1.8059
13433,1.8100
13436,1.8092
13439,1.8180
13442,1.8051
13445,1.8043
13448,1.8317
13451,1.8132
13454,1.8108
13457,1.8084
13460,1.8027
13463,1.8027
13466,1.8124
13469,1.8059
13472,1.8116
13475,1.8092
13478,1.8043
13481,1.8067
13492,1.8132
13495,1.8075
13498,1.8035
13501,1.8003
13504,1.8059
13507,1.8108
13510,1.8035
13513,1.8059
13516,1.8075
13519,1.8075
13522,1.8075
13525,1.8035
13528,1.8051
13531,1.8035
13534,1.8108
13537,1.8108
13540,1.8019
13543,1.8092
13546,1.8059
13549,1.8067
13560,1.8067
13563,1.8059
13566,1.8019
13569,1.8092
13572,1.8067
13575,1.8156
13578,1.8075
13581,1.8011
13584,1.8084
13587,1.8075
13590,1.8067
13593,1.8543
13596,1.8059
13599,1.8067
13602,1.8043
13605,1.8011
13608,1.8067
13611,1.8108
13614,1.8067
13617,1.8075
13628,1.8027
13631,1.8108
13634,1.8132
13637,1.7930
13640,1.8092
13643,1.8051
13646,1.8067
13649,1.8075
13652,1.8092
13655,1.8075
13658,1.8075
13661,1.8067
13664,1.8059
13667,1.8092
13670,1.8156
13673,1.8108
13676,1.8051
13679,1.8051
13682,1.8035
13685,1.8092
13696,1.8108
13699,1.6979
13702,1.8084
13705,1.8059
13708,1.7938
13711,1.8084
13714,1.8100
13717,1.8051
13720,1.8067
13723,1.8100
13726,1.8075
13729,1.8124
13732,1.8043
13735,1.8100
13738,1.8059
13741,1.8132
13744,1.8148
13747,1.8092
13750,1.8027
13753,1.8132
13764,1.8027
13767,1.8108
13770,1.7834
13773,1.8059
13776,1.8084
13779,1.8003
13782,1.8116
13785,1.8051
13788,1.8059
13791,1.8100
13794,1.8051
13797,1.8084
13800,1.8011
13803,1.8035
13806,1.8043
13809,1.8108
13812,1.8100
13815,1.8067
13818,1.8051
13821,1.7922
13832,1.8027
13835,1.8100
13838,1.8100
13841,1.8051
13844,1.8075
13847,1.8019
13850,1.8051
13853,1.8051
13856,1.8124
13859,1.8051
13862,1.8100
13865,1.8067
13868,1.8067
13871,1.8156
13874,1.8132
13877,1.8067
13880,1.8051
13883,1.8067
13886,1.8067
13889,1.8100
13900,1.8067
13903,1.8027
13906,1.8059
13909,1.8100
13912,1.8059
13915,1.8108
13918,1.8051
13921,1.8067
13924,1.8092
13927,1.8132
13930,1.8051
13933,1.8019
13936,1.8100
13939,1.8051
13942,1.8172
13945,1.8092
13948,1.8011
13951,1.8051
13954,1.8075
13957,1.7979
13968,1.8043
13971,1.8108
13974,1.8100
13977,1.8116
13980,1.8043
13983,1.8059
13986,1.8092
13989,1.8035
13992,1.8075
13995,1.8043
13998,1.8051
14001,1.8059
14004,1.8124
14007,1.8051
14010,1.8092
14013,1.8100
14016,1.8043
14019,1.8132
14022,1.8051
14025,1.8059
14028,1.8084
14031,1.8059
14042,1.8059
14045,1.8084
14048,1.8019
14051,1.8084
14054,1.8067
14057,1.8051
14060,1.8124
14063,1.8043
14066,1.8059
14069,1.8059
14072,1.8132
14075,1.8075
14078,1.8084
14081,1.8059
14084,1.8108
14087,1.8059
14090,1.8067
14093,1.8043
14096,1.8092
14099,1.8092
14102,1.8043
14105,1.8035
14108,1.8084
14111,1.8100
14114,1.8156
14117,1.8100
14120,1.8051
14123,1.8019
14126,1.8075
14129,1.8100
14132,1.8116
14143,1.8067
14146,1.8156
14149,1.8100
14152,1.8092
14155,1.8140
14158,1.7979
14161,1.8100
14164,1.8051
14167,1.8156
14170,1.8092
14173,1.8051
14176,1.8059
14179,1.8043
14182,1.8043
14185,1.8108
14188,1.8108
14191,1.8075
14194,1.8100
14197,1.8075
14200,1.8075
14203,1.8051
14206,1.8035
14209,1.8051
14212,1.8108
14215,1.8035
14218,1.8067
14221,1.8051
14224,1.8084
14227,1.8067
14230,1.8100
14233,1.8059
14236,1.8059
14247,1.8035
14250,1.8100
14253,1.8084
14256,1.8051
14259,1.8051
14262,1.8084
14265,1.8148
14268,1.8043
14271,1.8084
14274,1.8084
14277,1.8075
14280,1.8059
14283,1.8100
14286,1.8011
14289,1.8084
14292,1.8132
14295,1.8108
14298,1.8067
14301,1.8067
14304,1.8172
14307,1.8108
14310,1.8067
14313,1.8035
14316,1.8043
14319,1.8156
14322,1.8059
14325,1.8035
14328,1.8075
14331,1.8067
14334,1.8108
14337,1.8051
14348,1.8059
14351,1.8140
14354,1.8051
14357,1.8100
14360,1.8075
14363,1.8100
14366,1.8100
14369,1.8051
14372,1.8100
14375,1.8092
14378,1.8035
14381,1.8092
14384,1.8043
14387,1.8075
14390,1.8075
14393,1.8051
14396,1.8124
14399,1.8100
14402,1.8051
14405,1.8108
14408,1.8027
14411,1.8059
14414,1.8092
14417,1.8075
14420,1.8067
14423,1.8108
14426,1.7495
14429,1.8067
14432,1.8051
14435,1.8051
14438,1.8470
14441,1.8067
14452,1.8132
14455,1.8075
14458,1.8027
14461,1.8043
14464,1.8075
14467,1.8059
14470,1.8148
14473,1.8084
14476,1.8067
14479,1.8132
14482,1.8124
14485,1.8051
14488,1.8108
14491,1.8043
14494,1.8051
14497,1.8051
14500,1.8100
14503,1.8140
14506,1.8180
14509,1.8100
14512,1.8156
14515,1.8132
14518,1.8092
14521,1.8059
14524,1.8027
14527,1.8092
14530,1.8100
14533,1.8043
14536,1.8051
14539,1.8092
14542,1.8075
14553,1.8092
14556,1.8172
14559,1.8124
14562,1.8059
14565,1.8108
14568,1.8051
14571,1.8156
14574,1.8067
14577,1.8051
14580,1.8108
14583,1.8140
14586,1.8092
14589,1.8075
14592,1.8059
14595,1.8140
14598,1.8067
14601,1.8075
14604,1.8075
14607,1.8059
14610,1.8100
14613,1.8092
14616,1.8051
14619,1.8108
14622,1.8092
14625,1.8059
14628,1.8067
14631,1.8075
14634,1.8067
14637,1.8092
14640,1.8180
14643,1.8092
14654,1.8100
14657,1.8132
14660,1.8075
14663,1.8075
14666,1.8067
14669,1.8075
14672,1.8140
14675,1.8084
14678,1.8003
14681,1.8067
14684,1.8108
14687,1.8067
14690,1.8075
14693,1.8051
14696,1.8100
14699,1.8108
14702,1.8100
14705,1.8075
14708,1.8059
14711,1.8100
14714,1.8051
14717,1.8156
14720,1.8092
14723,1.8100
14726,1.8092
14729,1.8124
14732,1.8333
14735,1.8051
14738,1.8075
14741,1.8067
14744,1.8035
14755,1.8075
14758,1.8051
14761,1.8059
14764,1.8108
14767,1.8075
14770,1.8067
14773,1.8043
14776,1.8100
14779,1.8108
14782,1.7947
14785,1.8075
14788,1.8100
14791,1.8051
14794,1.8132
14797,1.8067
14800,1.8059
14803,1.8051
14806,1.8067
14809,1.8067
14812,1.8140
14815,1.8075
14818,1.8067
14821,1.8124
14824,1.8043
14827,1.8067
14830,1.8100
14833,1.8067
14836,1.8043
14839,1.8075
14842,1.8051
14845,1.8084
14848,1.8108
14859,1.8124
14862,1.8084
14865,1.8035
14868,1.8051
14871,1.8043
14874,1.8084
14877,1.8092
14880,1.8067
14883,1.8051
14886,1.8043
14889,1.8051
14892,1.8075
14895,1.8067
14898,1.8092
14901,1.8100
14904,1.8075
14907,1.8108
14910,1.8059
14913,1.8051
14916,1.8067
14919,1.8092
14922,1.8059
14925,1.8164
14928,1.8043
14931,1.8059
14934,1.8084
14937,1.8156
14940,1.8075
14943,1.8156
14946,1.8043
14949,1.8075
14960,1.8059
14963,1.8043
14966,1.8027
14969,1.8075
14972,1.8092
14975,1.8100
14978,1.8124
14981,1.8051
14984,1.8100
14987,1.8075
14990,1.8084
14993,1.8092
14996,1.8067
14999,1.8051
15002,1.8051
15005,1.8019
15008,1.8035
15011,1.8100
15014,1.8051
15017,1.8140
15020,1.8075
15023,1.8067
15026,1.8075
15029,1.8124
15032,1.8140
15035,1.8075
15038,1.8092
15041,1.8067
15044,1.8100
15047,1.8124
15050,1.8067
15061,1.8132
15064,1.8108
15067,1.8132
15070,1.8059
15073,1.8084
15076,1.8067
15079,1.8051
15082,1.8051
15085,1.8124
15088,1.8124
15091,1.8100
15094,1.8067
15097,1.8051
15100,1.8067
15103,1.8051
15106,1.8164
15109,1.8092
15112,1.8132
15115,1.8148
15118,1.8067
15121,1.8067
15124,1.8051
15127,1.8092
15130,1.8108
15133,1.8092
15136,1.8124
15139,1.8043
15142,1.8043
15145,1.8156
15148,1.8051
15151,1.8100
15162,1.8092
15165,1.8043
15168,1.8108
15171,1.8156
15174,1.8043
15177,1.8075
15180,1.8092
15183,1.8092
15186,1.8100
15189,1.8140
15192,1.8100
15195,1.8067
15198,1.8051
15201,1.8043
15204,1.8043
15207,1.8092
15210,1.8043
15213,1.8027
15216,1.8067
15219,1.8092
15222,1.8140
15225,1.8092
15228,1.8075
15231,1.8059
15234,1.8059
15237,1.8051
15240,1.8092
15243,1.8156
15246,1.8019
15249,1.8100
15252,1.8140
15263,1.8132
15266,1.8059
15269,1.8051
15272,1.8075
15275,1.8043
15278,1.8084
15281,1.8067
15284,1.8051
15287,1.8132
15290,1.8067
15293,1.8059
15296,1.8092
15299,1.8035
15302,1.8043
15305,1.8132
15308,1.8075
15311,1.8051
15314,1.8075
15317,1.8059
15320,1.8124
15323,1.8059
15326,1.8043
15329,1.8108
15332,1.8100
15335,1.8108
15338,1.8059
15341,1.8100
15344,1.8092
15347,1.8051
15350,1.8100
15353,1.8084
15364,1.8051
15367,1.8172
15370,1.8092
15373,1.8059
15376,1.8051
15379,1.8075
15382,1.8100
15385,1.8059
15388,1.8108
15391,1.8084
15394,1.8124
15397,1.8108
15400,1.8067
15403,1.8059
15406,1.8043
15409,1.8067
15412,1.8140
15415,1.8003
15418,1.8051
15421,1.8156
15424,1.8075
15427,1.8051
15430,1.8067
15433,1.8124
15436,1.8084
15439,1.8108
15442,1.8092
15445,1.8051
15448,1.8092
15451,1.8084
15454,1.8051
15465,1.8051
15468,1.7818
15471,1.8084
15474,1.8132
15477,1.8011
15480,1.8051
15483,1.8043
15486,1.8043
15489,1.8075
15492,1.8124
15495,1.8108
15498,1.8067
15501,1.8067
15504,1.8027
15507,1.8075
15510,1.8132
15513,1.8100
15516,1.8092
15519,1.8108
15522,1.8059
15525,1.8035
15528,1.7995
15531,1.8156
15534,1.8100
15537,1.8084
15540,1.8108
15543,1.8011
15546,1.8067
15549,1.8059
15552,1.8084
15555,1.8003
15558,1.8390
15569,1.8084
15572,1.8059
15575,1.8051
15578,1.8011
15581,1.8075
15584,1.8116
15587,1.8051
15590,1.8084
15593,1.8116
15596,1.8059
15599,1.8075
15602,1.8075
15605,1.8108
15608,1.8067
15611,1.8075
15614,1.8059
15617,1.8043
15620,1.7995
15623,1.8051
15626,1.8092
15629,1.8051
15632,1.8011
15635,1.8067
15638,1.8067
15641,1.8108
15644,1.8051
15647,1.8067
15650,1.8043
15653,1.8035
15656,1.8059
15659,1.8075
15662,1.8108
15673,1.8075
15676,1.8092
15679,1.8092
15682,1.8132
15685,1.8124
15688,1.8100
15691,1.8043
15694,1.8043
15697,1.8051
15700,1.8059
15703,1.8059
15706,1.8067
15709,1.8059
15712,1.8075
15715,1.8075
15718,1.8043
15721,1.8067
15724,1.8108
15727,1.8075
15730,1.8092
15733,1.8075
15736,1.8059
15739,1.8043
15742,1.8059
15745,1.8043
15748,1.8027
15751,1.8100
15754,1.8059
15757,1.8067
15760,1.8132
15763,1.8003
15774,1.8027
15777,1.8108
15780,1.8043
15783,1.8043
15786,1.8051
15789,1.8075
15792,1.8075
15795,1.8108
15798,1.8108
15801,1.8075
15804,1.8140
15807,1.8108
15810,1.8059
15813,1.8059
15816,1.8092
15819,1.8043
15822,1.8067
15825,1.8084
15828,1.8059
15831,1.8100
15834,1.8100
15837,1.8132
15840,1.8124
15843,1.8100
15846,1.8100
15849,1.8059
15852,1.8051
15855,1.8084
15858,1.8075
15861,1.8051
15864,1.8092
15875,1.7971
15878,1.8092
15881,1.8067
15884,1.8092
15887,1.7979
15890,1.8027
15893,1.8059
15896,1.8124
15899,1.8051
15902,1.8156
15905,1.7656
15908,1.8067
15911,1.8051
15914,1.8051
15917,1.8100
15920,1.8051
15923,1.8075
15926,1.8092
15929,1.8180
15932,1.8043
15935,1.8108
15938,1.8059
15941,1.8051
15944,1.8051
15947,1.8140
15950,1.8075
15953,1.7947
15956,1.8108
15959,1.8075
15962,1.8051
15965,1.8108
15968,1.8043
15971,1.8051
15982,1.7519
15985,1.8043
15988,1.8067
15991,1.8100
15994,1.8075
15997,1.8059
16000,1.8100
16003,1.8124
16006,1.8051
16009,1.8067
16012,1.8059
16015,1.8075
16018,1.8043
16021,1.8075
16024,1.8051
16027,1.8132
16030,1.8051
16033,1.8059
16036,1.8108
16039,1.8051
16042,1.8075
16045,1.8051
16048,1.8051
16051,1.8100
16054,1.8011
16065,1.8075
16068,1.8124
16071,1.8059
16074,1.7995
16077,1.8075
16080,1.8075
16083,1.8132
16086,1.8067
16089,1.8100
16092,1.8051
16095,1.8132
16098,1.8100
16101,1.8092
16104,1.8108
16107,1.8172
16110,1.8092
16113,1.8156
16116,1.8075
16119,1.8043
16122,1.8140
16133,1.8100
16136,1.8019
16139,1.8051
16142,1.8051
16145,1.8075
16148,1.8075
16151,1.8067
16154,1.8051
16157,1.8035
16160,1.8043
16163,1.8108
16166,1.8092
16169,1.8059
16172,1.8092
16175,1.8067
16178,1.8084
16181,1.8092
16184,1.8084
16187,1.8092
16190,1.8027
16201,1.8124
16204,1.8092
16207,1.8092
16210,1.8092
16213,1.8051
16216,1.8035
16219,1.8067
16222,1.7995
16225,1.7979
16228,1.8043
16231,1.8140
16234,1.8092
16237,1.8027
16240,1.8100
16243,1.8067
16246,1.8092
16249,1.8027
16252,1.8059
16255,1.8075
16258,1.8043
16269,1.8043
16272,1.8075
16275,1.8075
16278,1.8051
16281,1.8075
16284,1.8132
16287,1.8027
16290,1.8124
16293,1.8100
16296,1.8051
16299,1.8084
16302,1.7922
16305,1.8043
16308,1.8027
16311,1.8043
16314,1.8075
16317,1.8092
16320,1.8084
16323,1.8132
16326,1.7874
16337,1.8051
16340,1.8011
16343,1.8100
16346,1.8132
16349,1.8075
16352,1.8084
16355,1.8059
16358,1.8132
16361,1.8075
16364,1.8124
16367,1.8075
16370,1.8059
16373,1.8108
16376,1.8067
16379,1.8140
16382,1.8084
16385,1.8124
16388,1.8059
16391,1.8075
16394,1.8108
16405,1.8124
16408,1.8438
16411,1.8059
16414,1.8051
16417,1.8084
16420,1.8180
16423,1.8051
16426,1.8075
16429,1.8067
16432,1.8084
16435,1.8059
16438,1.8100
16441,1.8067
16444,1.8035
16447,1.8043
16450,1.8067
16453,1.8067
16456,1.8132
16459,1.8043
16462,1.8132
16473,1.8092
16476,1.8100
16479,1.8059
16482,1.8035
16485,1.8108
16488,1.8059
16491,1.8108
16494,1.8075
16497,1.8084
16500,1.8075
16503,1.8100
16506,1.8035
16509,1.8124
16512,1.8108
16515,1.8067
16518,1.8124
16521,1.8108
16524,1.8051
16527,1.8027
16530,1.8092
16541,1.8084
16544,1.8075
16547,1.8075
16550,1.8140
16553,1.8067
16556,1.8067
16559,1.8075
16562,1.8132
16565,1.8035
16568,1.8092
16571,1.8027
16574,1.8067
16577,1.8075
16580,1.8067
16583,1.8092
16586,1.8051
16589,1.8027
16592,1.8075
16595,1.8051
16598,1.8156
16609,1.8059
16612,1.7133
16615,1.8092
16618,1.8084
16621,1.8043
16624,1.8043
16627,1.8092
16630,1.8067
16633,1.8059
16636,1.8059
16639,1.8075
16642,1.7914
16645,1.8100
16648,1.8059
16651,1.8084
16654,1.8059
16657,1.8043
16660,1.8075
16663,1.8084
16666,1.8124
16677,1.8067
16680,1.8075
16683,1.8067
16686,1.8092
16689,1.8059
16692,1.8092
16695,1.8092
16698,1.8108
16701,1.8051
16704,1.8156
16707,1.8075
16710,1.8035
16713,1.8051
16716,1.8092
16719,1.8059
16722,1.8108
16725,1.8051
16728,1.8084
16731,1.8035
16734,1.8043
16745,1.8075
16748,1.8035
16751,1.8092
16754,1.8067
16757,1.8067
16760,1.8108
16763,1.8092
16766,1.8051
16769,1.8059
16772,1.8140
16775,1.8075
16778,1.8067
16781,1.8051
16784,1.8059
16787,1.8092
16790,1.8100
16793,1.8092
16796,1.8124
16799,1.8067
16802,1.8075
16813,1.8100
16816,1.8075
16819,1.8027
16822,1.8075
16825,1.8027
16828,1.8108
16831,1.8092
16834,1.8108
16837,1.8132
16840,1.8100
16843,1.8067
16846,1.8092
16849,1.8067
16852,1.8108
16855,1.8059
16858,1.8051
16861,1.8140
16864,1.8132
16867,1.8084
16870,1.8027
16881,1.8108
16884,1.8108
16887,1.8067
16890,1.8124
16893,1.8100
16896,1.8035
16899,1.7995
16902,1.8092
16905,1.8108
16908,1.8108
16911,1.8092
16914,1.8108
16917,1.8059
16920,1.8059
16923,1.8156
16926,1.8043
16929,1.8075
16932,1.8075
16935,1.8100
16938,1.8156
16949,1.8075
16952,1.8075
16955,1.8140
16958,1.8108
16961,1.8075
16964,1.8051
16967,1.8108
16970,1.8059
16973,1.8100
16976,1.8084
16979,1.8051
16982,1.8108
16985,1.8067
16988,1.8067
16991,1.8164
16994,1.8035
16997,1.8051
17000,1.8067
17003,1.8100
17006,1.8011
17017,1.8043
17020,1.8075
17023,1.8092
17026,1.8108
17029,1.8075
17032,1.8092
17035,1.8051
17038,1.8140
17041,1.8075
17044,1.8067
17047,1.8092
17050,1.7914
17053,1.8075
17056,1.8075
17059,1.8172
17062,1.8108
17065,1.8156
17068,1.8172
17071,1.8092
17074,1.8092
17085,1.8075
17088,1.8100
17091,1.8003
17094,1.8035
17097,1.8035
17100,1.8092
17103,1.8092
17106,1.8092
17109,1.8100
17112,1.8059
17115,1.8075
17118,1.8615
17121,1.8067
17124,1.8075
17127,1.8092
17130,1.8180
17133,1.8051
17136,1.8075
17139,1.8108
17142,1.8051
17153,1.8059
17156,1.8108
17159,1.8067
17162,1.8092
17165,1.8100
17168,1.8043
17171,1.8075
17174,1.8059
17177,1.8067
17180,1.8092
17183,1.8067
17186,1.8132
17189,1.8132
17192,1.8059
17195,1.8100
17198,1.8140
17201,1.8043
17204,1.8156
17207,1.8059
17210,1.8092
17221,1.8084
17224,1.8043
17227,1.7930
17230,1.8092
17233,1.8092
17236,1.8059
17239,1.8075
17242,1.8092
17245,1.8051
17248,1.8164
17251,1.8051
17254,1.8132
17257,1.8132
17260,1.8051
17263,1.8059
17266,1.8100
17269,1.8140
17272,1.8124
17275,1.8043
17278,1.8059
17289,1.8180
17292,1.8092
17295,1.8067
17298,1.8124
17301,1.8100
17304,1.8075
17307,1.8051
17310,1.8051
17313,1.8051
17316,1.8059
17319,1.8084
17322,1.8075
17325,1.8148
17328,1.8100
17331,1.8092
17334,1.8108
17337,1.8108
17340,1.8043
17343,1.8051
17346,1.8108
17357,1.8108
17360,1.8051
17363,1.7947
17366,1.8132
17369,1.8075
17372,1.8148
17375,1.8092
17378,1.8075
17381,1.8100
17384,1.8092
17387,1.8043
17390,1.8051
17393,1.8124
17396,1.8035
17399,1.8059
17402,1.7971
17405,1.8124
17408,1.8059
17411,1.8059
17414,1.8051
17425,1.8075
17428,1.8067
17431,1.8059
17434,1.8092
17437,1.8051
17440,1.8132
17443,1.8059
17446,1.8051
17449,1.8067
17452,1.8140
17455,1.8035
17458,1.8067
17461,1.8051
17464,1.8059
17467,1.8092
17470,1.8059
17473,1.8132
17476,1.7922
17479,1.8059
17482,1.8124
17493,1.8075
17496,1.8124
17499,1.8140
17502,1.8092
17505,1.8108
17508,1.8092
17511,1.8067
17514,1.8092
17517,1.8043
17520,1.8043
17523,1.8019
17526,1.8027
17529,1.8059
17532,1.8059
17535,1.8156
17538,1.8108
17541,1.8075
17544,1.8092
17547,1.8067
17550,1.8067
17561,1.8100
17564,1.8059
17567,1.8140
17570,1.8067
17573,1.8100
17576,1.8067
17579,1.8051
17582,1.8100
17585,1.8116
17588,1.8043
17591,1.8108
17594,1.8051
17597,1.8108
17600,1.8059
17603,1.8084
17606,1.8051
17609,1.8051
17612,1.8067
17615,1.8051
17618,1.8100
17629,1.8108
17632,1.8051
17635,1.8051
17638,1.7995
17641,1.8059
17644,1.8084
17647,1.8100
17650,1.8075
17653,1.8051
17656,1.8180
17659,1.8051
17662,1.8011
17665,1.8108
17668,1.8043
17671,1.8051
17674,1.8108
17677,1.8051
17680,1.8027
17683,1.8067
17686,1.8092
17697,1.8092
17700,1.8092
17703,1.8043
17706,1.8092
17709,1.8011
17712,1.8051
17715,1.8100
17718,1.8011
17721,1.8067
17724,1.8108
17727,1.8108
17730,1.8059
17733,1.8100
17736,1.8059
17739,1.8059
17742,1.8067
17745,1.8108
17748,1.8059
17751,1.8140
17754,1.8035
17765,1.8100
17768,1.8059
17771,1.8092
17774,1.8084
17777,1.8108
17780,1.8019
17783,1.8067
17786,1.8124
17789,1.8067
17792,1.8051
17795,1.8075
17798,1.8132
17801,1.8108
17804,1.8132
17807,1.8059
17810,1.8140
17813,1.8075
17816,1.8067
17819,1.8059
17822,1.8108
17833,1.8043
17836,1.8051
17839,1.8035
17842,1.8084
17845,1.8027
17848,1.8051
17851,1.8075
17854,1.8124
17857,1.8067
17860,1.8140
17863,1.8124
17866,1.8108
17869,1.8075
17872,1.8059
17875,1.8051
17878,1.8051
17881,1.8140
17884,1.8084
17887,1.8043
17890,1.8108
17901,1.8075
17904,1.8051
17907,1.8124
17910,1.8051
17913,1.8059
17916,1.8084
17919,1.8092
17922,1.8100
17925,1.8067
17928,1.8100
17931,1.8100
17934,1.8156
17937,1.8051
17940,1.8059
17943,1.8051
17946,1.8067
17949,1.8059
17952,1.8059
17955,1.8043
17958,1.8067
17969,1.8140
17972,1.8067
17975,1.8092
17978,1.8108
17981,1.8092
17984,1.8075
17987,1.8043
17990,1.8140
17993,1.8092
17996,1.7995
17999,1.8067
18002,1.8067
18005,1.8067
18008,1.8059
18011,1.8059
18014,1.8067
18017,1.8051
18020,1.8100
18023,1.8092
18026,1.8132
18029,1.8027
18039,1.8092
18042,1.8084
18045,1.8092
18048,1.8067
18051,1.8027
18054,1.8027
18057,1.8059
18060,1.8035
18063,1.8051
18066,1.8059
18069,1.8051
18072,1.8043
18075,1.8100
18078,1.7262
18081,1.8051
18084,1.8059
18087,1.8132
18090,1.8092
18093,1.8051
18096,1.8092
18099,1.8067
18102,1.8075
18105,1.8092
18108,1.8108
18111,1.7995
18114,1.8108
18117,1.8084
18120,1.8180
18123,1.8051
18126,1.8116
18137,1.8100
18140,1.8092
18143,1.8067
18146,1.8059
18149,1.8221
18152,1.8043
18155,1.8084
18158,1.8180
18161,1.8043
18164,1.8100
18167,1.8108
18170,1.8043
18173,1.8075
18176,1.8043
18179,1.8172
18182,1.8075
18185,1.8140
18188,1.8075
18191,1.8148
18194,1.8092
18197,1.8067
18200,1.8100
18203,1.8100
18206,1.8084
18209,1.8092
18212,1.8084
18215,1.8148
18218,1.8075
18221,1.8059
18224,1.8059
18227,1.8124
18238,1.8092
18241,1.8043
18244,1.8092
18247,1.8075
18250,1.7930
18253,1.8051
18256,1.8124
18259,1.8051
18262,1.8059
18265,1.8011
18268,1.8156
18271,1.8043
18274,1.8059
18277,1.8075
18280,1.8067
18283,1.8108
18286,1.8043
18289,1.8148
18292,1.8051
18295,1.8092
18298,1.8051
18301,1.8043
18304,1.8124
18307,1.8003
18310,1.8067
18313,1.8164
18316,1.8108
18319,1.8116
18322,1.8164
18325,1.8108
18328,1.8100
18331,1.8092
18342,1.8108
18345,1.8075
18348,1.8051
18351,1.8067
18354,1.8051
18357,1.8092
18360,1.8067
18363,1.8075
18366,1.8100
18369,1.8059
18372,1.8108
18375,1.8092
18378,1.8067
18381,1.8051
18384,1.8092
18387,1.8075
18390,1.8075
18393,1.8043
18396,1.8092
18399,1.8059
18402,1.8084
18405,1.8140
18408,1.8100
18411,1.8067
18414,1.8051
18417,1.8100
18420,1.8075
18423,1.8100
18426,1.8075
18429,1.8027
18432,1.8092
18443,1.8075
18446,1.8067
18449,1.8092
18452,1.8059
18455,1.8108
18458,1.8067
18461,1.8051
18464,1.8108
18467,1.8067
18470,1.8067
18473,1.8084
18476,1.8075
18479,1.8059
18482,1.8092
18485,1.8075
18488,1.8148
18491,1.8043
18494,1.8059
18497,1.8084
18500,1.8092
18503,1.8140
18506,1.8140
18509,1.8059
18512,1.8124
18515,1.8084
18518,1.8124
18521,1.8084
18524,1.8059
18527,1.8132
18530,1.8108
18533,1.8027
18544,1.8043
18547,1.8059
18550,1.8075
18553,1.8043
18556,1.8092
18559,1.8100
18562,1.8075
18565,1.8075
18568,1.8156
18571,1.8156
18574,1.8059
18577,1.8100
18580,1.8043
18583,1.8132
18586,1.8043
18589,1.8124
18592,1.8043
18595,1.8100
18598,1.8075
18601,1.8051
18604,1.8067
18607,1.8100
18610,1.8100
18613,1.8075
18616,1.8116
18619,1.8100
18622,1.8212
18625,1.8108
18628,1.8067
18631,1.8092
18634,1.8067
18645,1.8059
18648,1.7842
18651,1.8067
18654,1.8092
18657,1.8108
18660,1.8156
18663,1.8067
18666,1.8100
18669,1.8108
18672,1.8092
18675,1.8092
18678,1.8059
18681,1.8067
18684,1.8011
18687,1.8051
18690,1.8148
18693,1.8108
18696,1.8067
18699,1.8100
18702,1.8051
18705,1.8092
18708,1.8043
18711,1.8043
18714,1.8011
18717,1.8059
18720,1.8092
18723,1.8100
18726,1.8108
18729,1.8051
18732,1.8100
18735,1.8075
18738,1.8035
18749,1.8140
18752,1.8075
18755,1.8051
18758,1.8059
18761,1.8019
18764,1.8124
18767,1.8108
18770,1.8092
18773,1.8059
18776,1.8059
18779,1.8132
18782,1.8059
18785,1.7971
18788,1.8108
18791,1.8051
18794,1.8051
18797,1.8100
18800,1.8075
18803,1.8035
18806,1.8100
18809,1.8059
18812,1.8075
18815,1.8043
18818,1.8092
18821,1.8059
18824,1.8075
18827,1.8059
18830,1.8140
18833,1.8100
18836,1.8067
18839,1.8075
18842,1.8108
18853,1.8092
18856,1.8075
18859,1.8156
18862,1.8092
18865,1.8075
18868,1.8059
18871,1.7874
18874,1.8059
18877,1.8108
18880,1.8140
18883,1.8092
18886,1.8051
18889,1.8043
18892,1.8100
18895,1.8108
18898,1.8092
18901,1.8067
18904,1.8100
18907,1.8164
18910,1.8059
18913,1.8164
18916,1.8075
18919,1.8051
18922,1.8075
18925,1.8067
18928,1.8084
18931,1.8011
18934,1.8051
18937,1.8051
18940,1.8092
18943,1.8108
18946,1.8059
18957,1.8027
18960,1.7237
18963,1.8084
18966,1.8124
18969,1.8067
18972,1.8116
18975,1.8075
18978,1.8067
18981,1.8075
18984,1.8100
18987,1.8092
18990,1.8067
18993,1.8140
18996,1.8043
18999,1.8108
19002,1.8067
19005,1.8067
19008,1.8100
19011,1.8084
19014,1.8059
19017,1.8067
19020,1.8051
19023,1.8180
19026,1.8051
19029,1.8075
19032,1.8051
19035,1.8059
19038,1.8051
19041,1.8051
19044,1.8075
19047,1.8084
19050,1.8084
19061,1.7995
19064,1.8051
19067,1.8051
19070,1.8124
19073,1.8075
19076,1.8027
19079,1.8100
19082,1.8140
19085,1.8043
19088,1.8051
19091,1.8075
19094,1.8084
19097,1.8108
19100,1.8100
19103,1.8124
19106,1.8075
19109,1.8132
19112,1.8124
19115,1.8108
19118,1.8059
19121,1.8092
19124,1.8059
19127,1.8084
19130,1.8027
19133,1.8092
19136,1.8051
19139,1.8051
19142,1.8043
19145,1.8067
19148,1.8180
19151,1.8027
19154,1.8124
19165,1.8124
19168,1.8124
19171,1.8075
19174,1.8124
19177,1.9212
19180,1.8043
19183,1.8108
19186,1.8108
19189,1.8075
19192,1.8059
19195,1.8124
19198,1.8092
19201,1.8051
19204,1.8124
19207,1.8100
19210,1.8092
19213,1.8108
19216,1.8035
19219,1.7979
19222,1.8043
19225,1.8084
19228,1.8051
19231,1.8100
19234,1.8092
19237,1.8092
