19,0
21,3
23,5
25,7
27,5
29,4
31,3
33,4
35,5
37,5
39,4
41,5
43,5
45,4
47,4
49,5
51,4
53,4
55,5
57,6
59,6
61,7
63,5
65,7
67,5
69,4
71,6
73,4
75,4
77,3
79,5
81,5
83,4
85,4
87,4
89,4
91,4
93,4
95,5
97,3
99,4
101,5
103,3
105,6
107,5
109,7
111,6
113,3
115,4
117,5
119,3
121,5
123,5
125,4
127,4
129,3
131,5
133,4
135,4
137,2
139,5
141,7
143,6
145,3
157,4
159,4
161,4
163,4
165,5
167,4
169,4
171,6
173,6
175,6
177,5
179,4
181,3
183,4
185,3
187,3
189,6
191,5
193,3
195,4
197,6
199,6
201,6
203,5
205,4
207,3
209,4
211,7
213,5
215,4
217,5
219,5
221,7
233,5
235,5
237,8
239,4
241,3
243,4
245,4
247,6
249,6
251,6
253,5
255,6
257,5
259,6
261,4
263,5
265,6
267,5
269,3
271,4
273,4
275,7
277,0
279,4
281,5
283,5
285,6
287,4
289,4
291,5
293,5
295,4
297,5
299,5
311,4
313,3
315,4
317,5
319,3
321,3
323,6
325,3
327,5
329,4
331,5
333,14
335,5
337,5
339,3
341,5
343,4
345,8
347,5
349,6
351,6
353,4
355,4
357,5
359,4
361,4
363,5
365,6
367,4
369,5
371,5
373,4
375,4
387,4
389,4
391,2
393,5
395,4
397,4
399,5
401,4
403,8
405,3
407,3
409,6
411,8
413,7
415,4
417,6
419,10
421,5
423,4
425,5
427,5
429,4
431,3
433,6
435,5
437,6
439,4
441,15
443,7
445,4
447,3
449,3
451,7
463,4
465,3
467,6
469,4
471,4
473,5
475,4
477,4
479,6
481,4
483,6
485,3
487,4
489,4
491,4
493,3
495,8
497,7
499,4
501,4
503,4
505,6
507,7
509,3
511,3
513,4
515,7
517,4
519,3
521,5
523,5
525,3
527,4
539,5
541,6
543,4
545,5
547,7
549,4
551,4
553,4
555,4
557,4
559,4
561,5
563,14
565,4
567,5
569,3
571,3
573,5
575,3
577,4
579,5
581,8
583,3
585,3
587,4
589,4
591,3
593,6
595,6
597,4
599,7
601,3
603,7
615,4
617,5
619,5
621,7
623,2
625,3
627,4
629,4
631,3
633,4
635,4
637,3
639,7
641,4
643,3
645,4
647,8
649,8
651,6
653,4
655,4
657,5
659,4
661,5
663,4
665,3
667,4
669,8
671,5
673,3
675,7
677,5
679,6
681,5
693,3
695,4
697,6
699,4
701,3
703,5
705,5
707,4
709,5
711,5
713,3
715,3
717,3
719,4
721,4
723,5
725,1
727,6
729,6
731,4
733,3
735,5
737,4
739,5
741,3
743,3
745,4
747,4
749,4
751,4
753,4
755,6
757,3
759,3
771,6
773,3
775,4
777,5
779,5
781,4
783,5
785,6
787,4
789,4
791,6
793,4
795,4
797,3
799,6
801,5
803,4
805,4
807,3
809,0
811,3
813,5
815,6
817,4
819,4
821,6
823,3
825,7
827,4
829,3
831,3
833,4
835,4
847,6
849,2
851,4
853,4
855,3
857,4
859,3
861,5
863,5
865,4
867,5
869,6
871,5
873,6
875,4
877,3
879,3
881,4
883,3
885,3
887,8
889,4
891,5
893,4
895,7
897,4
899,4
901,5
903,5
905,7
907,6
909,3
911,8
913,6
925,5
927,5
929,5
931,3
933,7
935,5
937,8
939,3
941,4
943,4
945,4
947,4
949,4
951,3
953,4
955,3
957,3
959,4
961,5
963,3
965,6
967,6
969,5
971,6
973,21
975,5
977,7
979,4
981,3
983,5
985,3
987,4
989,5
1001,4
1003,5
1005,4
1007,3
1009,2
1011,4
1013,3
1015,4
1017,3
1019,4
1021,8
1023,4
1025,3
1027,3
1029,3
1031,4
1033,4
1035,6
1037,3
1039,3
1051,6
1053,4
1055,7
1057,4
1059,6
1061,4
1063,5
1065,4
1067,5
1069,6
1071,4
1073,8
1075,3
1077,3
1079,3
1081,3
1083,3
1085,4
1087,3
1089,6
1101,5
1103,2
1105,3
1107,4
1109,5
1111,3
1113,4
1115,6
1117,6
1119,4
1121,4
1123,4
1125,6
1127,4
1129,11
1131,5
1133,5
1135,4
1137,33
1149,4
1151,5
1153,5
1155,4
1157,4
1159,5
1161,6
1163,5
1165,3
1167,6
1169,3
1171,3
1173,4
1175,4
1177,5
1179,5
1181,3
1183,3
1185,3
1187,4
1199,3
1201,5
1203,5
1205,3
1207,3
1209,5
1211,4
1213,5
1215,4
1217,5
1219,6
1221,4
1223,2
1225,4
1227,4
1229,4
1231,3
1233,5
1235,7
1237,3
1249,3
1251,5
1253,3
1255,4
1257,3
1259,4
1261,6
1263,3
1265,5
1267,4
1269,3
1271,4
1273,5
1275,5
1277,4
1279,-11
1281,3
1283,3
1285,7
1297,4
1299,3
1301,11
1303,4
1305,4
1307,4
1309,3
1311,5
1313,5
1315,4
1317,5
1319,3
1321,4
1323,4
1325,3
1327,4
1329,3
1331,3
1333,3
1335,4
1347,3
1349,4
1351,5
1353,4
1355,4
1357,4
1359,3
1361,6
1363,6
1365,4
1367,4
1369,4
1371,3
1373,5
1375,3
1377,5
1379,3
1381,3
1383,5
1385,5
1397,3
1399,2
1401,3
1403,3
1405,5
1407,3
1409,4
1411,5
1413,4
1415,3
1417,5
1419,5
1421,3
1423,4
1425,3
1427,4
1429,4
1431,3
1433,4
1445,4
1447,4
1449,-19
1451,4
1453,3
1455,3
1457,4
1459,4
1461,3
1463,4
1465,6
1467,5
1469,6
1471,6
1473,4
1475,4
1477,4
1479,4
1481,6
1483,5
1495,3
1497,4
1499,3
1501,4
1503,4
1505,5
1507,5
1509,3
1511,4
1513,4
1515,5
1517,4
1519,5
1521,4
1523,5
1525,4
1527,5
1529,4
1531,3
1533,4
1545,6
1547,4
1549,4
1551,3
1553,4
1555,6
1557,3
1559,6
1561,3
1563,3
1565,6
1567,4
1569,4
1571,3
1573,3
1575,4
1577,4
1579,3
1581,4
1593,4
1595,3
1597,5
1599,4
1601,4
1603,4
1605,4
1607,0
1609,4
1611,7
1613,0
1615,5
1617,4
1619,4
1621,3
1623,4
1625,4
1627,4
1629,6
1631,3
1643,5
1645,4
1647,4
1649,3
1651,4
1653,6
1655,3
1657,3
1659,3
1661,4
1663,4
1665,4
1667,4
1669,3
1671,3
1673,4
1675,3
1677,3
1679,6
1681,6
1693,5
1695,5
1697,3
1699,4
1701,3
1703,3
1705,5
1707,3
1709,4
1711,4
1713,4
1715,3
1717,4
1719,5
1721,1
1723,5
1725,5
1727,3
1729,6
1731,3
1743,3
1745,5
1747,5
1749,4
1751,4
1753,4
1755,4
1757,3
1759,5
1761,4
1763,4
1765,3
1767,4
1769,6
1771,4
1773,4
1775,3
1777,6
1779,6
1781,4
1793,5
1795,4
1797,6
1799,4
1801,5
1803,4
1805,3
1807,5
1809,3
1811,4
1813,4
1815,5
1817,4
1819,3
1821,3
1823,4
1825,4
1827,4
1829,3
1841,7
1843,4
1845,3
1847,5
1849,3
1851,3
1853,3
1855,4
1857,4
1859,5
1861,3
1863,5
1865,4
1867,3
1869,2
1871,4
1873,5
1875,5
1877,8
1879,4
1891,4
1893,3
1895,3
1897,4
1899,5
1901,3
1903,4
1905,4
1907,3
1909,3
1911,6
1913,5
1915,5
1917,3
1919,2
1921,3
1923,5
1925,4
1927,5
1929,4
1941,5
1943,6
1945,4
1947,3
1949,6
1951,6
1953,3
1955,8
1957,4
1959,5
1961,5
1963,5
1965,4
1967,4
1969,5
1971,4
1973,4
1975,3
1977,4
1979,4
1991,5
1993,4
1995,4
1997,47
1999,3
2001,3
2003,1
2005,3
2007,1
2009,1
2011,3
2013,2
2015,1
2017,2
2019,4
2021,3
2023,4
2025,2
2027,3
2039,3
2041,3
2043,4
2045,3
2047,3
2049,3
2051,1
2053,3
2055,3
2057,3
2059,3
2061,3
2063,2
2065,4
2067,1
2069,3
2071,4
2073,1
2075,4
2077,3
2089,3
2091,4
2093,3
2095,0
2097,3
2099,1
2101,3
2103,4
2105,1
2107,1
2109,3
2111,4
2113,3
2115,3
2117,3
2119,3
2121,3
2123,2
2125,4
2127,0
2139,3
2141,3
2143,2
2145,4
2147,3
2149,2
2151,3
2153,2
2155,0
2157,3
2159,0
2161,3
2163,3
2165,3
2167,3
2169,0
2171,3
2173,3
2175,4
2177,4
2189,2
2191,3
2193,3
2195,3
2197,1
2199,3
2201,2
2203,3
2205,3
2207,1
2209,4
2211,4
2213,4
2215,3
2217,3
2219,5
2221,2
2223,3
2225,4
2227,3
2239,3
2241,3
2243,1
2245,1
2247,3
2249,3
2251,3
2253,1
2255,4
2257,0
2259,2
2261,2
2263,3
2265,0
2267,1
2269,2
2271,2
2273,2
2275,2
2287,3
2289,2
2291,3
2293,3
2295,3
2297,3
2299,3
2301,2
2303,-1
2305,5
2307,3
2309,3
2311,2
2313,3
2315,3
2317,4
2319,4
2321,1
2323,3
2325,4
2337,3
2339,4
2341,3
2343,3
2345,8
2347,2
2349,3
2351,2
2353,3
2355,3
2357,3
2359,3
2361,2
2363,3
2365,2
2367,4
2369,2
2371,3
2373,4
2375,3
2387,1
2389,1
2391,2
2393,2
2395,3
2397,2
2399,3
2401,3
2403,3
2405,1
2407,3
2409,3
2411,-2
2413,2
2415,3
2417,3
2419,3
2421,3
2423,3
2435,1
2437,3
2439,3
2441,1
2443,3
2445,3
2447,3
2449,4
2451,2
2453,3
2455,3
2457,3
2459,3
2461,3
2463,1
2465,3
2467,1
2469,2
2471,3
2473,3
2485,3
2487,4
2489,2
2491,3
2493,2
2495,0
2497,2
2499,2
2501,4
2503,3
2505,4
2507,2
2509,0
2511,3
2513,4
2515,4
2517,4
2519,2
2521,3
2523,3
2535,2
2537,3
2539,3
2541,3
2543,1
2545,3
2547,2
2549,3
2551,3
2553,3
2555,3
2557,3
2559,3
2561,3
2563,1
2565,2
2567,3
2569,2
2571,2
2573,4
2585,0
2587,0
2589,4
2591,3
2593,3
2595,3
2597,3
2599,3
2601,3
2603,4
2605,2
2607,1
2609,1
2611,3
2613,1
2615,3
2617,3
2619,3
2621,3
2623,0
2635,3
2637,3
2639,0
2641,3
2643,-2
2645,3
2647,1
2649,3
2651,1
2653,3
2655,3
2657,2
2659,1
2661,3
2663,3
2665,4
2667,3
2669,2
2671,3
2683,3
2685,2
2687,3
2689,3
2691,3
2693,-20
2695,3
2697,3
2699,4
2701,4
2703,3
2705,3
2707,3
2709,3
2711,2
2713,3
2715,2
2717,3
2719,1
2721,5
2733,3
2735,3
2737,3
2739,3
2741,5
2743,2
2745,3
2747,3
2749,3
2751,3
2753,3
2755,2
2757,1
2759,3
2761,3
2763,3
2765,1
2767,2
2769,4
2781,0
2783,3
2785,4
2787,3
2789,3
2791,3
2793,3
2795,2
2797,2
2799,1
2801,3
2803,3
2805,3
2807,3
2809,2
2811,0
2813,4
2815,3
2817,5
2819,3
2831,3
2833,2
2835,2
2837,1
2839,3
2841,3
2843,2
2845,2
2847,3
2849,3
2851,3
2853,2
2855,3
2857,3
2859,4
2861,3
2863,3
2865,1
2867,4
2869,2
2881,2
2883,3
2885,3
2887,4
2889,3
2891,3
2893,3
2895,3
2897,1
2899,3
2901,3
2903,1
2905,1
2907,3
2909,3
2911,2
2913,3
2915,1
2917,3
2919,1
2931,3
2933,2
2935,3
2937,4
2939,4
2941,2
2943,4
2945,3
2947,1
2949,4
2951,2
2953,3
2955,2
2957,3
2959,2
2961,3
2963,4
2965,3
2967,3
2969,3
2981,2
2983,6
2985,3
2987,3
2989,3
2991,2
2993,4
2995,3
2997,3
2999,-7
3001,3
3003,3
3005,3
3007,2
3009,2
3011,3
3013,2
3015,3
3017,2
3029,255
3031,255
3033,255
3035,255
3037,253
3039,246
3041,233
3043,219
3045,209
3047,205
3049,200
3051,201
3053,199
3055,189
3067,124
3069,111
3071,99
3073,87
3075,77
3077,70
3079,65
3081,62
3083,61
3085,54
3087,50
3089,53
3091,55
3093,51
3095,57
3097,58
3099,57
3111,97
3113,105
3115,116
3117,123
3119,134
3121,139
3123,144
3125,150
3127,153
3129,158
3131,159
3133,159
3135,159
3137,159
3149,144
3151,140
3153,132
3155,132
3157,125
3159,121
3161,113
3163,111
3165,103
3167,99
3169,96
3171,92
3173,89
3175,89
3177,95
3189,115
3191,116
3193,119
3195,119
3197,121
3199,120
3201,123
3203,124
3205,125
3207,127
3209,124
3211,123
3213,124
3215,123
3227,117
3229,115
3231,116
3233,114
3235,113
3237,114
3239,114
3241,111
3243,109
3245,111
3247,109
3249,110
3251,113
3253,109
3265,114
3267,115
3269,114
3271,117
3273,115
3275,115
3277,115
3279,115
3281,116
3283,116
3285,115
3287,116
3289,116
3291,113
3303,112
3305,110
3307,110
3309,109
3311,109
3313,109
3315,109
3317,110
3319,110
3321,109
3323,111
3325,109
3327,113
3329,110
3341,116
3343,114
3345,112
3347,115
3349,113
3351,112
3353,115
3355,112
3357,111
3359,113
3361,113
3363,112
3365,110
3367,110
3379,111
3381,111
3383,111
3385,111
3387,110
3389,113
3391,113
3393,113
3395,113
3397,115
3399,113
3401,114
3403,111
3405,112
3407,114
3419,112
3421,113
3423,113
3425,110
3427,110
3429,111
3431,106
3433,112
3435,110
3437,112
3439,111
3441,110
3443,113
3445,112
3457,113
3459,113
3461,115
3463,113
3465,113
3467,113
3469,112
3471,112
3473,110
3475,115
3477,115
3479,113
3481,109
3483,109
3495,114
3497,112
3499,113
3501,110
3503,107
3505,113
3507,113
3509,111
3511,115
3513,110
3515,114
3517,110
3519,113
3521,113
3533,110
3535,111
3537,110
3539,110
3541,111
3543,112
3545,112
3547,111
3549,110
3551,110
3553,114
3555,113
3557,112
3559,112
3571,109
3573,111
3575,111
3577,115
3579,115
3581,114
3583,110
3585,108
3587,112
3589,111
3591,110
3593,111
3595,111
3597,113
3609,111
3611,111
3613,110
3615,112
3617,111
3619,113
3621,113
3623,112
3625,114
3627,111
3629,112
3631,113
3633,111
3635,112
3647,110
3649,113
3651,112
3653,112
3655,110
3657,112
3659,110
3661,112
3663,113
3665,112
3667,112
3669,114
3671,113
3673,114
3685,111
3687,112
3689,115
3691,113
3693,113
3695,114
3697,110
3699,110
3701,111
3703,108
3705,113
3707,110
3709,113
3711,113
3723,111
3725,112
3727,113
3729,112
3731,113
3733,114
3735,108
3737,115
3739,113
3741,113
3743,113
3745,113
3747,111
3749,111
3751,113
3763,112
3765,113
3767,113
3769,112
3771,113
3773,113
3775,111
3777,111
3779,111
3781,111
3783,113
3785,114
3787,113
3789,112
3801,112
3803,111
3805,113
3807,114
3809,111
3811,113
3813,110
3815,113
3817,110
3819,113
3821,110
3823,113
3825,111
3827,115
3839,111
3841,111
3843,110
3845,113
3847,112
3849,113
3851,114
3853,113
3855,113
3857,110
3859,111
3861,109
3863,113
3865,112
3877,111
3879,113
3881,112
3883,110
3885,110
3887,113
3889,111
3891,113
3893,113
3895,109
3897,112
3899,114
3901,115
3903,115
3915,110
3917,110
3919,114
3921,113
3923,112
3925,110
3927,112
3929,111
3931,110
3933,114
3935,113
3937,112
3939,111
3941,112
3953,112
3955,112
3957,110
3959,113
3961,111
3963,110
3965,115
3967,112
3969,111
3971,111
3973,112
3975,113
3977,111
3979,114
3991,109
3993,111
3995,113
3997,111
3999,113
4001,112
4003,111
4005,114
4007,111
4009,111
4011,113
4013,113
4015,115
4017,113
4029,110
4031,110
4033,112
4035,113
4037,111
4039,113
4041,113
4043,113
4045,112
4047,110
4049,112
4051,111
4053,113
4055,111
4067,113
4069,112
4071,113
4073,110
4075,110
4077,112
4079,111
4081,110
4083,111
4085,111
4087,112
4089,113
4091,110
4093,112
4095,114
4107,112
4109,110
4111,110
4113,112
4115,111
4117,113
4119,111
4121,110
4123,111
4125,111
4127,109
4129,113
4131,110
4133,114
4145,113
4147,113
4149,112
4151,110
4153,113
4155,113
4157,114
4159,110
4161,113
4163,110
4165,111
4167,111
4169,112
4171,112
4183,110
4185,112
4187,135
4189,111
4191,115
4193,110
4195,110
4197,110
4199,111
4201,113
4203,109
4205,113
4207,112
4209,111
4221,113
4223,111
4225,114
4227,111
4229,110
4231,111
4233,113
4235,111
4237,113
4239,113
4241,111
4243,112
4245,111
4247,114
4259,113
4261,111
4263,113
4265,112
4267,112
4269,111
4271,111
4273,113
4275,112
4277,111
4279,112
4281,111
4283,111
4285,113
4297,110
4299,110
4301,112
4303,108
4305,114
4307,114
4309,112
4311,110
4313,112
4315,114
4317,111
4319,114
4321,113
4323,110
4335,112
4337,113
4339,113
4341,111
4343,110
4345,113
4347,112
4349,113
4351,113
4353,114
4355,113
4357,114
4359,111
4361,110
4373,113
4375,114
4377,110
4379,113
4381,113
4383,114
4385,113
4387,112
4389,111
4391,114
4393,110
4395,113
4397,110
4399,111
4411,113
4413,111
4415,114
4417,113
4419,115
4421,112
4423,114
4425,112
4427,113
4429,109
4431,111
4433,113
4435,111
4437,113
4439,115
4451,112
4453,110
4455,114
4457,110
4459,113
4461,111
4463,109
4465,113
4467,110
4469,114
4471,114
4473,112
4475,111
4477,110
4489,111
4491,112
4493,111
4495,111
4497,110
4499,113
4501,113
4503,110
4505,110
4507,111
4509,110
4511,110
4513,112
4515,110
4527,110
4529,113
4531,111
4533,112
4535,115
4537,109
4539,110
4541,110
4543,110
4545,113
4547,112
4549,114
4551,114
4553,109
4565,110
4567,111
4569,110
4571,110
4573,111
4575,111
4577,111
4579,115
4581,111
4583,113
4585,113
4587,113
4589,113
4591,111
4603,110
4605,111
4607,110
4609,114
4611,111
4613,113
4615,110
4617,113
4619,113
4621,114
4623,109
4625,115
4627,111
4629,111
4641,110
4643,110
4645,113
4647,110
4649,113
4651,110
4653,115
4655,112
4657,110
4659,111
4661,110
4663,113
4665,111
4667,113
4679,116
4681,113
4683,109
4685,111
4687,113
4689,114
4691,110
4693,112
4695,112
4697,110
4699,111
4701,111
4703,111
4705,112
4717,112
4719,113
4721,112
4723,113
4725,112
4727,111
4729,112
4731,115
4733,112
4735,111
4737,113
4739,110
4741,112
4743,110
4755,110
4757,113
4759,111
4761,111
4763,115
4765,111
4767,111
4769,112
4771,113
4773,113
4775,111
4777,112
4779,108
4781,110
4783,110
4795,111
4797,111
4799,112
4801,110
4803,114
4805,111
4807,110
4809,112
4811,113
4813,111
4815,110
4817,113
4819,113
4821,112
4833,110
4835,112
4837,112
4839,113
4841,113
4843,111
4845,113
4847,111
4849,111
4851,111
4853,109
4855,114
4857,111
4859,110
4871,113
4873,110
4875,111
4877,113
4879,111
4881,114
4883,111
4885,113
4887,114
4889,114
4891,112
4893,113
4895,114
4897,113
4909,110
4911,114
4913,112
4915,114
4917,111
4919,110
4921,113
4923,144
4925,113
4927,111
4929,112
4931,111
4933,111
4935,113
4947,111
4949,114
4951,111
4953,111
4955,95
4957,114
4959,112
4961,110
4963,110
4965,111
4967,113
4969,113
4971,111
4973,111
4985,110
4987,109
4989,110
4991,113
4993,113
4995,111
4997,110
4999,113
5001,113
5003,113
5005,110
5007,112
5009,113
5011,112
5023,113
5025,113
5027,114
5029,110
5031,112
5033,110
5035,113
5037,112
5039,112
5041,110
5043,111
5045,111
5047,113
5049,111
5061,114
5063,113
5065,110
5067,110
5069,113
5071,113
5073,111
5075,113
5077,112
5079,114
5081,113
5083,112
5085,111
5087,115
5089,111
5101,113
5103,110
5105,114
5107,114
5109,111
5111,114
5113,110
5115,110
5117,113
5119,114
5121,114
5123,112
5125,113
5127,114
5139,113
5141,112
5143,114
5145,112
5147,111
5149,108
5151,113
5153,111
5155,115
5157,111
5159,112
5161,113
5163,111
5165,111
5177,113
5179,110
5181,114
5183,112
5185,111
5187,111
5189,112
5191,110
5193,113
5195,111
5197,112
5199,113
5201,112
5203,110
5215,113
5217,110
5219,111
5221,112
5223,109
5225,112
5227,113
5229,111
5231,90
5233,113
5235,114
5237,111
5239,112
5241,114
5253,109
5255,112
5257,111
5259,112
5261,111
5263,110
5265,113
5267,112
5269,112
5271,113
5273,112
5275,110
5277,110
5279,111
5291,110
5293,111
5295,111
5297,115
5299,112
5301,112
5303,111
5305,113
5307,113
5309,112
5311,113
5313,114
5315,113
5317,111
5329,111
5331,113
5333,113
5335,112
5337,112
5339,112
5341,113
5343,113
5345,113
5347,113
5349,110
5351,113
5353,111
5355,111
5367,113
5369,112
5371,112
5373,111
5375,113
5377,111
5379,112
5381,111
5383,113
5385,111
5387,110
5389,113
5391,113
5393,112
5395,113
5407,111
5409,113
5411,110
5413,111
5415,110
5417,111
5419,111
5421,110
5423,112
5425,112
5427,114
5429,111
5431,110
5433,111
5445,113
5447,111
5449,112
5451,107
5453,115
5455,114
5457,112
5459,113
5461,111
5463,112
5465,114
5467,114
5469,111
5471,113
5483,111
5485,108
5487,112
5489,111
5491,113
5493,113
5495,110
5497,110
5499,111
5501,112
5503,113
5505,111
5507,114
5509,113
5521,110
5523,112
5525,113
5527,111
5529,111
5531,113
5533,110
5535,112
5537,111
5539,116
5541,110
5543,110
5545,111
5547,111
5559,110
5561,113
5563,113
5565,112
5567,111
5569,110
5571,111
5573,110
5575,112
5577,111
5579,111
5581,113
5583,111
5585,113
5597,110
5599,112
5601,110
5603,110
5605,113
5607,114
5609,114
5611,113
5613,111
5615,113
5617,114
5619,111
5621,111
5623,113
5635,111
5637,111
5639,112
5641,110
5643,112
5645,113
5647,108
5649,113
5651,110
5653,109
5655,111
5657,112
5659,111
5661,114
5673,110
5675,112
5677,109
5679,113
5681,110
5683,112
5685,110
5687,102
5689,114
5691,110
5693,111
5695,114
5697,113
5699,110
5711,114
5713,114
5715,110
5717,112
5719,110
5721,112
5723,111
5725,113
5727,111
5729,112
5731,110
5733,110
5735,110
5737,112
5739,112
5751,110
5753,113
5755,107
5757,114
5759,113
5761,113
5763,111
5765,115
5767,111
5769,112
5771,112
5773,111
5775,111
5777,113
5789,111
5791,112
5793,110
5795,113
5797,114
5799,114
5801,112
5803,111
5805,113
5807,114
5809,111
5811,110
5813,114
5815,112
5827,110
5829,111
5831,113
5833,111
5835,110
5837,113
5839,110
5841,112
5843,113
5845,112
5847,113
5849,113
5851,111
5853,111
5865,113
5867,110
5869,113
5871,112
5873,113
5875,115
5877,111
5879,110
5881,113
5883,113
5885,110
5887,114
5889,113
5891,113
5903,111
5905,111
5907,114
5909,112
5911,110
5913,113
5915,111
5917,113
5919,113
5921,111
5923,114
5925,111
5927,113
5929,114
5941,111
5943,111
5945,110
5947,112
5949,113
5951,113
5953,113
5955,113
5957,112
5959,110
5961,110
5963,113
5965,113
5967,110
5979,112
5981,113
5983,110
5985,115
5987,114
5989,113
5991,112
5993,113
5995,114
5997,110
5999,110
6001,109
6003,110
6005,114
6017,107
6019,110
6021,112
6023,110
6025,112
6027,111
6029,111
6031,115
6033,112
6035,112
6037,114
6039,112
6041,113
6043,113
6055,113
6057,110
6059,113
6061,111
6063,110
6065,110
6067,110
6069,113
6071,111
6073,113
6075,112
6077,113
6079,113
6081,111
6083,112
6095,112
6097,110
6099,111
6101,112
6103,110
6105,110
6107,111
6109,110
6111,112
6113,110
6115,112
6117,115
6119,110
6121,110
6133,111
6135,111
6137,110
6139,110
6141,113
6143,111
6145,110
6147,110
6149,114
6151,113
6153,95
6155,110
6157,113
6159,110
6171,111
6173,111
6175,112
6177,111
6179,112
6181,110
6183,114
6185,113
6187,111
6189,114
6191,109
6193,109
6195,112
6197,112
6209,111
6211,112
6213,112
6215,110
6217,114
6219,111
6221,109
6223,113
6225,112
6227,113
6229,111
6231,110
6233,113
6235,113
6247,112
6249,113
6251,110
6253,113
6255,114
6257,110
6259,113
6261,114
6263,113
6265,111
6267,113
6269,110
6271,114
6273,111
6285,114
6287,111
6289,113
6291,112
6293,112
6295,112
6297,111
6299,111
6301,110
6303,112
6305,110
6307,105
6309,114
6311,113
6323,111
6325,112
6327,113
6329,109
6331,111
6333,111
6335,110
6337,113
6339,112
6341,113
6343,113
6345,111
6347,111
6349,111
6361,112
6363,113
6365,113
6367,113
6369,111
6371,111
6373,109
6375,109
6377,111
6379,113
6381,110
6383,112
6385,110
6387,111
6389,111
6401,110
6403,111
6405,109
6407,112
6409,112
6411,113
6413,113
6415,113
6417,113
6419,112
6421,111
6423,111
6425,110
6427,110
6439,111
6441,110
6443,111
6445,109
6447,112
6449,114
6451,111
6453,113
6455,111
6457,114
6459,111
6461,113
6463,112
6465,113
6477,110
6479,113
6481,110
6483,109
6485,114
6487,111
6489,110
6491,110
6493,111
6495,113
6497,110
6499,112
6501,114
6503,110
6515,109
6517,113
6519,110
6521,110
6523,110
6525,113
6527,113
6529,114
6531,112
6533,113
6535,110
6537,113
6539,113
6541,111
6553,113
6555,111
6557,113
6559,110
6561,112
6563,110
6565,114
6567,111
6569,114
6571,114
6573,113
6575,109
6577,110
6579,109
6591,110
6593,113
6595,113
6597,109
6599,112
6601,111
6603,115
6605,114
6607,112
6609,113
6611,112
6613,113
6615,111
6617,111
6629,110
6631,110
6633,112
6635,110
6637,112
6639,113
6641,110
6643,111
6645,110
6647,112
6649,112
6651,113
6653,113
6655,110
6667,112
6669,113
6671,114
6673,110
6675,113
6677,113
6679,111
6681,113
6683,112
6685,113
6687,112
6689,110
6691,110
6693,113
6705,112
6707,110
6709,113
6711,112
6713,113
6715,112
6717,111
6719,110
6721,110
6723,111
6725,113
6727,110
6729,113
6731,113
6733,111
6745,113
6747,108
6749,113
6751,111
6753,113
6755,112
6757,111
6759,111
6761,112
6763,111
6765,113
6767,113
6769,111
6771,110
6783,111
6785,111
6787,111
6789,112
6791,111
6793,110
6795,111
6797,112
6799,111
6801,113
6803,111
6805,109
6807,111
6809,112
6821,112
6823,112
6825,111
6827,115
6829,111
6831,113
6833,112
6835,112
6837,110
6839,113
6841,113
6843,113
6845,113
6847,111
6859,112
6861,113
6863,111
6865,110
6867,112
6869,111
6871,113
6873,110
6875,111
6877,111
6879,113
6881,113
6883,110
6885,110
6897,111
6899,110
6901,110
6903,111
6905,112
6907,111
6909,113
6911,113
6913,112
6915,115
6917,113
6919,113
6921,108
6923,111
6935,113
6937,109
6939,111
6941,113
6943,113
6945,112
6947,110
6949,110
6951,114
6953,110
6955,110
6957,113
6959,111
6961,113
6973,111
6975,113
6977,111
6979,113
6981,114
6983,113
6985,110
6987,113
6989,114
6991,111
6993,113
6995,110
6997,112
6999,113
7011,113
7013,110
7015,112
7017,112
7019,111
7021,114
7023,113
7025,112
7027,111
7029,113
7031,112
7033,102
7035,110
7037,113
7049,111
7051,109
7053,111
7055,111
7057,112
7059,111
7061,110
7063,113
7065,108
7067,111
7069,108
7071,111
7073,110
7075,109
7077,111
7089,111
7091,110
7093,109
7095,108
7097,109
7099,111
7101,111
7103,110
7105,108
7107,113
7109,112
7111,110
7113,113
7115,111
7127,111
7129,113
7131,113
7133,114
7135,114
7137,113
7139,115
7141,111
7143,111
7145,110
7147,111
7149,112
7151,113
7153,110
7165,111
7167,111
7169,111
7171,111
7173,111
7175,128
7177,114
7179,113
7181,111
7183,110
7185,110
7187,113
7189,111
7191,112
7203,110
7205,110
7207,110
7209,111
7211,113
7213,112
7215,110
7217,113
7219,110
7221,110
7223,113
7225,111
7227,114
7229,111
7241,114
7243,112
7245,114
7247,113
7249,113
7251,112
7253,109
7255,111
7257,114
7259,110
7261,112
7263,111
7265,113
7267,111
7279,113
7281,97
7283,111
7285,115
7287,111
7289,114
7291,113
7293,111
7295,113
7297,113
7299,111
7301,113
7303,114
7305,110
7317,112
7319,113
7321,112
7323,113
7325,111
7327,110
7329,111
7331,111
7333,112
7335,111
7337,112
7339,111
7341,110
7343,111
7355,113
7357,111
7359,113
7361,113
7363,110
7365,111
7367,110
7369,114
7371,113
7373,111
7375,112
7377,111
7379,114
7381,114
7383,110
7395,112
7397,114
7399,114
7401,112
7403,111
7405,111
7407,113
7409,113
7411,111
7413,112
7415,110
7417,111
7419,110
7421,111
7433,113
7435,113
7437,113
7439,110
7441,112
7443,112
7445,110
7447,111
7449,113
7451,112
7453,111
7455,108
7457,110
7459,110
7471,111
7473,112
7475,110
7477,111
7479,110
7481,112
7483,110
7485,111
7487,110
7489,110
7491,111
7493,113
7495,113
7497,111
7509,113
7511,110
7513,111
7515,110
7517,110
7519,111
7521,111
7523,109
7525,111
7527,112
7529,114
7531,113
7533,112
7535,111
7547,112
7549,111
7551,113
7553,111
7555,114
7557,113
7559,110
7561,112
7563,112
7565,111
7567,110
7569,113
7571,109
7573,109
7585,110
7587,113
7589,113
7591,113
7593,113
7595,112
7597,111
7599,110
7601,110
7603,111
7605,113
7607,112
7609,114
7611,114
7623,113
7625,110
7627,113
7629,112
7631,110
7633,110
7635,111
7637,110
7639,113
7641,110
7643,110
7645,110
7647,113
7649,113
7661,112
7663,111
7665,113
7667,114
7669,111
7671,113
7673,110
7675,111
7677,111
7679,113
7681,113
7683,113
7685,109
7687,113
7699,113
7701,114
7703,111
7705,110
7707,111
7709,111
7711,111
7713,113
7715,114
7717,111
7719,113
7721,111
7723,111
7725,112
7727,113
7739,110
7741,113
7743,114
7745,110
7747,113
7749,120
7751,110
7753,112
7755,111
7757,113
7759,114
7761,110
7763,113
7765,110
7777,111
7779,110
7781,111
7783,113
7785,113
7787,114
7789,111
7791,110
7793,111
7795,111
7797,110
7799,112
7801,113
7803,113
7815,110
7817,112
7819,112
7821,113
7823,112
7825,110
7827,110
7829,111
7831,113
7833,111
7835,113
7837,111
7839,112
7841,112
7853,113
7855,110
7857,110
7859,110
7861,111
7863,112
7865,111
7867,111
7869,110
7871,112
7873,111
7875,111
7877,110
7879,111
7891,114
7893,110
7895,112
7897,109
7899,112
7901,109
7903,111
7905,111
7907,113
7909,111
7911,113
7913,117
7915,111
7917,111
7929,113
7931,110
7933,114
7935,111
7937,115
7939,110
7941,113
7943,113
7945,113
7947,111
7949,107
7951,113
7953,112
7955,111
7967,114
7969,113
7971,112
7973,113
7975,110
7977,112
7979,113
7981,112
7983,110
7985,113
7987,113
7989,111
7991,113
7993,109
8005,113
8007,112
8009,113
8011,111
8013,111
8015,113
8017,111
8019,-166
8021,-166
8023,-166
8025,-161
8027,-151
8029,-134
8031,-114
8043,112
8045,172
8047,236
8049,255
8051,255
8053,255
8055,255
8057,255
8059,255
8061,255
8063,239
8065,152
8067,103
8069,37
8081,-89
8083,-122
8085,-152
8087,-94
8089,-107
8091,-140
8093,-81
8095,-51
8097,-71
8099,-12
8101,28
8103,3
8105,45
8107,103
8119,83
8121,176
8123,174
8125,200
8127,152
8129,108
8131,102
8133,57
8135,3
8137,-19
8139,-55
8141,-105
8143,-135
8145,-145
8157,-79
8159,-45
8161,-30
8163,-17
8165,32
8167,65
8169,89
8171,132
8173,152
8175,150
8177,164
8179,176
8181,171
8183,162
8185,151
8197,117
8199,-35
8201,-77
8203,-69
8205,-100
8207,-127
8209,-117
8211,-138
8213,-130
8215,-80
8217,-80
8219,-75
8221,-17
8233,153
8235,203
8237,204
8239,234
8241,255
8243,237
8245,237
8247,230
8249,182
8251,150
8253,117
8255,48
8257,-4
8259,-38
8271,-109
8273,-144
8275,-146
8277,-126
8279,-138
8281,-131
8283,-90
8285,-88
8287,-79
8289,-30
8291,-15
8293,-4
8295,52
8297,85
8309,225
8311,210
8313,213
8315,219
8317,178
8319,147
8321,127
8323,78
8325,29
8327,-15
8329,-27
8331,-47
8333,-79
8335,-91
8347,-121
8349,-108
8351,-104
8353,-93
8355,-75
8357,-60
8359,-37
8361,-13
8363,7
8365,39
8367,72
8369,90
8371,113
8373,136
8375,145
8387,156
8389,71
8391,43
8393,9
8395,13
8397,-7
8399,-39
8401,-43
8403,-60
8405,-90
8407,-90
8409,-97
8411,-112
8413,-104
8415,-95
8427,-28
8429,-11
8431,13
8433,49
8435,71
8437,92
8439,121
8441,131
8443,141
8445,161
8447,161
8449,145
8451,139
8453,122
8465,91
8467,-134
8469,-134
8471,-114
8473,-135
8475,-124
8477,-93
8479,-102
8481,-94
8483,-55
8485,-56
8487,-45
8489,4
8491,19
8503,136
8505,136
8507,161
8509,174
8511,148
8513,147
8515,143
8517,107
8519,82
8521,56
8523,5
8525,-35
8537,-73
8539,-74
8541,-60
8543,-85
8545,-81
8547,-55
8549,-71
8551,-68
8553,-40
8555,-37
8557,-39
8559,-12
8561,-6
8563,-1
8565,28
8577,73
8579,74
8581,61
8583,65
8585,66
8587,45
8589,43
8591,40
8593,13
8595,-6
8597,15
8599,45
8601,0
8603,9
8605,8
8607,-11
8619,0
8621,-13
8623,-3
8625,-15
8627,-17
8629,-16
8631,-24
8633,-26
8635,-25
8637,-32
8639,-36
8641,-36
8643,-40
8645,-40
8647,-37
8659,-13
8661,-5
8663,0
8665,11
8667,19
8669,23
8671,33
8673,38
8675,41
8677,54
8679,60
8681,57
8683,54
8685,58
8687,47
8689,41
8701,36
8703,-11
8705,-25
8707,-29
8709,-16
8711,-11
8713,-4
8715,10
8717,13
8719,14
8721,12
8723,22
8725,26
8727,28
8729,22
8731,22
8743,25
8745,22
8747,18
8749,12
8751,6
8753,0
8755,-1
8757,0
8759,-5
8761,-14
8763,-11
8765,-16
8767,-17
8769,-18
8771,-17
8773,-20
8785,-24
8787,-19
8789,-19
8791,-16
8793,-15
8795,-9
8797,-6
8799,-1
8801,3
8803,5
8805,11
8807,10
8809,12
8811,10
8813,9
8815,9
8827,15
8829,15
8831,13
8833,16
8835,13
8837,13
8839,11
8841,11
8843,5
8845,3
8847,-1
8849,-1
8851,-2
8853,-6
8855,-7
8857,-7
8859,-2
8871,3
8873,4
8875,8
8877,7
8879,6
8881,6
8883,6
8885,13
8887,8
8889,8
8891,11
8893,7
8895,6
8897,5
8899,7
8901,8
8903,12
8905,13
8907,15
8919,13
8921,13
8923,9
8925,9
8927,3
8929,3
8931,0
8933,-2
8935,-3
8937,-6
8939,-3
8941,-5
8943,-3
8945,-4
8947,-5
8949,-5
8951,-3
8963,-2
8965,-2
8967,1
8969,1
8971,0
8973,2
8975,3
8977,5
8979,7
8981,4
8983,8
8985,9
8987,6
8989,6
8991,4
8993,4
8995,4
8997,2
8999,3
9011,0
9013,-1
9015,2
9017,0
9019,-1
9021,0
9023,0
9025,-2
9027,-2
9029,-4
9031,-1
9033,2
9035,0
9037,3
9039,1
9041,0
9043,0
9045,3
9047,3
9059,6
9061,6
9063,7
9065,7
9067,5
9069,4
9071,3
9073,3
9075,3
9077,0
9079,3
9081,2
9083,1
9085,0
9087,2
9089,2
9091,2
9093,0
9095,0
9097,-1
9109,3
9111,1
9113,2
9115,2
9117,3
9119,3
9121,3
9123,4
9125,3
9127,7
9129,5
9131,5
9133,5
9135,4
9137,7
9139,3
9141,3
9143,2
9145,4
9157,2
9159,3
9161,2
9163,0
9165,1
9167,1
9169,3
9171,0
9173,0
9175,0
9177,1
9179,3
9181,3
9183,3
9185,2
9187,3
9189,3
9191,2
9193,4
9195,4
9207,3
9209,4
9211,0
9213,1
9215,3
9217,2
9219,1
9221,1
9223,2
9225,0
9227,2
9229,3
9231,3
9233,3
9235,2
9237,3
9239,3
9241,1
9243,2
9245,4
9257,3
9259,2
9261,4
9263,3
9265,4
9267,3
9269,3
9271,3
9273,3
9275,3
9277,2
9279,3
9281,3
9283,5
9285,0
9287,0
9289,1
9291,4
9293,3
9295,6
9307,3
9309,3
9311,0
9313,3
9315,1
9317,2
9319,3
9321,3
9323,4
9325,2
9327,1
9329,3
9331,3
9333,1
9335,3
9337,1
9339,2
9341,0
9343,3
9345,2
9357,3
9359,3
9361,2
9363,3
9365,3
9367,2
9369,2
9371,3
9373,3
9375,1
9377,5
9379,1
9381,2
9383,3
9385,3
9387,1
9389,3
9391,4
9393,1
9405,3
9407,3
9409,1
9411,4
9413,3
9415,0
9417,3
9419,3
9421,2
9423,4
9425,3
9427,4
9429,2
9431,4
9433,3
9435,0
9437,3
9439,3
9441,1
9443,3
9455,2
9457,3
9459,-14
9461,3
9463,3
9465,3
9467,1
9469,1
9471,3
9473,3
9475,3
9477,3
9479,-1
9481,4
9483,3
9485,3
9487,3
9489,1
9491,1
9503,0
9505,1
9507,3
9509,2
9511,3
9513,3
9515,4
9517,2
9519,2
9521,3
9523,2
9525,3
9527,3
9529,2
9531,3
9533,3
9535,2
9537,3
9539,4
9541,3
9553,3
9555,2
9557,3
9559,2
9561,2
9563,0
9565,3
9567,5
9569,2
9571,0
9573,4
9575,2
9577,3
9579,3
9581,0
9583,3
9585,3
9587,0
9589,4
9591,4
9603,1
9605,2
9607,3
9609,1
9611,4
9613,3
9615,3
9617,3
9619,3
9621,2
9623,4
9625,3
9627,3
9629,3
9631,3
9633,3
9635,2
9637,1
9639,2
9641,3
9653,3
9655,2
9657,1
9659,3
9661,1
9663,4
9665,3
9667,3
9669,4
9671,3
9673,2
9675,2
9677,3
9679,2
9681,4
9683,3
9685,4
9687,4
9689,4
9691,3
9703,3
9705,3
9707,4
9709,2
9711,3
9713,3
9715,1
9717,1
9719,3
9721,3
9723,3
9725,3
9727,3
9729,3
9731,2
9733,3
9735,3
9737,1
9739,2
9751,3
9753,6
9755,2
9757,2
9759,2
9761,3
9763,3
9765,3
9767,3
9769,4
9771,0
9773,2
9775,3
9777,2
9779,1
9781,3
9783,2
9785,3
9787,3
9789,4
9801,4
9803,3
9805,3
9807,3
9809,5
9811,3
9813,2
9815,3
9817,3
9819,2
9821,3
9823,1
9825,3
9827,3
9829,2
9831,4
9833,3
9835,4
9837,5
9839,4
9851,3
9853,1
9855,3
9857,3
9859,3
9861,2
9863,2
9865,3
9867,5
9869,3
9871,2
9873,2
9875,3
9877,3
9879,3
9881,3
9883,2
9885,3
9887,4
9889,3
9901,2
9903,4
9905,4
9907,0
9909,3
9911,3
9913,3
9915,3
9917,-1
9919,4
9921,3
9923,2
9925,4
9927,1
9929,1
9931,2
9933,4
9935,2
9937,3
9949,2
9951,3
9953,2
9955,3
9957,3
9959,3
9961,4
9963,4
9965,3
9967,1
9969,0
9971,1
9973,3
9975,4
9977,4
9979,2
9981,0
9983,2
9985,0
9987,2
9999,3
10001,3
10003,3
10005,2
10007,3
10009,3
10011,1
10013,3
10015,3
10017,3
10019,3
10021,3
10023,3
10025,1
10027,3
10039,2
10041,3
10043,4
10045,3
10047,4
10049,3
10051,3
10053,0
10055,3
10057,2
10059,3
10061,2
10063,2
10065,3
10077,2
10079,2
10081,4
10083,2
10085,4
10087,2
10089,3
10091,4
10093,3
10095,3
10097,3
10099,3
10101,3
10103,5
10115,4
10117,3
10119,5
10121,3
10123,2
10125,2
10127,4
10129,3
10131,1
10133,-2
10135,5
10137,3
10139,3
10151,3
10153,1
10155,2
10157,4
10159,3
10161,2
10163,3
10165,1
10167,1
10169,2
10171,3
10173,4
10175,2
10177,3
10189,3
10191,3
10193,4
10195,3
10197,2
10199,3
10201,3
10203,3
10205,1
10207,3
10209,3
10211,3
10213,1
10215,3
10227,2
10229,3
10231,2
10233,3
10235,3
10237,3
10239,3
10241,3
10243,3
10245,3
10247,1
10249,2
10251,2
10253,3
10265,2
10267,3
10269,3
10271,1
10273,0
10275,1
10277,10
10279,2
10281,3
10283,3
10285,1
10287,3
10289,3
10291,0
10303,3
10305,3
10307,3
10309,4
10311,3
10313,5
10315,3
10317,5
10319,3
10321,2
10323,3
10325,3
10327,2
10329,3
10341,3
10343,3
10345,2
10347,2
10349,3
10351,3
10353,2
10355,2
10357,4
10359,7
10361,3
10363,3
10365,-32
10367,1
10379,10
10381,16
10383,18
10385,15
10387,13
10389,14
10391,11
10393,11
10395,7
10397,8
10399,10
10401,5
10403,5
10415,7
10417,4
10419,6
10421,3
10423,5
10425,6
10427,5
10429,6
10431,4
10433,3
10435,3
10437,3
10439,4
10451,0
10453,1
10455,3
10457,3
10459,2
10461,4
10463,2
10465,3
10467,3
10469,3
10471,3
10473,4
10475,3
10477,4
10489,3
10491,4
10493,3
10495,3
10497,4
10499,2
10501,4
10503,0
10505,1
10507,3
10509,2
10511,2
10513,3
10515,3
10527,3
10529,3
10531,3
10533,5
10535,3
10537,3
10539,3
10541,2
10543,3
10545,4
10547,3
10549,3
10551,2
10553,3
10565,4
10567,0
10569,3
10571,3
10573,3
10575,3
10577,3
10579,3
10581,3
10583,4
10585,3
10587,3
10589,6
10591,5
10603,4
10605,1
10607,3
10609,3
10611,3
10613,2
10615,3
10617,2
10619,3
10621,3
10623,4
10625,3
10627,4
10629,3
10641,3
10643,1
10645,28
10647,3
10649,3
10651,3
10653,1
10655,0
10657,2
10659,1
10661,3
10663,1
10665,3
10667,18
10679,2
10681,2
10683,3
10685,1
10687,3
10689,3
10691,4
10693,3
10695,3
10697,2
10699,3
10701,4
10703,2
10705,3
10717,0
10719,3
10721,2
10723,2
10725,0
10727,2
10729,2
10731,2
10733,0
10735,3
10737,2
10739,2
10741,0
10743,3
10755,2
10757,3
10759,2
10761,3
10763,2
10765,2
10767,3
10769,3
10771,4
10773,3
10775,4
10777,4
10779,3
10781,1
10793,3
10795,1
10797,1
10799,2
10801,2
10803,3
10805,4
10807,2
10809,1
10811,2
10813,0
10815,3
10817,2
10819,1
10831,2
10833,2
10835,3
10837,2
10839,1
10841,3
10843,3
10845,3
10847,2
10849,2
10851,2
10853,2
10855,3
10857,3
10869,1
10871,2
10873,2
10875,3
10877,3
10879,3
10881,3
10883,2
10885,2
10887,3
10889,2
10891,3
10893,1
10895,2
10907,3
10909,0
10911,3
10913,3
10915,3
10917,3
10919,2
10921,1
10923,3
10925,2
10927,3
10929,0
10931,1
10933,3
10945,0
10947,2
10949,0
10951,4
10953,2
10955,3
10957,2
10959,3
10961,0
10963,3
10965,2
10967,3
10969,3
10971,3
10983,2
10985,2
10987,3
10989,1
10991,5
10993,2
10995,2
10997,3
10999,1
11001,1
11003,0
11005,2
11007,1
11009,3
11021,255
11023,255
11025,255
11027,255
11029,252
11031,246
11033,233
11035,219
11037,211
11039,204
11041,203
11053,160
11055,160
11057,135
11059,125
11061,112
11063,103
11065,90
11067,84
11069,74
11071,71
11073,68
11085,58
11087,58
11089,57
11091,57
11093,63
11095,64
11097,66
11099,74
11101,81
11103,84
11105,92
11107,101
11119,135
11121,140
11123,144
11125,146
11127,149
11129,150
11131,151
11133,149
11135,150
11137,136
11139,145
11151,127
11153,126
11155,119
11157,115
11159,111
11161,110
11163,106
11165,102
11167,99
11169,100
11171,98
11183,105
11185,107
11187,108
11189,110
11191,111
11193,113
11195,110
11197,111
11199,113
11201,112
11203,113
11215,110
11217,109
11219,106
11221,106
11223,106
11225,105
11227,103
11229,104
11231,103
11233,101
11235,101
11247,105
11249,105
11251,106
11253,106
11255,106
11257,108
11259,108
11261,106
11263,107
11265,110
11267,108
11279,110
11281,109
11283,105
11285,105
11287,105
11289,107
11291,105
11293,106
11295,106
11297,104
11299,105
11311,106
11313,106
11315,109
11317,106
11319,107
11321,109
11323,109
11325,108
11327,108
11329,108
11341,108
11343,106
11345,106
11347,105
11349,106
11351,105
11353,106
11355,104
11357,103
11359,107
11361,107
11373,115
11375,107
11377,108
11379,106
11381,108
11383,106
11385,107
11387,108
11389,106
11391,108
11393,105
11405,104
11407,108
11409,106
11411,106
11413,107
11415,105
11417,108
11419,105
11421,105
11423,106
11425,106
11437,107
11439,106
11441,106
11443,106
11445,107
11447,108
11449,106
11451,105
11453,106
11455,106
11457,109
11469,105
11471,105
11473,107
11475,106
11477,105
11479,105
11481,108
11483,105
11485,84
11487,108
11489,105
11501,108
11503,107
11505,105
11507,105
11509,105
11511,105
11513,106
11515,105
11517,107
11519,104
11521,105
11533,106
11535,107
11537,104
11539,106
11541,106
11543,106
11545,105
11547,108
11549,106
11551,107
11563,107
11565,106
11567,105
11569,108
11571,106
11573,110
11575,106
11577,106
11579,108
11581,106
11583,110
11595,105
11597,106
11599,106
11601,105
11603,108
11605,108
11607,104
11609,107
11611,107
11613,107
11615,106
11627,108
11629,107
11631,107
11633,106
11635,107
11637,105
11639,106
11641,106
11643,106
11645,106
11647,106
11659,108
11661,105
11663,105
11665,106
11667,106
11669,73
11671,107
11673,107
11675,106
11677,107
11679,107
11691,105
11693,106
11695,107
11697,108
11699,105
11701,105
11703,107
11705,107
11707,106
11709,108
11711,85
11723,105
11725,103
11727,107
11729,105
11731,103
11733,106
11735,107
11737,105
11739,106
11741,106
11743,106
11755,105
11757,106
11759,106
11761,105
11763,105
11765,108
11767,106
11769,107
11771,107
11773,106
11775,106
11787,106
11789,105
11791,107
11793,105
11795,105
11797,106
11799,108
11801,107
11803,107
11805,106
11817,105
11819,106
11821,106
11823,106
11825,107
11827,108
11829,106
11831,105
11833,105
11835,105
11837,106
11849,108
11851,107
11853,106
11855,106
11857,108
11859,108
11861,106
11863,106
11865,107
11867,106
11869,105
11881,105
11883,106
11885,107
11887,106
11889,106
11891,109
11893,108
11895,108
11897,110
11899,106
11901,108
11913,106
11915,108
11917,105
11919,107
11921,106
11923,108
11925,106
11927,105
11929,107
11931,105
11933,106
11945,107
11947,106
11949,108
11951,105
11953,105
11955,107
11957,105
11959,105
11961,108
11963,108
11965,104
11977,106
11979,108
11981,106
11983,107
11985,105
11987,107
11989,105
11991,108
11993,106
11995,105
11997,99
12009,106
12011,105
12013,106
12015,105
12017,131
12019,106
12021,106
12023,106
12025,105
12027,106
12039,106
12041,106
12043,110
12045,108
12047,105
12049,106
12051,107
12053,105
12055,106
12057,108
12059,106
12071,110
12073,109
12075,108
12077,107
12079,105
12081,108
12083,108
12085,107
12087,106
12089,107
12091,106
12103,105
12105,108
12107,105
12109,106
12111,107
12113,106
12115,106
12117,106
12119,108
12121,108
12123,106
12135,108
12137,107
12139,106
12141,109
12143,106
12145,108
12147,105
12149,105
12151,106
12153,108
12155,106
12167,106
12169,107
12171,106
12173,108
12175,105
12177,105
12179,105
12181,106
12183,105
12185,107
12187,106
12199,106
12201,106
12203,106
12205,108
12207,108
12209,107
12211,105
12213,108
12215,107
12217,109
12219,105
12231,108
12233,106
12235,106
12237,106
12239,105
12241,107
12243,106
12245,106
12247,106
12249,108
12261,108
12263,106
12265,108
12267,106
12269,106
12271,108
12273,107
12275,108
12277,107
12279,105
12281,108
12293,106
12295,108
12297,105
12299,105
12301,107
12303,108
12305,107
12307,106
12309,108
12311,108
12313,106
12325,105
12327,106
12329,108
12331,106
12333,105
12335,108
12337,109
12339,107
12341,106
12343,103
12345,107
12357,106
12359,106
12361,106
12363,107
12365,106
12367,105
12369,105
12371,109
12373,106
12375,106
12377,107
12389,106
12391,108
12393,107
12395,106
12397,108
12399,110
12401,105
12403,105
12405,106
12407,108
12409,104
12421,108
12423,106
12425,108
12427,107
12429,105
12431,106
12433,106
12435,108
12437,106
12439,108
12441,105
12453,106
12455,109
12457,108
12459,108
12461,110
12463,109
12465,110
12467,105
12469,107
12471,106
12483,106
12485,104
12487,106
12489,108
12491,105
12493,106
12495,108
12497,106
12499,108
12501,107
12503,106
12515,107
12517,106
12519,107
12521,110
12523,110
12525,106
12527,106
12529,100
12531,110
12533,108
12535,106
12547,105
12549,105
12551,106
12553,106
12555,107
12557,107
12559,106
12561,108
12563,105
12565,106
12567,107
12579,107
12581,108
12583,105
12585,107
12587,108
12589,108
12591,117
12593,108
12595,107
12597,105
12599,106
12611,125
12613,106
12615,107
12617,106
12619,105
12621,109
12623,105
12625,108
12627,107
12629,107
12631,106
12643,106
12645,106
12647,107
12649,106
12651,108
12653,106
12655,106
12657,106
12659,108
12661,106
12673,108
12675,106
12677,106
12679,109
12681,108
12683,107
12685,109
12687,108
12689,105
12691,106
12693,109
12705,105
12707,106
12709,108
12711,107
12713,110
12715,106
12717,105
12719,108
12721,107
12723,105
12725,107
12737,108
12739,105
12741,108
12743,105
12745,106
12747,108
12749,106
12751,106
12753,107
12755,121
12757,106
12769,106
12771,106
12773,107
12775,107
12777,106
12779,106
12781,106
12783,106
12785,108
12787,106
12789,106
12801,105
12803,106
12805,105
12807,106
12809,108
12811,106
12813,107
12815,106
12817,107
12819,106
12821,105
12833,107
12835,106
12837,107
12839,105
12841,106
12843,105
12845,105
12847,105
12849,107
12851,106
12853,105
12865,107
12867,106
12869,109
12871,108
12873,105
12875,109
12877,115
12879,105
12881,107
12883,104
12895,107
12897,106
12899,106
12901,106
12903,108
12905,108
12907,107
12909,105
12911,107
12913,106
12915,107
12927,108
12929,108
12931,105
12933,111
12935,106
12937,107
12939,103
12941,89
12943,106
12945,106
12947,106
12959,100
12961,107
12963,106
12965,105
12967,107
12969,106
12971,105
12973,106
12975,105
12977,107
12979,107
12991,107
12993,108
12995,105
12997,108
12999,105
13001,107
13003,107
13005,105
13007,110
13009,105
13011,105
13023,106
13025,105
13027,108
13029,108
13031,105
13033,106
13035,106
13037,108
13039,106
13041,103
13043,106
13055,106
13057,105
13059,106
13061,106
13063,104
13065,109
13067,105
13069,105
13071,105
13073,109
13075,107
13087,107
13089,105
13091,105
13093,104
13095,106
13097,107
13099,107
13101,106
13103,151
13105,106
13117,105
13119,104
13121,103
13123,103
13125,103
13127,105
13129,107
13131,106
13133,106
13135,104
13137,105
13149,104
13151,104
13153,104
13155,103
13157,105
13159,105
13161,106
13163,106
13165,104
13167,105
13169,105
13181,105
13183,107
13185,105
13187,105
13189,105
13191,105
13193,107
13195,103
13197,106
13199,104
13201,105
13213,105
13215,106
13217,105
13219,106
13221,103
13223,105
13225,106
13227,105
13229,105
13231,106
13233,105
13245,106
13247,105
13249,105
13251,105
13253,106
13255,105
13257,105
13259,106
13261,106
13263,105
13265,104
13277,105
13279,105
13281,106
13283,106
13285,105
13287,107
13289,106
13291,104
13293,103
13295,105
13297,106
13309,105
13311,104
13313,106
13315,106
13317,106
13319,105
13321,105
13323,105
13325,102
13327,105
13339,105
13341,105
13343,104
13345,105
13347,105
13349,105
13351,106
13353,106
13355,106
13357,105
13359,105
13371,105
13373,105
13375,107
13377,104
13379,105
13381,105
13383,105
13385,103
13387,105
13389,104
13391,106
13403,105
13405,105
13407,105
13409,106
13411,105
13413,105
13415,106
13417,105
13419,105
13421,105
13423,105
13435,105
13437,102
13439,105
13441,106
13443,105
13445,105
13447,105
13449,105
13451,109
13453,105
13455,105
13467,105
13469,105
13471,104
13473,105
13475,105
13477,105
13479,105
13481,105
13483,105
13485,105
13487,105
13499,104
13501,107
13503,105
13505,105
13507,105
13509,106
13511,105
13513,106
13515,105
13517,105
13529,105
13531,103
13533,105
13535,106
13537,106
13539,104
13541,104
13543,105
13545,105
13547,106
13549,104
13561,106
13563,105
13565,105
13567,105
13569,106
13571,105
13573,105
13575,104
13577,105
13579,105
13581,105
13593,105
13595,105
13597,105
13599,105
13601,104
13603,105
13605,105
13607,105
13609,105
13611,105
13613,104
13625,106
13627,104
13629,105
13631,104
13633,104
13635,105
13637,105
13639,105
13641,103
13643,105
13645,105
13657,105
13659,106
13661,105
13663,103
13665,105
13667,105
13669,104
13671,104
13673,105
13675,105
13677,106
13689,105
13691,106
13693,105
13695,105
13697,105
13699,105
13701,104
13703,105
13705,105
13707,105
13709,105
13721,105
13723,104
13725,104
13727,105
13729,105
13731,106
13733,105
13735,105
13737,141
13739,106
13751,105
13753,104
13755,105
13757,105
13759,105
13761,105
13763,106
13765,104
13767,105
13769,102
13771,103
13783,104
13785,105
13787,105
13789,104
13791,106
13793,105
13795,105
13797,106
13799,82
13801,105
13803,105
13815,103
13817,106
13819,103
13821,104
13823,105
13825,104
13827,105
13829,106
13831,105
13833,106
13835,106
13847,105
13849,105
13851,105
13853,105
13855,104
13857,106
13859,105
13861,105
13863,104
13865,105
13867,105
13879,105
13881,105
13883,105
13885,104
13887,108
13889,106
13891,105
13893,103
13895,105
13897,103
13899,106
13911,105
13913,105
13915,105
13917,106
13919,107
13921,104
13923,105
13925,105
13927,105
13929,104
13931,108
13943,105
13945,105
13947,105
13949,107
13951,105
13953,105
13955,105
13957,106
13959,105
13961,103
13973,106
13975,104
13977,105
13979,105
13981,105
13983,105
13985,106
13987,107
13989,105
13991,105
13993,105
14005,104
14007,103
14009,104
14011,106
14013,104
14015,106
14017,105
14019,106
14021,107
14023,105
14025,104
14037,107
14039,105
14041,104
14043,105
14045,105
14047,106
14049,105
14051,105
14053,103
14055,105
14057,104
14069,105
14071,105
14073,105
14075,105
14077,104
14079,105
14081,105
14083,107
14085,105
14087,103
14089,106
14101,104
14103,107
14105,105
14107,105
14109,105
14111,105
14113,105
14115,105
14117,105
14119,106
14121,105
14133,104
14135,105
14137,106
14139,105
14141,105
14143,105
14145,104
14147,105
14149,105
14151,105
14153,106
14165,105
14167,105
14169,105
14171,105
14173,104
14175,105
14177,106
14179,105
14181,102
14183,106
14195,104
14197,105
14199,105
14201,105
14203,105
14205,105
14207,105
14209,105
14211,105
14213,105
14215,105
14227,105
14229,108
14231,105
14233,106
14235,105
14237,106
14239,106
14241,104
14243,105
14245,105
14247,105
14259,106
14261,104
14263,108
14265,105
14267,105
14269,106
14271,105
14273,105
14275,105
14277,105
14279,105
14291,105
14293,106
14295,105
14297,106
14299,105
14301,105
14303,106
14305,105
14307,108
14309,105
14311,105
14323,105
14325,106
14327,107
14329,105
14331,105
14333,102
14335,106
14337,106
14339,105
14341,105
14343,106
14355,105
14357,109
14359,107
14361,106
14363,105
14365,105
14367,105
14369,106
14371,105
14373,106
14385,105
14387,105
14389,105
14391,105
14393,106
14395,107
14397,105
14399,106
14401,107
14403,104
14405,105
14417,106
14419,105
14421,105
14423,105
14425,105
14427,108
14429,105
14431,104
14433,86
14435,104
14437,107
14449,104
14451,106
14453,106
14455,105
14457,106
14459,105
14461,105
14463,108
14465,105
14467,107
14469,106
14481,106
14483,106
14485,105
14487,105
14489,106
14491,106
14493,105
14495,105
14497,107
14499,106
14501,104
14513,105
14515,91
14517,105
14519,105
14521,106
14523,106
14525,105
14527,105
14529,108
14531,104
14533,105
14545,105
14547,103
14549,105
14551,107
14553,108
14555,105
14557,106
14559,105
14561,106
14563,106
14565,104
14577,105
14579,105
14581,106
14583,104
14585,104
14587,106
14589,106
14591,105
14593,105
14595,105
14597,106
14609,105
14611,105
14613,105
14615,105
14617,105
14619,105
14621,106
14623,106
14625,104
14627,104
14629,104
14641,105
14643,105
14645,108
14647,106
14649,106
14651,105
14653,106
14655,106
14657,105
14659,106
14671,105
14673,105
14675,105
14677,105
14679,107
14681,106
14683,105
14685,108
14687,105
14689,105
14691,106
14703,105
14705,105
14707,105
14709,105
14711,106
14713,106
14715,104
14717,105
14719,105
14721,105
14723,106
14735,105
14737,105
14739,105
14741,105
14743,105
14745,103
14747,98
14749,105
14751,104
14753,105
14755,105
14767,105
14769,106
14771,105
14773,103
14775,104
14777,105
14779,105
14781,104
14783,103
14785,103
14787,104
14799,105
14801,106
14803,105
14805,105
14807,104
14809,105
14811,105
14813,105
14815,106
14817,103
14819,105
14831,105
14833,105
14835,107
14837,105
14839,105
14841,105
14843,111
14845,106
14847,105
14849,106
14851,117
14863,104
14865,105
14867,105
14869,106
14871,105
14873,105
14875,106
14877,105
14879,105
14881,106
14893,107
14895,106
14897,107
14899,105
14901,105
14903,105
14905,104
14907,105
14909,106
14911,105
14913,105
14925,106
14927,107
14929,106
14931,108
14933,105
14935,104
14937,105
14939,105
14941,105
14943,105
14945,106
14957,105
14959,104
14961,105
14963,106
14965,84
14967,105
14969,107
14971,105
14973,106
14975,104
14977,105
14989,105
14991,106
14993,104
14995,105
14997,105
14999,106
15001,105
15003,104
15005,105
15007,105
15009,106
15021,107
15023,105
15025,105
15027,82
15029,105
15031,105
15033,104
15035,105
15037,108
15039,106
15041,105
15053,105
15055,105
15057,105
15059,106
15061,105
15063,103
15065,105
15067,106
15069,104
15071,107
15073,105
15085,105
15087,105
15089,105
15091,105
15093,106
15095,105
15097,107
15099,105
15101,103
15103,105
15105,105
15117,105
15119,105
15121,105
15123,106
15125,105
15127,106
15129,111
15131,106
15133,105
15135,105
15147,106
15149,102
15151,105
15153,105
15155,105
15157,105
15159,105
15161,106
15163,104
15165,105
15167,109
15179,105
15181,103
15183,105
15185,106
15187,106
15189,106
15191,105
15193,105
15195,105
15197,105
15199,105
15211,105
15213,107
15215,105
15217,105
15219,104
15221,103
15223,106
15225,104
15227,105
15229,105
15231,108
15243,105
15245,105
15247,105
15249,105
15251,104
15253,105
15255,105
15257,105
15259,105
15261,105
15263,105
15275,104
15277,106
15279,104
15281,105
15283,104
15285,105
15287,105
15289,105
15291,107
15293,106
15295,105
15307,103
15309,106
15311,105
15313,107
15315,105
15317,105
15319,105
15321,105
15323,106
15325,106
15327,109
15339,105
15341,105
15343,105
15345,106
15347,105
15349,106
15351,105
15353,105
15355,105
15357,106
15369,105
15371,105
15373,105
15375,105
15377,105
15379,106
15381,105
15383,104
15385,105
15387,101
15389,105
15401,103
15403,105
15405,105
15407,105
15409,102
15411,106
15413,106
15415,105
15417,105
15419,105
15421,105
15433,105
15435,105
15437,106
15439,105
15441,106
15443,106
15445,105
15447,104
15449,106
15451,105
15453,105
15465,104
15467,107
15469,105
15471,105
15473,105
15475,105
15477,105
15479,105
15481,105
15483,106
15485,107
15497,109
15499,105
15501,106
15503,105
15505,105
15507,106
15509,103
15511,105
15513,105
15515,105
15517,103
15529,105
15531,105
15533,105
15535,105
15537,105
15539,105
15541,106
15543,105
15545,106
15547,107
15559,105
15561,105
15563,103
15565,105
15567,105
15569,105
15571,106
15573,104
15575,105
15577,105
15579,105
15591,105
15593,106
15595,103
15597,106
15599,106
15601,105
15603,103
15605,105
15607,105
15609,105
15611,105
15623,105
15625,105
15627,106
15629,103
15631,105
15633,106
15635,106
15637,105
15639,106
15641,105
15643,105
15655,106
15657,105
15659,106
15661,105
15663,106
15665,105
15667,106
15669,105
15671,106
15673,105
15675,103
15687,101
15689,105
15691,105
15693,105
15695,105
15697,106
15699,106
15701,105
15703,105
15705,106
15707,105
15719,105
15721,106
15723,105
15725,105
15727,107
15729,104
15731,106
15733,105
15735,104
15737,105
15739,105
15751,105
15753,105
15755,103
15757,105
15759,105
15761,105
15763,103
15765,104
15767,105
15769,104
15781,105
15783,106
15785,106
15787,106
15789,106
15791,105
15793,103
15795,103
15797,103
15799,107
15801,105
15813,108
15815,105
15817,105
15819,105
15821,105
15823,105
15825,65
15827,105
15829,105
15831,105
15833,103
15845,89
15847,107
15849,106
15851,105
15853,107
15855,105
15857,105
15859,107
15861,105
15863,106
15865,106
15877,105
15879,106
15881,105
15883,108
15885,106
15887,106
15889,107
15891,103
15893,105
15895,105
15897,104
15909,106
15911,106
15913,105
15915,105
15917,105
15919,105
15921,108
15923,105
15925,105
15927,105
15929,105
15941,104
15943,105
15945,105
15947,103
15949,104
15951,106
15953,105
15955,106
15957,105
15959,105
15961,105
15973,106
15975,105
15977,105
15979,108
15981,108
15983,105
15985,105
15987,105
15989,105
15991,106
15993,106
16005,105
16007,104
16009,114
16011,106
16013,106
16015,108
16017,105
16019,-173
16021,-175
16023,-173
16035,-60
16037,-20
16039,26
16041,74
16043,126
16045,179
16047,234
16049,255
16051,255
16053,255
16055,255
16067,92
16069,13
16071,-45
16073,-97
16075,-67
16077,-105
16079,-115
16081,-72
16083,-87
16085,-109
16087,-78
16099,0
16101,33
16103,17
16105,46
16107,98
16109,98
16111,122
16113,169
16115,151
16117,136
16119,157
16121,137
16133,122
16135,-93
16137,-121
16139,-139
16141,-107
16143,-113
16145,-118
16147,-85
16149,-77
16151,-80
16163,56
16165,101
16167,139
16169,131
16171,149
16173,176
16175,160
16177,165
16179,174
16181,140
16183,107
16195,88
16197,-124
16199,-101
16201,-136
16203,-134
16205,-103
16207,-124
16209,-118
16211,-81
16213,-85
16225,97
16227,92
16229,151
16231,191
16233,181
16235,218
16237,239
16239,200
16241,195
16243,182
16245,131
16257,97
16259,-98
16261,-113
16263,-118
16265,-158
16267,-170
16269,-162
16271,-185
16273,-184
16275,-148
16287,13
16289,56
16291,93
16293,175
16295,220
16297,238
16299,255
16301,255
16303,255
16305,255
16307,255
16319,-40
16321,-68
16323,-53
16325,-114
16327,-128
16329,-106
16331,-149
16333,-172
16335,-143
16337,-165
16349,-40
16351,-39
16353,13
16355,72
16357,92
16359,150
16361,215
16363,218
16365,235
16367,255
16369,255
16371,255
16383,255
16385,-27
16387,-55
16389,-44
16391,-96
16393,-116
16395,-108
16397,-137
16399,-159
16401,-142
16413,-77
16415,-45
16417,-37
16419,29
16421,42
16423,57
16425,111
16427,163
16429,171
16431,201
16433,237
16445,230
16447,110
16449,58
16451,21
16453,-45
16455,-65
16457,-22
16459,-60
16461,-82
16463,-43
16465,-66
16477,-38
16479,-60
16481,-26
16483,-6
16485,-25
16487,-2
16489,14
16491,-11
16493,3
16495,33
16497,21
16499,23
16511,13
16513,41
16515,28
16517,13
16519,32
16521,24
16523,-1
16525,3
16527,-4
16529,-26
16531,-24
16533,-24
16545,-23
16547,-32
16549,-25
16551,-17
16553,-21
16555,-25
16557,-10
16559,-15
16561,-19
16563,-11
16565,-15
16577,-14
16579,-17
16581,-13
16583,-8
16585,-10
16587,-4
16589,3
16591,8
16593,13
16595,20
16597,23
16609,28
16611,25
16613,28
16615,23
16617,23
16619,26
16621,23
16623,17
16625,16
16627,12
16629,4
16631,-3
16633,-9
16645,-40
16647,-43
16649,-47
16651,-48
16653,-51
16655,-50
16657,-40
16659,-24
16661,-16
16663,-6
16665,6
16677,72
16679,78
16681,83
16683,85
16685,82
16687,73
16689,64
16691,55
16693,39
16695,29
16697,19
16699,7
16711,8
16713,3
16715,1
16717,-6
16719,-6
16721,-11
16723,-17
16725,-21
16727,-20
16729,-22
16731,-20
16733,-19
16745,-7
16747,-6
16749,-5
16751,3
16753,3
16755,4
16757,8
16759,10
16761,12
16763,15
16765,17
16767,17
16769,15
16781,6
16783,4
16785,-3
16787,-6
16789,-8
16791,-15
16793,-20
16795,-24
16797,-27
16799,-32
16801,-34
16813,-25
16815,-22
16817,-15
16819,-12
16821,-7
16823,0
16825,4
16827,11
16829,13
16831,18
16833,22
16835,22
16847,14
16849,13
16851,11
16853,7
16855,4
16857,3
16859,0
16861,-6
16863,-7
16865,-11
16867,-15
16869,-20
16871,-21
16883,-27
16885,-26
16887,-24
16889,-25
16891,-16
16893,-15
16895,-10
16897,-6
16899,-3
16901,1
16903,6
16915,18
16917,19
16919,20
16921,18
16923,21
16925,19
16927,18
16929,15
16931,-11
16933,9
16935,5
16937,3
16939,0
16951,-20
16953,-24
16955,-25
16957,-27
16959,-25
16961,-20
16963,-13
16965,-4
16967,2
16969,13
16971,18
16983,41
16985,41
16987,43
16989,46
16991,42
16993,40
16995,36
16997,28
16999,24
17001,18
17003,8
17005,9
17007,7
17019,15
17021,13
17023,10
17025,8
17027,4
17029,3
17031,0
17033,-1
17035,-2
17037,-4
17039,-6
17041,-6
17043,-9
17055,-15
17057,-15
17059,-17
17061,-17
17063,-15
17065,-15
17067,-14
17069,-11
17071,-11
17073,-11
17075,-9
17087,-6
17089,-5
17091,-5
17093,-2
17095,38
17097,0
17099,1
17101,0
17103,-1
17105,-1
17107,3
17109,0
17121,0
17123,-1
17125,-1
17127,0
17129,0
17131,0
17133,0
17135,1
17137,3
17139,5
17141,9
17143,9
17145,10
17147,13
17159,5
17161,7
17163,5
17165,7
17167,3
17169,4
17171,7
17173,7
17175,6
17177,4
17179,6
17181,6
17183,6
17185,6
17197,1
17199,13
17201,3
17203,0
17205,1
17207,-1
17209,2
17211,3
17213,0
17215,0
17217,2
17219,0
17221,-1
17233,-1
17235,-1
17237,1
17239,-1
17241,-1
17243,-1
17245,-1
17247,0
17249,3
17251,0
17253,0
17255,-1
17257,0
17269,0
17271,-1
17273,2
17275,1
17277,1
17279,1
17281,1
17283,0
17285,0
17287,1
17289,2
17291,-1
17293,-1
17295,0
17307,1
17309,2
17311,1
17313,0
17315,0
17317,3
17319,0
17321,2
17323,0
17325,1
17327,2
17329,0
17331,3
17333,0
17345,0
17347,2
17349,-1
17351,0
17353,0
17355,-3
17357,-1
17359,-1
17361,1
17363,2
17365,-1
17367,1
17369,1
17381,-1
17383,-1
17385,-1
17387,0
17389,-1
17391,2
17393,0
17395,1
17397,2
17399,1
17401,3
17403,2
17405,0
17417,2
17419,3
17421,0
17423,0
17425,1
17427,0
17429,1
17431,0
17433,0
17435,3
17437,1
17439,0
17441,0
17443,0
17455,0
17457,3
17459,0
17461,0
17463,4
17465,1
17467,1
17469,1
17471,1
17473,0
17475,1
17477,3
17479,0
17481,2
17493,0
17495,0
17497,2
17499,0
17501,0
17503,3
17505,0
17507,0
17509,0
17511,0
17513,0
17515,1
17517,2
17519,0
17531,0
17533,0
17535,-1
17537,1
17539,0
17541,0
17543,0
17545,1
17547,3
17549,0
17551,0
17553,0
17555,1
17557,0
17569,4
17571,0
17573,2
17575,0
17577,0
17579,3
17581,0
17583,1
17585,23
17587,1
17589,0
17591,3
17593,2
17595,0
17607,2
17609,0
17611,1
17613,0
17615,0
17617,0
17619,1
17621,1
17623,0
17625,2
17627,-3
17629,3
17631,-2
17633,1
17645,0
17647,-11
17649,0
17651,0
17653,0
17655,1
17657,1
17659,1
17661,0
17663,-1
17665,2
17667,2
17669,0
17681,3
17683,1
17685,1
17687,1
17689,0
17691,0
17693,0
17695,0
17697,0
17699,0
17701,0
17703,-1
17705,2
17707,0
17719,1
17721,1
17723,-1
17725,0
17727,0
17729,0
17731,0
17733,0
17735,1
17737,-1
17739,1
17741,2
17743,2
17745,0
17757,3
17759,0
17761,0
17763,3
17765,0
17767,0
17769,0
17771,0
17773,2
17775,0
17777,0
17779,1
17781,1
17783,1
17795,0
17797,0
17799,0
17801,0
17803,1
17805,0
17807,0
17809,1
17811,1
17813,0
17815,1
17817,2
17819,2
17821,2
17833,1
17835,0
17837,0
17839,1
17841,0
17843,0
17845,0
17847,1
17849,3
17851,0
17853,0
17855,0
17857,0
17859,0
17871,3
17873,0
17875,0
17877,2
17879,0
17881,0
17883,3
17885,0
17887,3
17889,1
17891,0
17893,0
17895,0
17907,-1
17909,2
17911,2
17913,2
17915,13
17917,0
17919,0
17921,1
17923,-1
17925,0
17927,0
17929,0
17931,0
17933,26
17945,0
17947,3
17949,0
17951,3
17953,3
17955,1
17957,0
17959,0
17961,2
17963,2
17965,1
17967,0
17969,0
17971,0
17983,1
17985,2
17987,0
17989,2
17991,2
17993,1
17995,0
17997,0
17999,0
18001,0
18003,0
18005,2
18007,3
18009,1
18021,1
18023,0
18025,2
18027,0
18029,0
18031,2
18033,0
18035,0
18037,1
18039,1
18041,0
18043,0
18045,0
18047,1
18059,0
18061,2
18063,2
18065,3
18067,0
18069,0
18071,0
18073,0
18075,0
18077,0
18079,1
18081,3
18083,2
18085,0
18097,3
18099,2
18101,1
18103,0
18105,2
18107,0
18109,0
18111,0
18113,1
18115,0
18117,3
18119,0
18121,0
18123,0
18135,0
18137,0
18139,1
18141,3
18143,1
18145,0
18147,0
18149,2
18151,0
18153,3
18155,1
18157,0
18159,0
18161,1
18173,0
18175,0
18177,2
18179,0
18181,0
18183,0
18185,0
18187,0
18189,2
18191,0
18193,1
18195,1
18197,3
18199,0
18211,0
18213,0
18215,2
18217,0
18219,1
18221,1
18223,0
18225,0
18227,2
18229,0
18231,0
18233,1
18235,0
18237,1
18249,1
18251,3
18253,0
18255,1
18257,0
18259,2
18261,-23
18263,1
18265,0
18267,0
18269,0
18271,0
18273,2
18285,0
18287,0
18289,2
18291,1
18293,1
18295,0
18297,0
18299,3
18301,0
18303,3
18305,0
18307,4
18309,-1
18311,2
18323,3
18325,0
18327,0
18329,0
18331,2
18333,2
18335,0
18337,2
18339,0
18341,-1
18343,1
18345,0
18347,2
18349,1
18361,0
18363,0
18365,0
18367,2
18369,1
18371,0
18373,2
18375,1
18377,1
18379,2
18381,0
18383,-1
18385,1
18387,2
18399,0
18401,0
18403,-1
18405,0
18407,3
18409,0
18411,3
18413,0
18415,-1
18417,0
18419,0
18421,0
18423,-1
18435,-1
18437,0
18439,1
18441,1
18443,1
18445,1
18447,1
18449,1
18451,4
18453,3
18455,3
18457,-1
18459,2
18461,0
18473,1
18475,1
18477,0
18479,2
18481,0
18483,-1
18485,1
18487,-14
18489,-3
18491,2
18493,0
18495,0
18497,2
18509,1
18511,1
18513,0
18515,3
18517,1
18519,3
18521,1
18523,2
18525,1
18527,-1
18529,0
18531,0
18533,0
18535,0
18547,0
18549,1
18551,0
18553,1
18555,0
18557,1
18559,2
18561,0
18563,3
18565,0
18567,1
18569,1
18571,3
18573,1
18585,1
18587,1
18589,-1
18591,0
18593,0
18595,2
18597,0
18599,0
18601,1
18603,2
18605,3
18607,0
18609,10
18611,0
18623,0
18625,1
18627,0
18629,-11
18631,0
18633,0
18635,0
18637,2
18639,0
18641,2
18643,3
18645,0
18647,2
18659,0
18661,1
18663,0
18665,-1
18667,2
18669,2
18671,33
18673,0
18675,1
18677,1
18679,2
18681,0
18683,3
18685,1
18697,-1
18699,1
18701,2
18703,-1
18705,0
18707,2
18709,3
18711,1
18713,1
18715,1
18717,0
18719,0
18721,1
18723,3
18735,3
18737,1
18739,1
18741,2
18743,0
18745,0
18747,0
18749,3
18751,0
18753,0
18755,2
18757,0
18759,0
18761,0
18773,0
18775,2
18777,1
18779,0
18781,1
18783,2
18785,2
18787,4
18789,0
18791,2
18793,0
18795,0
18797,0
18799,2
18811,0
18813,-2
18815,3
18817,0
18819,2
18821,2
18823,0
18825,1
18827,0
18829,2
18831,1
18833,3
18835,0
18837,1
18849,0
18851,0
18853,1
18855,1
18857,3
18859,0
18861,0
18863,2
18865,2
18867,0
18869,0
18871,1
18873,2
18875,1
18887,0
18889,0
18891,-1
18893,0
18895,0
18897,-1
18899,2
18901,0
18903,2
18905,1
18907,3
18909,2
18911,0
18923,2
18925,1
18927,-1
18929,0
18931,1
18933,0
18935,0
18937,-1
18939,-1
18941,0
18943,-1
18945,2
18947,0
18949,0
18961,2
18963,0
18965,0
18967,0
18969,1
18971,0
18973,2
18975,0
18977,-9
18979,0
18981,2
18983,2
18985,0
18997,0
18999,0
19001,2
19003,3
19005,0
19007,0
19009,0
19011,0
19013,2
19015,0
19017,0
19019,255
19021,255
19023,255
19035,219
19037,213
19039,205
19041,199
19043,200
19045,194
19047,184
19049,182
19051,174
19053,160
19055,149
19067,83
19069,75
19071,66
19073,57
19075,56
19077,51
19079,47
19081,46
19083,46
19085,46
19087,50
19089,52
19101,92
19103,100
19105,110
19107,122
19109,124
19111,134
19113,140
19115,144
19117,152
19119,159
19121,160
19133,168
19135,165
19137,163
19139,157
19141,155
19143,151
19145,144
19147,142
19149,135
19151,129
19153,125
19165,90
19167,85
19169,80
19171,82
19173,90
19175,94
19177,100
19179,107
19181,114
19183,114
19185,118
19197,129
19199,129
19201,127
19203,126
19205,127
19207,126
19209,124
19211,125
19213,125
19215,123
19217,123
19229,114
19231,113
19233,114
19235,113
19237,111
19239,111
19241,110
19243,109
19245,111
19247,113
19249,111
19261,114
19263,115
19265,114
19267,114
19269,114
19271,115
19273,117
19275,115
19277,115
19279,115
19281,115
19293,110
19295,111
19297,110
19299,111
19301,110
19303,108
19305,110
19307,110
19309,111
19311,111
19313,113
19325,111
19327,115
19329,113
19331,115
19333,115
19335,114
19337,115
19339,113
19341,114
19343,113
19355,126
19357,111
19359,111
19361,110
19363,110
19365,112
19367,116
19369,113
19371,113
19373,113
19375,113
19387,112
19389,115
19391,115
19393,115
19395,114
19397,113
19399,113
19401,112
19403,114
19405,113
19407,113
19419,111
19421,113
19423,114
19425,113
19427,115
19429,113
19431,108
19433,114
19435,112
19437,112
19439,113
19451,112
19453,114
19455,113
19457,114
19459,113
19461,112
19463,113
19465,110
19467,114
19469,114
19471,112
19483,115
19485,112
19487,113
19489,114
19491,115
19493,114
19495,115
19497,113
19499,112
19501,113
19503,115
19515,115
19517,112
19519,114
19521,111
19523,113
19525,113
19527,114
19529,113
19531,112
19533,113
19545,112
19547,113
19549,113
19551,112
19553,110
19555,115
19557,112
19559,112
19561,111
19563,113
19565,113
19577,112
19579,113
19581,113
19583,112
19585,113
19587,113
19589,114
19591,112
19593,114
19595,114
19597,113
19609,115
19611,115
19613,112
19615,113
19617,113
19619,113
19621,113
19623,113
19625,113
19627,113
19629,113
19641,112
19643,113
19645,113
19647,112
19649,111
19651,113
19653,114
19655,111
19657,113
19659,112
19661,114
19673,103
19675,111
19677,110
19679,113
19681,114
19683,114
19685,112
19687,113
19689,114
19691,112
19693,115
19705,114
19707,115
19709,115
19711,113
19713,113
19715,114
19717,115
19719,114
19721,113
19723,114
19725,115
19737,113
19739,113
19741,115
19743,114
19745,113
19747,112
19749,114
19751,113
19753,112
19755,114
19767,113
19769,114
19771,110
19773,112
19775,114
19777,112
19779,113
19781,110
19783,113
19785,113
19787,114
19799,115
19801,114
19803,111
19805,110
19807,111
19809,111
19811,114
19813,113
19815,111
19817,113
19819,114
19831,114
19833,112
19835,114
19837,113
19839,113
19841,114
19843,115
19845,112
19847,110
19849,114
19851,114
19863,115
19865,113
19867,114
19869,113
19871,115
19873,113
19875,114
19877,114
19879,129
19881,113
19883,114
19895,113
19897,114
19899,115
19901,114
19903,114
19905,113
19907,114
19909,114
19911,111
19913,113
19915,115
19927,111
19929,113
19931,112
19933,112
19935,113
19937,111
19939,114
19941,115
19943,114
19945,113
19947,113
19959,111
19961,115
19963,114
19965,112
19967,113
19969,111
19971,115
19973,113
19975,111
19977,115
19989,114
19991,114
19993,113
19995,114
19997,114
19999,114
20001,114
20003,111
20005,113
20007,114
20009,113
20021,104
20023,113
20025,114
20027,114
20029,115
20031,112
20033,115
20035,114
20037,115
20039,115
20041,114
20053,114
20055,111
20057,115
20059,112
20061,114
20063,115
20065,114
20067,113
20069,110
20071,113
20073,114
20085,114
20087,112
20089,112
20091,110
20093,113
20095,112
20097,113
20099,114
20101,111
20103,113
20105,114
20117,111
20119,112
20121,114
20123,113
20125,110
20127,113
20129,115
20131,112
20133,113
20135,112
20137,113
20149,114
20151,114
20153,111
20155,114
20157,114
20159,110
20161,113
20163,114
20165,114
20167,113
20179,111
20181,113
20183,113
20185,114
20187,111
20189,113
20191,114
20193,114
20195,113
20197,112
20199,113
20211,115
20213,114
20215,114
20217,115
20219,113
20221,113
20223,111
20225,113
20227,114
20229,114
20231,111
20243,114
20245,113
20247,124
20249,113
20251,113
20253,114
20255,113
20257,114
20259,114
20261,112
20263,111
20275,114
20277,113
20279,113
20281,114
20283,112
20285,114
20287,115
20289,114
20291,113
20293,115
20295,116
20307,120
20309,122
20311,122
20313,125
20315,127
20317,128
20319,132
20321,132
20323,135
20325,136
20327,135
20339,151
20341,151
20343,153
20345,157
20347,156
20349,154
20351,159
20353,162
20355,161
20357,164
20359,166
20371,174
20373,173
20375,173
20377,175
20379,174
20381,178
20383,180
20385,184
20387,187
20389,194
20401,226
20403,233
20405,240
20407,246
20409,252
20411,229
20413,255
20415,255
20417,255
20419,255
20421,255
20433,255
20435,255
20437,255
20439,255
20441,255
20443,255
20445,255
20447,255
20449,255
20451,255
20453,255
20465,255
20467,255
20469,255
20471,255
20473,255
20475,255
20477,255
20479,255
20481,255
20483,255
20485,255
20497,255
20499,255
20501,255
20503,255
20505,255
20507,255
20509,255
20511,255
20513,255
20515,255
20517,255
20529,255
20531,255
20533,255
20535,255
20537,255
20539,255
20541,255
20543,255
20545,255
20547,255
20549,255
20561,255
20563,255
20565,255
20567,255
20569,255
20571,255
20573,255
20575,253
20577,255
20579,255
20591,255
20593,255
20595,255
20597,255
20599,255
20601,255
20603,255
20605,255
20607,255
20609,255
20611,255
20623,255
20625,255
20627,255
20629,255
20631,255
20633,255
20635,255
20637,255
20639,255
20641,255
20643,255
20655,255
20657,255
20659,255
20661,255
20663,255
20665,255
20667,255
20669,255
20671,255
20673,255
20675,255
20687,255
20689,255
20691,255
20693,255
20695,255
20697,255
20699,255
20701,255
20703,255
20705,255
20707,255
20719,255
20721,255
20723,255
20725,255
20727,255
20729,255
20731,255
20733,255
20735,255
20737,255
20739,255
20751,255
20753,255
20755,255
20757,255
20759,255
20761,255
20763,255
20765,255
20767,255
20769,255
20771,255
20783,255
20785,255
20787,255
20789,255
20791,255
20793,255
20795,255
20797,255
20799,255
20801,255
20813,255
20815,255
20817,255
20819,255
20821,255
20823,255
20825,255
20827,255
20829,255
20831,255
20833,255
20845,255
20847,255
20849,255
20851,255
20853,255
20855,255
20857,255
20859,255
20861,255
20863,255
20865,255
20877,255
20879,255
20881,255
20883,255
20885,255
20887,255
20889,255
20891,255
20893,255
20895,255
20897,255
20909,255
20911,255
20913,255
20915,255
20917,255
20919,255
20921,255
20923,255
20925,255
20927,255
20929,255
20941,255
20943,255
20945,255
20947,255
20949,255
20951,255
20953,255
20955,255
20957,255
20959,255
20961,255
20973,255
20975,255
20977,255
20979,255
20981,255
20983,255
20985,255
20987,255
20989,255
20991,255
20993,255
21005,255
21007,255
21009,255
21011,255
21013,255
21015,255
21017,255
21019,255
21021,255
21023,255
21035,255
21037,255
21039,255
21041,255
21043,255
21045,255
21047,255
21049,255
21051,255
21053,255
21055,255
21067,255
21069,255
21071,255
21073,255
21075,255
21077,255
21079,255
21081,255
21083,255
21085,255
21087,255
21099,255
21101,255
21103,255
21105,255
21107,255
21109,255
21111,255
21113,255
21115,255
21117,255
21119,255
21131,255
21133,255
21135,255
21137,255
21139,255
21141,255
21143,255
21145,255
21147,255
21149,255
21151,255
21163,255
21165,255
21167,255
21169,255
21171,255
21173,255
21175,255
21177,255
21179,255
21181,255
21183,255
21195,255
21197,255
21199,255
21201,255
21203,255
21205,255
21207,255
21209,255
21211,255
21213,255
21225,255
21227,255
21229,255
21231,255
21233,255
21235,255
21237,255
21239,255
21241,255
21243,255
21245,255
21257,255
21259,255
21261,255
21263,255
21265,255
21267,255
21269,255
21271,255
21273,255
21275,255
21277,255
21289,255
21291,255
21293,255
21295,255
21297,255
21299,255
21301,255
21303,255
21305,255
21307,255
21309,255
21321,255
21323,255
21325,255
21327,255
21329,255
21331,255
21333,255
21335,255
21337,255
21339,255
21341,255
21353,255
21355,255
21357,255
21359,255
21361,255
21363,255
21365,255
21367,255
21369,255
21371,255
21373,255
21385,255
21387,255
21389,255
21391,255
21393,255
21395,255
21397,255
21399,255
21401,255
21403,255
21405,255
21417,255
21419,255
21421,255
21423,255
21425,255
21427,255
21429,255
21431,255
21433,255
21435,255
21447,255
21449,255
21451,255
21453,255
21455,255
21457,255
21459,255
21461,255
21463,255
21465,255
21467,255
21479,255
21481,255
21483,255
21485,255
21487,255
21489,255
21491,255
21493,255
21495,255
21497,255
21499,255
21511,255
21513,255
21515,255
21517,255
21519,255
21521,255
21523,255
21525,255
21527,255
21529,255
21531,255
21543,255
21545,255
21547,255
21549,255
21551,255
21553,255
21555,255
21557,255
21559,255
21561,255
21563,255
21575,255
21577,255
21579,255
21581,255
21583,255
21585,255
21587,255
21589,255
21591,255
21593,255
21595,255
21607,255
21609,255
21611,255
21613,255
21615,255
21617,255
21619,255
21621,255
21623,255
21625,255
21637,255
21639,255
21641,255
21643,255
21645,255
21647,255
21649,255
21651,255
21653,255
21655,255
21657,255
21669,255
21671,255
21673,255
21675,255
21677,255
21679,255
21681,255
21683,255
21685,255
21687,255
21689,255
21701,255
21703,255
21705,255
21707,255
21709,255
21711,255
21713,255
21715,255
21717,255
21719,255
21721,255
21733,255
21735,255
21737,255
21739,255
21741,255
21743,255
21745,255
21747,255
21749,255
21751,255
21753,255
21765,255
21767,255
21769,255
21771,255
21773,255
21775,255
21777,255
21779,255
21781,255
21783,255
21785,255
21797,255
21799,255
21801,255
21803,255
21805,255
21807,255
21809,255
21811,255
21813,255
21815,255
21817,255
21829,255
21831,255
21833,255
21835,255
21837,255
21839,255
21841,255
21843,255
21845,255
21847,255
21859,255
21861,255
21863,255
21865,255
21867,255
21869,255
21871,255
21873,255
21875,255
21877,255
21879,255
21891,255
21893,255
21895,255
21897,255
21899,255
21901,255
21903,255
21905,255
21907,255
21909,255
21911,255
21923,255
21925,255
21927,255
21929,255
21931,255
21933,255
21935,255
21937,255
21939,255
21941,255
21943,255
21955,255
21957,255
21959,255
21961,255
21963,255
21965,255
21967,255
21969,255
21971,255
21973,255
21975,255
21987,255
21989,255
21991,255
21993,255
21995,255
21997,255
21999,255
22001,255
22003,255
22005,255
22007,255
22019,255
22021,255
22023,255
22025,255
22027,255
22029,255
22031,255
22033,255
22035,255
22037,255
22039,255
22051,255
22053,255
22055,255
22057,255
22059,255
22061,255
22063,255
22065,255
22067,255
22069,255
22081,255
22083,255
22085,255
22087,255
22089,255
22091,255
22093,255
22095,255
22097,255
22099,255
22101,255
22113,255
22115,255
22117,255
22119,255
22121,255
22123,255
22125,255
22127,255
22129,255
22131,255
22133,255
22145,255
22147,255
22149,255
22151,255
22153,255
22155,255
22157,255
22159,255
