19,0
31,-1
42,-2
53,-3
63,-4
74,-3
85,-2
95,-5
106,-3
117,-3
128,-1
138,-6
149,-2
160,-4
170,-5
181,-4
192,-5
202,1
213,-3
224,-4
234,-1
245,-5
256,-3
266,-1
277,-5
288,-4
298,-4
309,-1
320,-1
330,0
341,-2
352,-2
363,-2
373,-4
384,-4
395,-4
405,-5
416,-5
427,-6
437,-1
448,-1
459,-3
469,-4
480,-3
491,-1
501,-2
512,-2
523,0
533,-2
544,-2
555,-4
565,-3
576,-2
587,-2
597,-3
608,-4
619,-2
629,-1
640,-6
651,-6
661,-6
672,5
683,5
693,-3
704,-4
715,-4
726,0
736,-4
747,-4
758,-1
768,0
779,0
790,-3
800,-3
811,-3
822,-4
832,-1
843,0
854,41
864,-5
875,-4
886,-4
896,-15
907,-3
918,-3
928,-4
939,-2
950,-1
960,-5
971,0
982,-1
992,-3
1003,-3
1014,-3
1024,-6
1035,-4
1046,-2
1056,-6
1067,-1
1078,-1
1088,-4
1099,-4
1109,-3
1120,-4
1131,-3
1141,-3
1152,-3
1163,-4
1173,-1
1184,-1
1195,-3
1205,-5
1216,-5
1226,-3
1237,-3
1248,-2
1258,-3
1269,-3
1280,-2
1290,-3
1301,-2
1312,-2
1322,-1
1333,-3
1343,-3
1354,-2
1365,-1
1375,-2
1386,-2
1397,0
1407,-6
1418,-4
1428,-5
1439,-1
1450,-3
1460,-2
1471,-2
1482,-1
1492,-3
1503,-3
1514,-4
1524,0
1535,0
1545,-6
1556,-2
1567,-2
1577,-1
1588,-3
1599,-1
1609,-2
1620,-3
1631,-2
1641,-5
1652,-2
1662,-4
1673,-2
1684,-4
1694,-4
1705,-3
1716,-1
1726,-4
1737,-4
1747,-4
1758,-3
1769,-4
1779,-3
1790,-3
1801,-3
1811,-3
1822,-5
1833,-4
1843,-1
1854,-1
1864,-2
1875,-3
1886,-3
1896,-1
1907,-5
1918,-1
1928,-3
1939,0
1950,-2
1960,-5
1971,-5
1981,0
1992,-2
2003,-4
2013,-4
2024,-3
2035,-2
2045,-3
2056,-3
2067,23
2077,-1
2088,-16
2098,-6
2109,-2
2120,10
2130,-3
2141,0
2152,0
2162,-2
2173,-2
2183,-1
2194,-1
2205,-1
2215,2
2226,-3
2237,-1
2247,-2
2258,-1
2269,-1
2279,0
2290,0
2301,-1
2311,0
2322,0
2332,-3
2343,-1
2354,-2
2364,-3
2375,-2
2386,-1
2396,-1
2407,-3
2417,-3
2428,0
2439,-3
2449,0
2460,-1
2471,0
2481,-1
2492,-1
2503,1
2513,-1
2524,-3
2534,-1
2545,-3
2556,-1
2566,-1
2577,0
2588,-2
2598,-2
2609,-2
2620,0
2630,-2
2641,-2
2651,-1
2662,-3
2673,-2
2683,-2
2694,4
2705,-1
2715,0
2726,0
2737,-3
2747,0
2758,0
2768,0
2779,0
2790,-3
2800,-2
2811,-1
2822,-1
2832,0
2843,-1
2854,-2
2864,0
2875,0
2885,-1
2896,0
2907,-1
2917,-1
2928,0
2939,0
2949,-1
2960,-1
2971,-1
2981,-2
2992,0
3002,0
3013,0
3024,-3
3034,-1
3045,-1
3056,-1
3066,0
3077,0
3087,-2
3098,-2
3109,0
3119,-2
3130,2
3141,5
3151,-1
3162,0
3173,-1
3183,-1
3194,-1
3204,-2
3215,-2
3226,-2
3236,0
3247,-2
3258,-1
3268,-3
3279,-2
3290,-1
3300,-2
3311,-2
3322,-1
3332,-2
3343,-2
3353,-3
3364,0
3375,-2
3385,-1
3396,-2
3407,0
3417,0
3428,-1
3438,-1
3449,0
3460,-3
3470,-1
3481,0
3492,-2
3502,0
3513,-1
3524,-2
3534,1
3545,-4
3555,-3
3566,-1
3577,-1
3587,0
3598,-2
3609,-1
3619,0
3630,0
3641,0
3651,-3
3662,-3
3672,14
3683,-2
3694,-5
3704,-3
3715,-1
3726,-4
3736,-2
3747,-2
3758,-3
3768,-3
3779,-3
3789,-4
3800,-2
3811,-3
3821,-3
3832,-3
3843,-3
3853,-3
3864,-4
3874,-3
3885,-2
3896,-4
3906,-5
3917,-4
3928,0
3938,-4
3949,-4
3960,-2
3970,-4
3981,-4
3991,-5
4002,-1
4013,-4
4023,-1
4034,-2
4045,-2
4055,-3
4066,-3
4077,-4
4088,-4
4098,-3
4109,-5
4119,-5
4130,-2
4141,-5
4151,-2
4162,-3
4173,-4
4183,-2
4194,-2
4204,-4
4215,-4
4226,-1
4236,-4
4247,-1
4258,-6
4268,-4
4279,-5
4290,-3
4300,-3
4311,-3
4321,-3
4332,-6
4343,-5
4353,-1
4364,-5
4375,-3
4385,-4
4396,-4
4407,-3
4417,-5
4428,0
4438,-11
4449,-1
4460,-1
4470,-3
4481,-3
4492,-1
4502,-7
4513,-7
4523,-3
4534,-1
4545,-1
4555,-3
4566,-2
4577,-1
4587,-4
4598,0
4609,-2
4619,-1
4630,-1
4640,-2
4651,-1
4662,-1
4672,0
4683,-1
4694,-1
4704,-6
4715,0
4726,-1
4736,0
4747,-1
4758,-2
4768,-1
4779,-1
4789,-1
4800,-1
4811,0
4821,0
4832,0
4843,0
4853,-2
4864,0
4874,-2
4885,-2
4896,-1
4906,-1
4917,-1
4928,-1
4938,0
4949,0
4960,-1
4970,-3
4981,-3
4991,0
5002,0
5013,0
5023,0
5034,255
5045,255
5056,194
5066,150
5077,150
5088,91
5098,43
5109,46
5120,46
5131,112
5141,166
5152,207
5163,207
5173,205
5184,155
5195,155
5206,119
5216,92
5227,57
5238,57
5249,65
5259,120
5270,120
5281,146
5291,151
5302,144
5313,144
5324,129
5334,106
5345,96
5356,84
5366,81
5377,93
5388,93
5399,99
5409,105
5420,105
5431,105
5442,108
5453,109
5463,108
5474,109
5485,107
5496,107
5506,108
5517,108
5528,108
5538,107
5549,107
5560,107
5571,108
5581,108
5592,108
5603,108
5613,106
5624,106
5635,106
5646,109
5656,108
5667,110
5678,107
5688,109
5699,106
5710,106
5721,109
5731,109
5742,107
5753,107
5763,110
5774,110
5785,110
5796,109
5806,107
5817,107
5828,107
5839,109
5849,110
5860,110
5871,107
5881,109
5892,108
5903,108
5914,108
5924,106
5935,110
5946,107
5956,110
5967,110
5978,110
5989,106
5999,106
6010,106
6021,106
6032,110
6042,106
6053,106
6064,108
6074,107
6085,106
6096,106
6107,108
6117,109
6128,106
6139,110
6149,109
6160,110
6171,110
6182,106
6192,108
6203,110
6214,107
6225,109
6235,109
6246,109
6257,106
6267,108
6278,105
6289,105
6300,108
6310,107
6321,107
6332,106
6342,108
6353,106
6364,106
6375,110
6385,110
6396,109
6407,110
6417,107
6428,109
6439,109
6450,109
6460,108
6471,108
6482,108
6492,109
6503,109
6514,109
6525,109
6535,108
6546,106
6557,106
6568,109
6578,99
6589,99
6600,108
6610,108
6621,107
6632,107
6643,108
6653,107
6664,108
6675,109
6686,106
6697,109
6707,106
6718,106
6729,109
6739,108
6750,110
6761,110
6772,108
6782,111
6793,108
6804,108
6815,108
6825,109
6836,109
6847,110
6857,105
6868,109
6879,109
6890,108
6900,107
6911,107
6922,106
6932,110
6943,105
6954,105
6965,109
6975,108
6986,108
6997,108
7007,105
7018,108
7029,108
7040,109
7050,108
7061,108
7072,108
7082,106
7093,108
7104,108
7115,106
7125,107
7136,109
7147,109
7158,108
7168,108
7179,108
7190,109
7200,108
7211,110
7222,110
7233,110
7243,106
7254,109
7265,108
7275,108
7286,106
7297,106
7308,108
7318,107
7329,110
7340,110
7351,111
7361,106
7372,106
7383,109
7393,106
7404,109
7415,109
7426,107
7436,108
7447,108
7458,106
7468,109
7479,107
7490,107
7501,109
7511,108
7522,105
7533,108
7544,107
7554,109
7565,109
7576,110
7586,107
7597,108
7608,108
7619,106
7629,110
7640,110
7651,108
7661,106
7672,107
7683,107
7694,107
7704,110
7715,109
7726,108
7736,107
7747,108
7758,108
7769,110
7779,106
7790,106
7801,106
7811,110
7822,109
7833,109
7844,108
7854,106
7865,108
7876,108
7887,107
7897,109
7908,109
7919,108
7929,110
7940,110
7951,110
7962,105
7972,114
7983,106
7994,109
8004,109
8015,107
8026,107
8037,107
8047,108
8058,110
8069,106
8080,109
8090,110
8101,110
8112,107
8122,108
8133,109
8144,109
8155,110
8165,110
8176,110
8187,106
8197,109
8208,107
8219,107
8230,108
8240,110
8251,110
8262,109
8272,107
8283,108
8294,108
8305,109
8315,106
8326,105
8337,105
8347,110
8358,109
8369,109
8380,105
8390,108
8401,107
8412,107
8423,105
8433,108
8444,108
8455,109
8465,105
8476,108
8487,108
8498,109
8508,109
8519,108
8530,107
8540,109
8551,109
8562,109
8573,110
8583,110
8594,110
8605,110
8616,108
8626,108
8637,108
8648,106
8658,108
8669,108
8680,108
8691,108
8701,106
8712,109
8723,107
8733,109
8744,109
8755,109
8766,106
8776,111
8787,108
8798,106
8809,109
8819,106
8830,106
8841,108
8851,108
8862,108
8873,108
8884,110
8894,109
8905,109
8916,108
8926,109
8937,109
8948,109
8959,108
8969,107
8980,108
8991,108
9001,103
9012,111
9023,111
9034,108
9044,110
9055,108
9066,108
9076,108
9087,107
9098,107
9109,110
9119,109
9130,106
9141,106
9152,109
9162,105
9173,105
9184,108
9194,110
9205,107
9216,107
9227,109
9237,108
9248,108
9259,109
9269,111
9280,107
9291,107
9302,107
9312,107
9323,108
9334,108
9345,111
9356,109
9366,109
9377,107
9388,108
9399,109
9409,109
9420,109
9431,108
9441,109
9452,108
9463,108
9474,110
9484,110
9495,110
9506,106
9516,108
9527,109
9538,109
9549,105
9559,108
9570,108
9581,109
9591,109
9602,108
9613,108
9624,110
9634,110
9645,109
9656,109
9666,110
9677,110
9688,110
9699,110
9709,114
9720,118
9731,118
9742,117
9752,117
9763,117
9774,124
9784,126
9795,129
9806,129
9817,124
9827,126
9838,125
9849,124
9859,125
9870,119
9881,119
9892,119
9902,114
9913,109
9924,109
9935,108
9945,108
9956,108
9967,110
9977,106
9988,108
9999,108
10010,109
10020,95
10031,-183
10042,-190
10052,-128
10063,62
10073,255
10084,255
10095,-255
10105,-255
10116,-141
10126,255
10137,255
10147,112
10158,-255
10169,-249
10179,255
10190,255
10200,255
10211,-94
10222,-255
10232,-110
10243,255
10253,255
10264,127
10275,-178
10285,-252
10296,-143
10306,255
10317,255
10328,-195
10338,-195
10349,-215
10359,36
10370,255
10380,255
10391,-50
10402,-249
10412,223
10423,223
10433,255
10444,81
10455,-177
10465,-97
10476,26
10486,255
10497,255
10508,32
10518,-44
10529,-44
10539,102
10550,255
10561,255
10571,0
10582,-158
10592,-95
10603,61
10614,255
10624,63
10635,63
10645,-140
10656,-142
10667,-52
10677,141
10688,255
10698,255
10709,-94
10720,-255
10730,-124
10741,7
10751,255
10762,255
10773,-108
10783,-198
10794,-47
10804,230
10815,255
10826,-203
10836,-203
10847,-85
10857,255
10868,255
10878,62
10889,-179
10900,-158
10910,255
10921,255
10931,255
10942,13
10953,-178
10963,-56
10974,66
10984,255
10995,255
11006,-7
11016,-10
11027,-10
11037,172
11048,215
11059,136
11069,-104
11080,-170
11090,-8
11101,151
11112,255
11122,190
11133,-90
11144,-253
11154,50
11165,50
11175,255
11186,255
11197,-85
11207,-170
11218,-109
11228,60
11239,255
11250,255
11260,-87
11271,-158
11281,-46
11292,135
11302,255
11313,255
11324,-94
11334,-183
11345,-30
11355,215
11366,255
11377,216
11387,-195
11398,-195
11408,7
11419,255
11430,255
11440,37
11451,-185
11461,-98
11472,70
11483,255
11493,-25
11504,-25
11514,-141
11525,-59
11536,152
11546,255
11557,255
11567,-98
11578,-231
11589,-180
11599,68
11610,255
11620,255
11631,-100
11642,-204
11652,56
11663,56
11673,255
11684,255
11695,-80
11705,-159
11716,-55
11726,247
11737,255
11748,131
11758,-186
11769,-186
11779,57
11790,255
11801,255
11811,-33
11822,-255
11832,-25
11843,255
11854,255
11864,97
11875,-213
11885,-119
11896,66
11907,255
11917,255
11928,-36
11938,-216
11949,8
11960,255
11970,255
11981,123
11991,-186
12002,-193
12012,43
12023,255
12034,255
12044,-255
12055,-255
12065,48
12076,255
12087,255
12097,-109
12108,-255
12118,-37
12129,255
12140,255
12150,58
12161,-187
12171,-50
12182,57
12193,255
12203,255
12214,-35
12224,-235
12235,-68
12245,226
12256,255
12267,216
12277,-224
12288,-224
12298,-22
12309,255
12320,255
12330,5
12341,-225
12351,-58
12362,122
12373,255
12383,-140
12394,-140
12404,-84
12415,115
12426,255
12436,245
12447,-99
12457,-255
12468,-101
12479,189
12489,255
12500,255
12510,-144
12521,-196
12532,-10
12542,255
12553,255
12563,43
12574,-160
12585,-114
12595,75
12606,255
12616,255
12627,-15
12638,-202
12648,241
12659,241
12669,255
12680,84
12691,-207
12701,-127
12712,23
12722,255
12733,255
12744,-15
12754,-252
12765,-60
12775,255
12786,255
12796,145
12807,-209
12818,-168
12828,78
12839,255
12850,255
12860,-117
12871,-237
12882,19
12892,255
12903,255
12913,7
12924,-255
12935,-68
12945,156
12956,255
12966,229
12977,-151
12988,-179
12998,255
13009,255
13019,255
13030,-35
13041,-255
13051,-51
13062,203
13072,255
13083,201
13094,-212
13104,12
13115,12
13125,255
13136,255
13147,73
13157,-180
13168,-163
13178,53
13189,255
13200,255
13210,-85
13221,-255
13232,-72
13242,255
13253,255
13263,58
13274,-203
13285,-124
13295,74
13306,255
13316,255
13327,-99
13338,-196
13348,255
13359,255
13369,255
13380,-39
13391,-255
13401,-95
13412,179
13422,255
13433,232
13444,-160
13454,3
13465,3
13475,225
13486,255
13497,135
13507,-168
13518,-158
13528,62
13539,255
13550,35
13560,35
13571,-206
13581,-114
13592,15
13602,255
13613,255
13624,53
13634,-158
13645,-158
13655,-26
13666,124
13677,255
13687,176
13698,-65
13708,-164
13719,-84
13730,105
13740,255
13751,255
13761,-79
13772,-169
13783,-49
13793,148
13804,255
13814,180
13825,-134
13836,-203
13846,204
13857,204
13867,255
13878,75
13889,-193
13899,-159
13910,-53
13920,240
13931,255
13942,59
13952,-180
13963,-144
13973,45
13984,227
13994,255
14005,83
14016,-180
14026,21
14037,21
14047,202
14058,255
14069,137
14079,-153
14090,-153
14100,36
14111,255
14122,255
14132,77
14143,-134
14153,-130
14164,-24
14175,255
14185,255
14196,204
14206,-113
14217,-143
14228,-90
14238,255
14249,255
14259,255
14270,-94
14281,-178
14291,39
14302,194
14312,255
14323,243
14334,-128
14344,-6
14355,-6
14365,216
14376,255
14387,255
14397,-99
14408,-155
14418,15
14429,255
14440,255
14450,-159
14461,-159
14471,-127
14482,168
14493,255
14503,255
14514,-121
14524,-255
14535,-66
14546,210
14556,255
14567,255
14577,-91
14588,-183
14599,-19
14609,255
14620,255
14630,199
14641,-153
14652,-166
14662,49
14673,255
14683,255
14694,127
14705,-180
14715,43
14726,43
14736,255
14747,255
14758,152
14768,-80
14779,-96
14789,32
14800,220
14811,255
14821,-95
14832,-95
14842,-121
14853,-1
14864,201
14874,255
14885,255
14895,-46
14906,-247
14917,-255
14927,255
14938,255
14948,255
14959,10
14970,-247
14980,-227
14991,-8
15001,255
15012,255
15023,-202
15033,103
15044,103
15054,255
15065,170
15076,170
15086,144
15097,149
15108,149
15119,124
15129,95
15140,95
15151,87
15161,86
15172,99
15183,115
15193,120
15204,117
15215,115
15225,114
15236,113
15247,113
15257,113
15268,109
15279,109
15290,105
15300,110
15311,110
15322,111
15332,109
15343,109
15354,107
15364,110
15375,110
15386,113
15396,108
15407,108
15418,110
15428,111
15439,109
15450,110
15460,109
15471,110
15482,110
15492,111
15503,110
15514,110
15525,112
15535,110
15546,110
15557,110
15567,112
15578,112
15589,113
15599,111
15610,111
15621,111
15631,110
15642,110
15653,110
15663,111
15674,110
15685,109
15695,110
15706,108
15717,108
15727,110
15738,112
15749,112
15759,111
15770,111
15781,111
15792,109
15802,110
15813,110
15824,113
15834,110
15845,109
15856,112
15866,112
15877,110
15888,111
15898,111
15909,112
15920,110
15930,111
15941,109
15952,110
15962,111
15973,110
15984,110
15994,110
16005,113
16016,113
16027,110
16037,114
16048,114
16059,110
16069,110
16080,113
16091,113
16101,115
16112,113
16123,111
16133,111
16144,109
16155,113
16165,112
16176,111
16187,111
16198,111
16208,110
16219,110
16230,110
16241,113
16251,114
16262,114
16273,109
16283,111
16294,111
16305,109
16315,113
16326,110
16337,111
16347,109
16358,114
16369,110
16379,110
16390,111
16401,111
16411,111
16422,111
16433,111
16444,111
16454,111
16465,111
16476,111
16486,110
16497,110
16508,110
16518,109
16529,111
16540,112
16550,112
16561,111
16572,111
16582,110
16593,114
16604,110
16614,113
16625,114
16636,114
16646,110
16657,112
16668,112
16678,113
16689,111
16700,111
16711,113
16721,113
16732,111
16743,111
16753,110
16764,110
16775,111
16785,110
16796,112
16807,112
16817,111
16828,112
16839,111
16849,110
16860,108
16871,108
16882,111
16892,112
16903,112
16914,114
16924,111
16935,111
16946,110
16956,113
16967,113
16978,110
16988,110
16999,112
17010,112
17020,113
17031,109
17042,110
17052,110
17063,109
17074,109
17084,112
17095,110
17106,110
17117,114
17127,112
17138,112
17149,110
17159,113
17170,113
17181,113
17191,130
17202,130
17213,137
17223,147
17234,152
17245,159
17255,166
17266,171
17277,174
17287,193
17298,255
17309,255
17319,255
17330,255
17341,255
17351,255
17362,255
17373,255
17384,255
17394,255
17405,255
17416,255
17426,255
17437,255
17448,255
17458,255
17469,255
17480,255
17490,255
17501,255
17512,255
17522,255
17533,255
17544,255
17554,255
17565,255
17576,255
17586,255
17597,255
17608,255
17619,255
17629,255
17640,255
17651,255
17661,255
17672,255
17683,255
17693,255
17704,255
17715,255
17725,255
17736,255
17747,255
17757,255
17768,255
17779,255
17789,255
17800,255
17811,255
17822,255
17833,255
17843,255
17854,255
17865,255
17875,255
17886,255
17897,255
17907,255
17918,255
17929,255
17939,255
17950,255
17961,255
17971,255
17982,255
17993,255
18003,255
18014,255
18025,255
18036,255
18046,255
18057,255
18068,255
18078,255
18089,255
18100,255
18110,255
18121,255
18132,255
18142,255
18153,255
18164,255
18174,255
18185,255
18196,255
18206,255
18217,255
18228,255
18238,255
18249,255
18260,255
18270,255
18281,255
18292,255
18303,255
18313,255
18324,255
18335,255
18345,255
18356,255
18367,255
18377,255
18388,255
18399,255
18409,255
18420,255
18431,255
18441,255
18452,255
18463,255
18474,255
18484,255
18495,255
18506,255
18516,255
18527,255
18538,255
18548,255
18559,255
18570,255
18580,255
18591,255
18602,255
18612,255
18623,255
18634,255
18644,255
18655,255
18666,255
18676,255
18687,255
18698,255
18708,255
18719,255
18730,255
18741,255
18752,255
18762,255
18773,255
18784,255
18794,255
18805,255
18816,255
18826,255
18837,255
18848,255
18858,255
18869,255
18880,255
18890,255
18901,255
18912,255
18922,255
18933,255
18944,255
18955,255
18965,255
18976,255
18987,255
18997,255
19008,255
19019,255
