19,-224
21,-228
23,-228
25,-235
27,-238
29,-238
31,255
33,255
35,255
37,255
39,255
41,255
43,255
45,255
47,255
49,255
51,255
53,255
55,255
57,255
59,255
61,255
63,255
65,255
67,255
69,255
71,255
73,255
75,255
77,255
79,255
81,255
83,255
85,255
87,255
89,255
91,255
93,255
95,255
97,255
99,255
101,255
103,255
105,255
107,255
109,255
111,255
113,255
115,255
117,255
119,255
121,255
123,255
125,255
127,255
129,255
131,255
133,255
135,255
137,255
139,255
141,255
143,255
145,255
147,255
149,255
151,255
153,255
155,255
157,255
159,255
161,255
163,255
165,255
167,255
169,255
171,255
173,255
175,255
177,255
179,255
181,255
183,255
185,255
187,255
189,255
191,255
193,255
195,255
197,255
199,255
201,255
203,255
205,255
207,255
209,255
211,255
213,255
215,255
217,255
219,255
221,255
223,255
225,255
227,255
229,255
231,255
233,255
235,255
237,255
239,255
241,255
243,255
245,255
247,255
249,255
251,255
253,255
255,255
257,255
259,255
261,255
263,255
265,255
267,255
269,255
271,255
273,255
275,255
277,255
279,255
281,255
283,255
285,255
287,255
289,255
291,255
293,255
295,255
297,255
299,255
301,255
303,255
305,255
307,255
309,255
311,255
313,255
315,255
317,255
319,255
321,255
323,255
325,255
327,255
329,255
331,255
333,255
335,255
337,255
339,255
341,255
343,255
345,255
347,255
349,255
351,255
353,255
355,255
357,255
359,255
361,255
363,255
365,255
367,255
369,255
371,255
373,255
375,255
377,255
379,255
381,255
383,255
385,255
387,255
389,255
391,255
393,255
395,255
397,255
399,255
401,255
403,255
405,255
407,255
409,255
411,255
413,255
415,255
417,255
419,255
421,255
423,255
425,255
427,255
429,255
431,255
433,255
435,255
437,255
439,255
441,255
443,255
445,255
447,255
449,255
451,255
453,255
455,255
457,255
459,255
461,255
463,255
465,255
467,255
469,255
471,255
473,255
475,255
477,255
479,255
481,255
483,255
485,255
487,255
489,255
491,255
493,255
495,255
497,255
499,255
501,255
503,255
505,255
507,255
509,255
511,255
513,-255
515,-255
517,-255
519,-255
521,-255
523,-255
525,-255
527,-255
529,-255
531,-255
533,-255
535,-255
537,-255
539,-255
541,-255
543,-255
545,-255
547,-241
549,-247
551,-247
553,-237
555,255
557,255
559,255
561,255
563,255
565,255
567,255
569,255
571,255
573,255
575,255
577,255
579,255
581,255
583,255
585,255
587,255
589,255
591,255
593,255
595,255
597,255
599,255
601,255
603,255
605,255
607,255
609,255
611,255
613,255
615,255
617,255
619,255
621,255
623,255
625,255
627,255
629,255
631,255
633,255
635,255
637,255
639,255
641,255
643,255
645,255
647,255
649,255
651,255
653,255
655,255
657,255
659,255
661,255
663,255
665,255
667,255
669,255
671,255
673,255
675,255
677,255
679,255
681,255
683,255
685,255
687,255
689,255
691,255
693,255
695,255
697,255
699,255
701,255
703,255
705,255
707,255
709,255
711,255
713,255
715,255
717,255
719,255
721,255
723,255
725,255
727,255
729,255
731,255
733,255
735,255
737,255
739,255
741,255
743,255
745,255
747,255
749,255
751,255
753,255
755,255
757,255
759,255
761,255
763,255
765,255
767,255
769,255
771,255
773,255
775,255
777,255
779,255
781,255
783,255
785,255
787,255
789,255
791,255
793,255
795,255
797,255
799,255
801,255
803,255
805,255
807,255
809,255
811,255
813,255
815,255
817,255
819,255
821,255
823,255
825,255
827,255
829,255
831,255
833,255
835,255
837,255
839,255
841,255
843,255
845,255
847,255
849,255
851,255
853,255
855,255
857,255
859,255
861,255
863,255
865,255
867,255
869,255
871,255
873,255
875,255
877,255
879,255
881,255
883,255
885,255
887,255
889,255
891,255
893,255
895,255
897,255
899,255
901,255
903,255
905,255
907,255
909,255
911,255
913,255
915,255
917,255
919,255
921,255
923,255
925,255
927,255
929,255
931,255
933,255
935,255
937,255
939,255
941,255
943,255
945,255
947,255
949,255
951,255
953,255
955,255
957,255
959,255
961,255
963,255
965,255
967,255
969,255
971,255
973,255
975,255
977,255
979,255
981,255
983,255
985,255
987,255
989,255
991,255
993,255
995,255
997,255
999,255
1001,255
1003,255
1005,255
1007,255
1009,255
1011,255
1013,255
1015,255
1017,255
1019,255
1021,255
1023,255
1025,255
1027,255
1029,255
1031,255
1033,255
1035,255
1037,255
1039,255
1041,255
1043,255
1045,255
1047,255
1049,255
1051,255
1053,255
1055,255
1057,255
1059,255
1061,255
1063,255
1065,255
1067,255
1069,255
1071,255
1073,255
1075,255
1077,255
1079,255
1081,-255
1083,-255
1085,-255
1087,-255
1089,-255
1091,-255
1093,-255
1095,-255
1097,-255
1099,-255
1101,-255
1103,-255
1105,-255
1107,-255
1109,-255
1111,-255
1113,255
1115,255
1117,255
1119,255
1121,255
1123,255
1125,255
1127,255
1129,255
1131,255
1133,255
1145,255
1147,255
1149,255
1151,255
1153,255
1155,255
1157,255
1159,255
1161,255
1163,255
1165,255
1167,255
1169,255
1171,255
1173,255
1175,255
1177,255
1179,255
1181,255
1183,255
1185,255
1187,255
1189,255
1191,255
1193,255
1195,255
1197,255
1199,255
1201,255
1203,255
1205,255
1207,255
1209,255
1211,255
1213,255
1215,255
1217,255
1219,255
1221,255
1223,255
1225,255
1227,255
1229,255
1231,255
1233,255
1235,255
1237,255
1239,255
1241,255
1243,255
1245,255
1247,255
1249,255
1251,255
1253,255
1255,255
1257,255
1259,255
1261,255
1263,255
1265,255
1267,255
1269,255
1271,255
1273,255
1275,255
1277,255
1279,255
1281,255
1283,255
1285,255
1287,255
1289,255
1291,255
1293,255
1305,255
1307,255
1309,255
1311,255
1313,255
1315,255
1317,255
1319,255
1321,255
1323,255
1325,255
1327,255
1329,255
1331,255
1333,255
1335,255
1337,255
1339,255
1341,255
1343,255
1345,255
1347,255
1349,255
1351,255
1353,255
1355,255
1357,255
1359,255
1361,255
1363,255
1365,255
1367,255
1369,255
1371,255
1373,255
1375,255
1377,255
1379,255
1381,255
1383,255
1385,255
1387,255
1389,255
1391,255
1393,255
1395,255
1397,255
1399,255
1401,255
1403,255
1405,255
1407,255
1409,255
1411,255
1413,255
1415,255
1417,255
1419,255
1421,255
1423,255
1425,255
1427,255
1429,255
1431,255
1433,255
1435,255
1437,255
1439,255
1441,255
1443,255
1445,255
1447,255
1449,255
1451,255
1453,255
1455,255
1457,255
1459,255
1471,255
1473,255
1475,255
1477,255
1479,255
1481,255
1483,255
1485,255
1487,255
1489,255
1491,255
1493,255
1495,255
1497,255
1499,255
1501,255
1503,255
1505,255
1507,255
1509,255
1511,255
1513,255
1515,255
1517,255
1519,255
1521,255
1523,255
1525,255
1527,255
1529,255
1531,255
1533,255
1535,255
1537,255
1539,255
1541,255
1543,255
1545,255
1547,255
1549,255
1551,255
1553,255
1555,255
1557,255
1559,255
1561,255
1563,255
1565,255
1567,255
1569,255
1571,255
1573,255
1575,255
1577,255
1579,255
1581,255
1583,255
1585,255
1587,255
1589,255
1591,255
1593,255
1595,255
1597,255
1599,255
1601,255
1603,255
1605,-255
1607,-255
1609,-255
1611,-255
1613,-255
1625,-255
1627,-255
1629,-255
1631,-255
1633,-255
1635,-255
1637,255
1639,255
1641,255
1643,255
1645,255
1647,255
1649,255
1651,255
1653,255
1655,255
1657,255
1659,255
1661,255
1663,255
1665,255
1667,255
1669,255
1671,255
1673,255
1675,255
1677,255
1679,255
1681,255
1683,255
1685,255
1687,255
1689,255
1691,255
1693,255
1695,255
1697,255
1699,255
1701,255
1703,255
1705,255
1707,255
1709,255
1711,255
1713,255
1715,255
1717,255
1719,255
1721,255
1723,255
1725,255
1727,255
1729,255
1731,255
1733,255
1735,255
1737,255
1739,255
1741,255
1743,255
1745,255
1747,255
1749,255
1751,255
1753,255
1755,255
1757,255
1759,255
1761,255
1763,255
1765,255
1767,255
1779,255
1781,255
1783,255
1785,255
1787,255
1789,255
1791,255
1793,255
1795,255
1797,255
1799,255
1801,255
1803,255
1805,255
1807,255
1809,255
1811,255
1813,255
1815,255
1817,255
1819,255
1821,255
1823,255
1825,255
1827,255
1829,255
1831,255
1833,255
1835,255
1837,255
1839,255
1841,255
1843,255
1845,255
1847,255
1849,255
1851,255
1853,255
1855,255
1857,255
1859,255
1861,255
1863,255
1865,255
1867,255
1869,255
1871,255
1873,255
1875,255
1877,255
1879,255
1881,255
1883,255
1885,255
1887,255
1889,255
1891,255
1893,255
1895,255
1897,255
1899,255
1901,255
1903,255
1905,255
1907,255
1909,255
1911,255
1913,255
1915,255
1917,255
1919,255
1921,255
1923,255
1925,255
1927,255
1939,255
1941,255
1943,255
1945,255
1947,255
1949,255
1951,255
1953,255
1955,255
1957,255
1959,255
1961,255
1963,255
1965,255
1967,255
1969,255
1971,255
1973,255
1975,255
1977,255
1979,255
1981,255
1983,255
1985,255
1987,255
1989,255
1991,255
1993,255
1995,255
1997,255
1999,255
2001,255
2003,255
2005,255
2007,255
2009,255
2011,255
2013,255
2015,255
2017,255
2019,255
2021,255
2023,255
2025,255
2027,255
2029,255
2031,255
2033,255
2035,255
2037,255
2039,255
2041,255
2043,255
2045,255
2047,255
2049,255
2051,255
2053,255
2055,255
2057,255
2059,255
2061,255
2063,255
2065,255
2067,255
2069,255
2071,255
2073,255
2075,255
2077,255
2079,255
2081,255
2083,255
2085,255
2087,255
2099,255
2101,255
2103,255
2105,255
2107,255
2109,255
2111,255
2113,255
2115,255
2117,255
2119,255
2121,255
2123,255
2125,255
2127,255
2129,255
2131,255
2133,255
2135,255
2137,255
2139,255
2141,255
2143,255
2145,255
2147,255
2149,-255
2151,-255
2153,-255
2155,-255
2157,-255
2159,-255
2161,-255
2163,-255
2165,-255
2167,-255
2169,-255
2171,-255
2173,-255
2175,-255
2177,-255
2179,255
2181,255
2183,255
2185,255
2187,255
2189,255
2191,255
2193,255
2195,255
2197,255
2199,255
2201,255
2203,255
2205,255
2207,255
2209,255
2211,255
2213,255
2215,255
2217,255
2219,255
2221,255
2223,255
2225,255
2227,255
2229,255
2241,255
2243,255
2245,255
2247,255
2249,255
2251,255
2253,255
2255,255
2257,255
2259,255
2261,255
2263,255
2265,255
2267,255
2269,255
2271,255
2273,255
2275,255
2277,255
2279,255
2281,255
2283,255
2285,255
2287,255
2289,255
2291,255
2293,255
2295,255
2297,255
2299,255
2301,255
2303,255
2305,255
2307,255
2309,255
2311,255
2313,255
2315,255
2317,255
2319,255
2321,255
2323,255
2325,255
2327,255
2329,255
2331,255
2333,255
2335,255
2337,255
2339,255
2341,255
2343,255
2345,255
2347,255
2349,255
2351,255
2353,255
2355,255
2357,255
2359,255
2361,255
2363,255
2365,255
2367,255
2369,255
2371,255
2373,255
2375,255
2377,255
2379,255
2381,255
2383,255
2385,255
2387,255
2389,255
2401,255
2403,255
2405,255
2407,255
2409,255
2411,255
2413,255
2415,255
2417,255
2419,255
2421,255
2423,255
2425,255
2427,255
2429,255
2431,255
2433,255
2435,255
2437,255
2439,255
2441,255
2443,255
2445,255
2447,255
2449,255
2451,255
2453,255
2455,255
2457,255
2459,255
2461,255
2463,255
2465,255
2467,255
2469,255
2471,255
2473,255
2475,255
2477,255
2479,255
2481,255
2483,255
2485,255
2487,255
2489,255
2491,255
2493,255
2495,255
2497,255
2499,255
2501,255
2503,255
2505,255
2507,255
2509,255
2511,255
2513,255
2515,255
2517,255
2519,255
2521,255
2523,255
2525,255
2527,255
2529,255
2531,255
2533,255
2535,255
2537,255
2539,255
2541,255
2543,255
2545,255
2547,255
2549,255
2561,255
2563,255
2565,255
2567,255
2569,255
2571,255
2573,255
2575,255
2577,255
2579,255
2581,255
2583,255
2585,255
2587,255
2589,255
2591,255
2593,255
2595,255
2597,255
2599,255
2601,255
2603,255
2605,255
2607,255
2609,255
2611,255
2613,255
2615,255
2617,255
2619,255
2621,255
2623,255
2625,255
2627,255
2629,255
2631,255
2633,255
2635,255
2637,255
2639,255
2641,255
2643,255
2645,255
2647,255
2649,255
2651,255
2653,255
2655,255
2657,255
2659,255
2661,255
2663,255
2665,255
2667,255
2669,255
2671,-255
2673,-255
2675,-255
2677,-255
2679,-255
2681,-255
2683,-255
2685,-255
2687,-255
2689,-255
2691,-255
2693,-255
2695,-255
2697,-255
2709,255
2711,255
2713,255
2715,255
2717,255
2719,255
2721,255
2723,255
2725,255
2727,255
2729,255
2731,255
2733,255
2735,255
2737,255
2739,255
2741,255
2743,255
2745,255
2747,255
2749,255
2751,255
2753,255
2755,255
2757,255
2759,255
2761,255
2763,255
2765,255
2767,255
2769,255
2771,255
2773,255
2775,255
2777,255
2779,255
2781,255
2783,255
2785,255
2787,255
2789,255
2791,255
2793,255
2795,255
2797,255
2799,255
2801,255
2803,255
2805,255
2807,255
2809,255
2811,255
2813,255
2815,255
2817,255
2819,255
2821,255
2823,255
2825,255
2827,255
2829,255
2831,255
2833,255
2835,255
2837,255
2839,255
2841,255
2843,255
2845,255
2847,255
2849,255
2851,255
2863,255
2865,255
2867,255
2869,255
2871,255
2873,255
2875,255
2877,255
2879,255
2881,255
2883,255
2885,255
2887,255
2889,255
2891,255
2893,255
2895,255
2897,255
2899,255
2901,255
2903,255
2905,255
2907,255
2909,255
2911,255
2913,255
2915,255
2917,255
2919,255
2921,255
2923,255
2925,255
2927,255
2929,255
2931,255
2933,255
2935,255
2937,255
2939,255
2941,255
2943,255
2945,255
2947,255
2949,255
2951,255
2953,255
2955,255
2957,255
2959,255
2961,255
2963,255
2965,255
2967,255
2969,255
2971,255
2973,255
2975,255
2977,255
2979,255
2981,255
2983,255
2985,255
2987,255
2989,255
2991,255
2993,255
2995,255
2997,255
2999,255
3001,255
3003,255
3005,255
3007,255
3009,255
3011,255
3013,255
3015,255
3017,255
3029,255
3031,255
3033,255
3035,255
3037,255
3039,255
3041,255
3043,255
3045,255
3047,255
3049,255
3051,255
3053,255
3055,255
3057,255
3059,255
3061,255
3063,255
3065,255
3067,255
3069,255
3071,255
3073,255
3075,255
3077,255
3079,255
3081,255
3083,255
3085,255
3087,255
3089,255
3091,255
3093,255
3095,255
3097,255
3099,255
3101,255
3103,255
3105,255
3107,255
3109,255
3111,255
3113,255
3115,255
3117,255
3119,255
3121,255
3123,255
3125,255
3127,255
3129,255
3131,255
3133,255
3135,255
3137,255
3139,255
3141,255
3143,255
3145,255
3147,255
3149,255
3151,255
3153,255
3155,255
3157,255
3159,255
3161,255
3163,255
3165,255
3167,255
3169,255
3171,255
3173,255
3175,-255
3177,-255
3189,-255
3191,-255
3193,-255
3195,-255
3197,-255
3199,-255
3201,-255
3203,-255
3205,-255
3207,255
3209,255
3211,255
3213,255
3215,255
3217,255
3219,255
3221,255
3223,255
3225,255
3227,255
3229,255
3231,255
3233,255
3235,255
3237,255
3239,255
3241,255
3243,255
3245,255
3247,255
3249,255
3251,255
3253,255
3255,255
3257,255
3259,255
3261,255
3263,255
3265,255
3267,255
3269,255
3271,255
3273,255
3275,255
3277,255
3279,255
3281,255
3283,255
3285,255
3287,255
3289,255
3291,255
3293,255
3295,255
3297,255
3299,255
3301,255
3303,255
3305,255
3307,255
3309,255
3311,255
3313,255
3315,255
3317,255
3319,255
3331,255
3333,255
3335,255
3337,255
3339,255
3341,255
3343,255
3345,255
3347,255
3349,255
3351,255
3353,255
3355,255
3357,255
3359,255
3361,255
3363,255
3365,255
3367,255
3369,255
3371,255
3373,255
3375,255
3377,255
3379,255
3381,255
3383,255
3385,255
3387,255
3389,255
3391,255
3393,255
3395,255
3397,255
3399,255
3401,255
3403,255
3405,255
3407,255
3409,255
3411,255
3413,255
3415,255
3417,255
3419,255
3421,255
3423,255
3425,255
3427,255
3429,255
3431,255
3433,255
3435,255
3437,255
3439,255
3441,255
3443,255
3445,255
3447,255
3449,255
3451,255
3453,255
3455,255
3457,255
3459,255
3461,255
3463,255
3465,255
3467,255
3469,255
3471,255
3473,255
3475,255
3477,255
3479,255
3481,255
3483,255
3485,255
3497,255
3499,255
3501,255
3503,255
3505,255
3507,255
3509,255
3511,255
3513,255
3515,255
3517,255
3519,255
3521,255
3523,255
3525,255
3527,255
3529,255
3531,255
3533,255
3535,255
3537,255
3539,255
3541,255
3543,255
3545,255
3547,255
3549,255
3551,255
3553,255
3555,255
3557,255
3559,255
3561,255
3563,255
3565,255
3567,255
3569,255
3571,255
3573,255
3575,255
3577,255
3579,255
3581,255
3583,255
3585,255
3587,255
3589,255
3591,255
3593,255
3595,255
3597,255
3599,255
3601,255
3603,255
3605,255
3607,255
3609,255
3611,255
3613,255
3615,255
3617,255
3619,255
3621,255
3623,255
3625,255
3627,255
3629,255
3631,255
3633,255
3635,255
3637,255
3639,255
3641,255
3643,255
3645,255
3657,255
3659,255
3661,255
3663,255
3665,255
3667,255
3669,255
3671,255
3673,255
3675,255
3677,255
3679,255
3681,255
3683,255
3685,255
3687,255
3689,255
3691,255
3693,255
3695,255
3697,255
3699,-255
3701,-255
3703,-255
3705,-255
3707,-255
3709,-255
3711,-255
3713,-255
3715,-255
3717,-255
3719,-255
3721,-255
3723,-255
3725,-255
3727,-255
3729,255
3731,255
3733,255
3735,255
3737,255
3739,255
3741,255
3743,255
3745,255
3747,255
3749,255
3751,255
3753,255
3755,255
3757,255
3759,255
3761,255
3763,255
3765,255
3767,255
3769,255
3771,255
3773,255
3775,255
3777,255
3779,255
3781,255
3793,255
3795,255
3797,255
3799,255
3801,255
3803,255
3805,255
3807,255
3809,255
3811,255
3813,255
3815,255
3817,255
3819,255
3821,255
3823,255
3825,255
3827,255
3829,255
3831,255
3833,255
3835,255
3837,255
3839,255
3841,255
3843,255
3845,255
3847,255
3849,255
3851,255
3853,255
3855,255
3857,255
3859,255
3861,255
3863,255
3865,255
3867,255
3869,255
3871,255
3873,255
3875,255
3877,255
3879,255
3881,255
3883,255
3885,255
3887,255
3889,255
3891,255
3893,255
3895,255
3897,255
3899,255
3901,255
3903,255
3905,255
3907,255
3909,255
3911,255
3913,255
3915,255
3917,255
3919,255
3921,255
3923,255
3925,255
3927,255
3929,255
3931,255
3933,255
3935,255
3937,255
3939,255
3941,255
3943,255
3945,255
3947,255
3959,255
3961,255
3963,255
3965,255
3967,255
3969,255
3971,255
3973,255
3975,255
3977,255
3979,255
3981,255
3983,255
3985,255
3987,255
3989,255
3991,255
3993,255
3995,255
3997,255
3999,255
4001,255
4003,255
4005,255
4007,255
4009,255
4011,255
4013,255
4015,255
4017,255
4019,255
4021,255
4023,255
4025,255
4027,255
4029,255
4031,255
4033,255
4035,255
4037,255
4039,255
4041,255
4043,255
4045,255
4047,255
4049,255
4051,255
4053,255
4055,255
4057,255
4059,255
4061,255
4063,255
4065,255
4067,255
4069,255
4071,255
4073,255
4075,255
4077,255
4079,255
4081,255
4083,255
4085,255
4087,255
4089,255
4091,255
4093,255
4095,255
4097,255
4099,255
4101,255
4103,255
4105,255
4107,255
4119,255
4121,255
4123,255
4125,255
4127,255
4129,255
4131,255
4133,255
4135,255
4137,255
4139,255
4141,255
4143,255
4145,255
4147,255
4149,255
4151,255
4153,255
4155,255
4157,255
4159,255
4161,255
4163,255
4165,255
4167,255
4169,255
4171,255
4173,255
4175,255
4177,255
4179,255
4181,255
4183,255
4185,255
4187,255
4189,255
4191,255
4193,255
4195,255
4197,255
4199,255
4201,255
4203,255
4205,255
4207,255
4209,255
4211,255
4213,255
4215,255
4217,255
4219,255
4221,255
4223,255
4225,255
4227,255
4229,255
4231,255
4233,255
4235,255
4237,255
4239,255
4241,-255
4243,-255
4245,-255
4247,-255
4249,-255
4251,-255
4253,-255
4255,-255
4267,-255
4269,-255
4271,-255
4273,255
4275,255
4277,255
4279,255
4281,255
4283,255
4285,255
4287,255
4289,255
4291,255
4293,255
4295,255
4297,255
4299,255
4301,255
4303,255
4305,255
4307,255
4309,255
4311,255
4313,255
4315,255
4317,255
4319,255
4321,255
4323,255
4325,255
4327,255
4329,255
4331,255
4333,255
4335,255
4337,255
4339,255
4341,255
4343,255
4345,255
4347,255
4349,255
4351,255
4353,255
4355,255
4357,255
4359,255
4361,255
4363,255
4365,255
4367,255
4369,255
4371,255
4373,255
4375,255
4377,255
4379,255
4381,255
4383,255
4385,255
4387,255
4389,255
4391,255
4393,255
4395,255
4397,255
4399,255
4401,255
4403,255
4405,255
4407,255
4409,255
4411,255
4413,255
4415,255
4427,255
4429,255
4431,255
4433,255
4435,255
4437,255
4439,255
4441,255
4443,255
4445,255
4447,255
4449,255
4451,255
4453,255
4455,255
4457,255
4459,255
4461,255
4463,255
4465,255
4467,255
4469,255
4471,255
4473,255
4475,255
4477,255
4479,255
4481,255
4483,255
4485,255
4487,255
4489,255
4491,255
4493,255
4495,255
4497,255
4499,255
4501,255
4503,255
4505,255
4507,255
4509,255
4511,255
4513,255
4515,255
4517,255
4519,255
4521,255
4523,255
4525,255
4527,255
4529,255
4531,255
4533,255
4535,255
4537,255
4539,255
4541,255
4543,255
4545,255
4547,255
4549,255
4551,255
4553,255
4555,255
4557,255
4559,255
4561,255
4563,255
4565,255
4567,255
4569,255
4571,255
4573,255
4575,255
4587,255
4589,255
4591,255
4593,255
4595,255
4597,255
4599,255
4601,255
4603,255
4605,255
4607,255
4609,255
4611,255
4613,255
4615,255
4617,255
4619,255
4621,255
4623,255
4625,255
4627,255
4629,255
4631,255
4633,255
4635,255
4637,255
4639,255
4641,255
4643,255
4645,255
4647,255
4649,255
4651,255
4653,255
4655,255
4657,255
4659,255
4661,255
4663,255
4665,255
4667,255
4669,255
4671,255
4673,255
4675,255
4677,255
4679,255
4681,255
4683,255
4685,255
4687,255
4689,255
4691,255
4693,255
4695,255
4697,255
4699,255
4701,255
4703,255
4705,255
4707,255
4709,255
4711,255
4713,255
4715,255
4717,255
4719,255
4721,255
4723,255
4725,255
4727,255
4729,255
4731,255
4733,255
4735,255
4747,255
4749,255
4751,255
4753,255
4755,255
4757,255
4759,255
4761,255
4763,255
4765,-255
4767,-255
4769,-255
4771,-255
4773,-255
4775,-255
4777,-255
4779,-255
4781,-255
4783,-255
4785,-255
4787,-255
4789,-255
4791,-255
4793,-255
4795,-255
4797,255
4799,255
4801,255
4803,255
4805,255
4807,255
4809,255
4811,255
4813,255
4815,255
4817,255
4819,255
4821,255
4823,255
4825,255
4827,255
4829,255
4831,255
4833,255
4835,255
4837,255
4839,255
4841,255
4843,255
4845,255
4847,255
4849,255
4851,255
4853,255
4855,255
4857,255
4859,255
4861,255
4863,255
4865,255
4867,255
4869,255
4871,255
4873,255
4875,255
4877,255
4889,255
4891,255
4893,255
4895,255
4897,255
4899,255
4901,255
4903,255
4905,255
4907,255
4909,255
4911,255
4913,255
4915,255
4917,255
4919,255
4921,255
4923,255
4925,255
4927,255
4929,255
4931,255
4933,255
4935,255
4937,255
4939,255
4941,255
4943,255
4945,255
4947,255
4949,255
4951,255
4953,255
4955,255
4957,255
4959,255
4961,255
4963,255
4965,255
4967,255
4969,255
4971,255
4973,255
4975,255
4977,255
4979,255
4981,255
4983,255
4985,255
4987,255
4989,255
4991,255
4993,255
4995,255
4997,255
4999,255
5001,255
5003,255
5005,255
5007,255
5009,255
5011,255
5013,255
5015,255
5017,255
5019,255
5021,255
5023,255
5025,255
5027,255
5029,255
5031,255
5033,255
5035,255
5037,255
5049,255
5051,255
5053,255
5055,255
5057,255
5059,255
5061,255
5063,255
5065,255
5067,255
5069,255
5071,255
5073,255
5075,255
5077,255
5079,255
5081,255
5083,255
5085,255
5087,255
5089,255
5091,255
5093,255
5095,255
5097,255
5099,255
5101,255
5103,255
5105,255
5107,255
5109,255
5111,255
5113,255
5115,255
5117,255
5119,255
5121,255
5123,255
5125,255
5127,255
5129,255
5131,255
5133,255
5135,255
5137,255
5139,255
5141,255
5143,255
5145,255
5147,255
5149,255
5151,255
5153,255
5155,255
5157,255
5159,255
5161,255
5163,255
5165,255
5167,255
5169,255
5171,255
5173,255
5175,255
5177,255
5179,255
5181,255
5183,255
5185,255
5187,255
5189,255
5191,255
5193,255
5195,255
5197,255
5209,255
5211,255
5213,255
5215,255
5217,255
5219,255
5221,255
5223,255
5225,255
5227,255
5229,255
5231,255
5233,255
5235,255
5237,255
5239,255
5241,255
5243,255
5245,255
5247,255
5249,255
5251,255
5253,255
5255,255
5257,255
5259,255
5261,255
5263,255
5265,255
5267,255
5269,-255
5271,-255
5273,-255
5275,-255
5277,-255
5279,-255
5281,-255
5283,-255
5285,-255
5287,-255
5289,-255
5291,-255
5293,-255
5295,-255
5297,-255
5299,255
5301,255
5303,255
5305,255
5307,255
5309,255
5311,255
5313,255
5315,255
5317,255
5319,255
5321,255
5323,255
5325,255
5327,255
5329,255
5331,255
5333,255
5335,255
5337,255
5339,255
5351,255
5353,255
5355,255
5357,255
5359,255
5361,255
5363,255
5365,255
5367,255
5369,255
5371,255
5373,255
5375,255
5377,255
5379,255
5381,255
5383,255
5385,255
5387,255
5389,255
5391,255
5393,255
5395,255
5397,255
5399,255
5401,255
5403,255
5405,255
5407,255
5409,255
5411,255
5413,255
5415,255
5417,255
5419,255
5421,255
5423,255
5425,255
5427,255
5429,255
5431,255
5433,255
5435,255
5437,255
5439,255
5441,255
5443,255
5445,255
5447,255
5449,255
5451,255
5453,255
5455,255
5457,255
5459,255
5461,255
5463,255
5465,255
5467,255
5469,255
5471,255
5473,255
5475,255
5477,255
5479,255
5481,255
5483,255
5485,255
5487,255
5489,255
5491,255
5493,255
5495,255
5497,255
5499,255
5511,255
5513,255
5515,255
5517,255
5519,255
5521,255
5523,255
5525,255
5527,255
5529,255
5531,255
5533,255
5535,255
5537,255
5539,255
5541,255
5543,255
5545,255
5547,255
5549,255
5551,255
5553,255
5555,255
5557,255
5559,255
5561,255
5563,255
5565,255
5567,255
5569,255
5571,255
5573,255
5575,255
5577,255
5579,255
5581,255
5583,255
5585,255
5587,255
5589,255
5591,255
5593,255
5595,255
5597,255
5599,255
5601,255
5603,255
5605,255
5607,255
5609,255
5611,255
5613,255
5615,255
5617,255
5619,255
5621,255
5623,255
5625,255
5627,255
5629,255
5631,255
5633,255
5635,255
5637,255
5639,255
5641,255
5643,255
5645,255
5647,255
5649,255
5651,255
5653,255
5655,255
5657,255
5659,255
5671,255
5673,255
5675,255
5677,255
5679,255
5681,255
5683,255
5685,255
5687,255
5689,255
5691,255
5693,255
5695,255
5697,255
5699,255
5701,255
5703,255
5705,255
5707,255
5709,255
5711,255
5713,255
5715,255
5717,255
5719,255
5721,255
5723,255
5725,255
5727,255
5729,255
5731,255
5733,255
5735,255
5737,255
5739,255
5741,255
5743,255
5745,255
5747,255
5749,255
5751,255
5753,255
5755,255
5757,255
5759,255
5761,255
5763,255
5765,255
5767,255
5769,255
5771,255
5773,255
5775,255
5777,255
5779,255
5781,255
5783,255
5785,255
5787,255
5789,255
5791,-255
5793,-255
5795,-255
5797,-255
5799,-255
5801,-255
5803,-255
5805,-255
5807,-255
5819,-255
5821,255
5823,255
5825,255
5827,255
5829,255
5831,255
5833,255
5835,255
5837,255
5839,255
5841,255
5843,255
5845,255
5847,255
5849,255
5851,255
5853,255
5855,255
5857,255
5859,255
5861,255
5863,255
5865,255
5867,255
5869,255
5871,255
5873,255
5875,255
5877,255
5879,255
5881,255
5883,255
5885,255
5887,255
5889,255
5891,255
5893,255
5895,255
5897,255
5899,255
5901,255
5903,255
5905,255
5907,255
5909,255
5911,255
5913,255
5915,255
5917,255
5919,255
5921,255
5923,255
5925,255
5927,255
5929,255
5931,255
5933,255
5935,255
5937,255
5939,255
5941,255
5943,255
5945,255
5947,255
5949,255
5951,255
5953,255
5955,255
5957,255
5959,255
5961,255
5963,255
5965,255
5967,255
5979,255
5981,255
5983,255
5985,255
5987,255
5989,255
5991,255
5993,255
5995,255
5997,255
5999,255
6001,255
6003,255
6005,255
6007,255
6009,255
6011,255
6013,255
6015,255
6017,255
6019,255
6021,255
6023,255
6025,255
6027,255
6029,255
6031,255
6033,255
6035,255
6037,255
6039,255
6041,255
6043,255
6045,255
6047,255
6049,255
6051,255
6053,255
6055,255
6057,255
6059,255
6061,255
6063,255
6065,255
6067,255
6069,255
6071,255
6073,255
6075,255
6077,255
6079,255
6081,255
6083,255
6085,255
6087,255
6089,255
6091,255
6093,255
6095,255
6097,255
6099,255
6101,255
6103,255
6105,255
6107,255
6109,255
6111,255
6113,255
6115,255
6117,255
6119,255
6121,255
6123,255
6125,255
6127,255
6129,255
6131,255
6133,255
6145,255
6147,255
6149,255
6151,255
6153,255
6155,255
6157,255
6159,255
6161,255
6163,255
6165,255
6167,255
6169,255
6171,255
6173,255
6175,255
6177,255
6179,255
6181,255
6183,255
6185,255
6187,255
6189,255
6191,255
6193,255
6195,255
6197,255
6199,255
6201,255
6203,255
6205,255
6207,255
6209,255
6211,255
6213,255
6215,255
6217,255
6219,255
6221,255
6223,255
6225,255
6227,255
6229,255
6231,255
6233,255
6235,255
6237,255
6239,255
6241,255
6243,255
6245,255
6247,255
6249,255
6251,255
6253,255
6255,255
6257,255
6259,255
6261,255
6263,255
6265,255
6267,255
6269,255
6271,255
6273,-255
6275,-255
6277,-255
6279,-255
6281,-255
6283,-255
6285,-255
6287,-255
6299,-255
6301,-255
6303,-255
6305,-192
6307,-191
6309,-191
6311,-189
6313,255
6315,255
6317,255
6319,255
6321,255
6323,255
6325,255
6327,255
6329,255
6331,255
6333,255
6335,255
6337,255
6339,255
6341,255
6343,255
6345,255
6347,255
6349,255
6351,255
6353,255
6355,255
6357,255
6359,255
6361,255
6363,255
6365,255
6367,255
6369,255
6371,255
6373,255
6375,255
6377,255
6379,255
6381,255
6383,255
6385,255
6387,255
6389,255
6391,255
6393,255
6395,255
6397,255
6399,255
6401,255
6403,255
6405,255
6407,255
6409,255
6411,255
6413,255
6415,255
6417,255
6419,255
6421,255
6423,255
6425,255
6427,255
6429,255
6441,255
6443,255
6445,255
6447,255
6449,255
6451,255
6453,255
6455,255
6457,255
6459,255
6461,255
6463,255
6465,255
6467,255
6469,255
6471,255
6473,255
6475,255
6477,255
6479,255
6481,255
6483,255
6485,255
6487,255
6489,255
6491,255
6493,255
6495,255
6497,255
6499,255
6501,255
6503,255
6505,255
6507,255
6509,255
6511,255
6513,255
6515,255
6517,255
6519,255
6521,255
6523,255
6525,255
6527,255
6529,255
6531,255
6533,255
6535,255
6537,255
6539,255
6541,255
6543,255
6545,255
6547,255
6549,255
6551,255
6553,255
6555,255
6557,255
6559,255
6561,255
6563,255
6565,255
6567,255
6569,255
6571,255
6573,255
6575,255
6577,255
6579,255
6581,255
6583,255
6585,255
6587,255
6589,255
6591,255
6593,255
6595,255
6607,255
6609,255
6611,255
6613,255
6615,255
6617,255
6619,255
6621,255
6623,255
6625,255
6627,255
6629,255
6631,255
6633,255
6635,255
6637,255
6639,255
6641,255
6643,255
6645,255
6647,255
6649,255
6651,255
6653,255
6655,255
6657,255
6659,255
6661,255
6663,255
6665,255
6667,255
6669,255
6671,255
6673,255
6675,255
6677,255
6679,255
6681,255
6683,255
6685,255
6687,255
6689,255
6691,255
6693,255
6695,255
6697,255
6699,255
6701,255
6703,255
6705,255
6707,255
6709,255
6711,255
6713,255
6715,255
6717,255
6719,255
6721,255
6723,255
6725,255
6727,255
6729,255
6731,255
6733,255
6735,255
6737,255
6739,255
6741,255
6743,255
6745,255
6747,255
6749,255
6751,255
6753,255
6755,255
6767,255
6769,255
6771,255
6773,255
6775,255
6777,255
6779,255
6781,255
6783,255
6785,255
6787,255
6789,255
6791,255
6793,255
6795,255
6797,-255
6799,-255
6801,-255
6803,-255
6805,-255
6807,-255
6809,-255
6811,-255
6813,-255
6815,-255
6817,-255
6819,-255
6821,-255
6823,-255
6825,-255
6827,-255
6829,-255
6831,-255
6833,-255
6835,-255
6837,-255
6839,255
6841,255
6843,255
6845,255
6847,255
6849,255
6851,255
6853,255
6855,255
6857,255
6859,255
6861,255
6863,255
6865,255
6867,255
6869,255
6871,255
6873,255
6875,255
6877,255
6879,255
6881,255
6883,255
6885,255
6897,255
6899,255
6901,255
6903,255
6905,255
6907,255
6909,255
6911,255
6913,255
6915,255
6917,255
6919,255
6921,255
6923,255
6925,255
6927,255
6929,255
6931,255
6933,255
6935,255
6937,255
6939,255
6941,255
6943,255
6945,255
6947,255
6949,255
6951,255
6953,255
6955,255
6957,255
6959,255
6961,255
6963,255
6965,255
6967,255
6969,255
6971,255
6973,255
6975,255
6977,255
6979,255
6981,255
6983,255
6985,255
6987,255
6989,255
6991,255
6993,255
6995,255
6997,255
6999,255
7001,255
7003,255
7005,255
7007,255
7009,255
7011,255
7013,255
7015,255
7017,255
7019,255
7021,255
7023,255
7025,255
7027,255
7029,255
7031,255
7033,255
7035,255
7037,255
7039,255
7041,255
7043,255
7045,255
7057,255
7059,255
7061,255
7063,255
7065,255
7067,255
7069,255
7071,255
7073,255
7075,255
7077,255
7079,255
7081,255
7083,255
7085,255
7087,255
7089,255
7091,255
7093,255
7095,255
7097,255
7099,255
7101,255
7103,255
7105,255
7107,255
7109,255
7111,255
7113,255
7115,255
7117,255
7119,255
7121,255
7123,255
7125,255
7127,255
7129,255
7131,255
7133,255
7135,255
7137,255
7139,255
7141,255
7143,255
7145,255
7147,255
7149,255
7151,255
7153,255
7155,255
7157,255
7159,255
7161,255
7163,255
7165,255
7167,255
7169,255
7171,255
7173,255
7175,255
7177,255
7179,255
7181,255
7183,255
7185,255
7187,255
7189,255
7191,255
7193,255
7195,255
7197,255
7199,255
7201,255
7203,255
7205,255
7207,255
7209,255
7211,255
7223,255
7225,255
7227,255
7229,255
7231,255
7233,255
7235,255
7237,255
7239,255
7241,255
7243,255
7245,255
7247,255
7249,255
7251,255
7253,255
7255,255
7257,255
7259,255
7261,255
7263,255
7265,255
7267,255
7269,255
7271,255
7273,255
7275,255
7277,255
7279,255
7281,255
7283,255
7285,255
7287,255
7289,255
7291,255
7293,255
7295,255
7297,255
7299,255
7301,255
7303,255
7305,255
7307,255
7309,255
7311,255
7313,255
7315,255
7317,255
7319,255
7321,255
7323,255
7325,255
7327,255
7329,255
7331,255
7333,255
7335,255
7337,255
7339,255
7341,255
7343,255
7345,255
7347,255
7349,255
7351,255
7353,255
7355,255
7357,255
7359,255
7361,-255
7363,-255
7365,-255
7377,-255
7379,-255
7381,-255
7383,-255
7385,-255
7387,-255
7389,-255
7391,255
7393,255
7395,255
7397,255
7399,255
7401,255
7403,255
7405,255
7407,255
7409,255
7411,255
7413,255
7415,255
7417,255
7419,255
7421,255
7423,255
7425,255
7427,255
7429,255
7431,255
7433,255
7435,255
7437,255
7439,255
7441,255
7443,255
7445,255
7447,255
7449,255
7451,255
7453,255
7455,255
7457,255
7459,255
7461,255
7463,255
7465,255
7467,255
7469,255
7471,255
7473,255
7475,255
7477,255
7479,255
7481,255
7483,255
7485,255
7487,255
7489,255
7491,255
7493,255
7495,255
7497,255
7499,255
7501,255
7503,255
7505,255
7507,255
7509,255
7511,255
7513,255
7515,255
7517,255
7519,255
7531,255
7533,255
7535,255
7537,255
7539,255
7541,255
7543,255
7545,255
7547,255
7549,255
7551,255
7553,255
7555,255
7557,255
7559,255
7561,255
7563,255
7565,255
7567,255
7569,255
7571,255
7573,255
7575,255
7577,255
7579,255
7581,255
7583,255
7585,255
7587,255
7589,255
7591,255
7593,255
7595,255
7597,255
7599,255
7601,255
7603,255
7605,255
7607,255
7609,255
7611,255
7613,255
7615,255
7617,255
7619,255
7621,255
7623,255
7625,255
7627,255
7629,255
7631,255
7633,255
7635,255
7637,255
7639,255
7641,255
7643,255
7645,255
7647,255
7649,255
7651,255
7653,255
7655,255
7657,255
7659,255
7661,255
7663,255
7665,255
7667,255
7669,255
7671,255
7673,255
7675,255
7677,255
7679,255
7691,255
7693,255
7695,255
7697,255
7699,255
7701,255
7703,255
7705,255
7707,255
7709,255
7711,255
7713,255
7715,255
7717,255
7719,255
7721,255
7723,255
7725,255
7727,255
7729,255
7731,255
7733,255
7735,255
7737,255
7739,255
7741,255
7743,255
7745,255
7747,255
7749,255
7751,255
7753,255
7755,255
7757,255
7759,255
7761,255
7763,255
7765,255
7767,255
7769,255
7771,255
7773,255
7775,255
7777,255
7779,255
7781,255
7783,255
7785,255
7787,255
7789,255
7791,255
7793,255
7795,255
7797,255
7799,255
7801,255
7803,255
7805,255
7807,255
7809,255
7811,255
7813,255
7815,255
7817,255
7819,255
7821,255
7823,255
7825,255
7827,255
7829,255
7831,255
7833,255
7835,255
7837,255
7839,255
7851,255
7853,255
7855,255
7857,255
7859,255
7861,255
7863,255
7865,255
7867,255
7869,255
7871,255
7873,255
7875,255
7877,255
7879,255
7881,255
7883,-255
7885,-255
7887,-255
7889,-255
7891,-255
7893,-255
7895,-255
7897,-255
7899,-255
7901,-255
7903,-255
7905,-255
7907,-255
7909,-255
7911,-255
7913,-255
7915,-255
7917,255
7919,255
7921,255
7923,255
7925,255
7927,255
7929,255
7931,255
7933,255
7935,255
7937,255
7939,255
7941,255
7943,255
7945,255
7947,255
7949,255
7951,255
7953,255
7955,255
7957,255
7959,255
7961,255
7963,255
7965,255
7967,255
7969,255
7971,255
7973,255
7975,255
7987,255
7989,255
7991,255
7993,255
7995,255
7997,255
7999,255
8001,255
8003,255
8005,255
8007,255
8009,255
8011,255
8013,255
8015,255
8017,255
8019,255
8021,255
8023,255
8025,255
8027,255
8029,255
8031,255
8033,255
8035,255
8037,255
8039,255
8041,255
8043,255
8045,255
8047,255
8049,255
8051,255
8053,255
8055,255
8057,255
8059,255
8061,255
8063,255
8065,255
8067,255
8069,255
8071,255
8073,255
8075,255
8077,255
8079,255
8081,255
8083,255
8085,255
8087,255
8089,255
8091,255
8093,255
8095,255
8097,255
8099,255
8101,255
8103,255
8105,255
8107,255
8109,255
8111,255
8113,255
8115,255
8117,255
8119,255
8121,255
8123,255
8125,255
8127,255
8129,255
8131,255
8133,255
8135,255
8137,255
8139,255
8141,255
8153,255
8155,255
8157,255
8159,255
8161,255
8163,255
8165,255
8167,255
8169,255
8171,255
8173,255
8175,255
8177,255
8179,255
8181,255
8183,255
8185,255
8187,255
8189,255
8191,255
8193,255
8195,255
8197,255
8199,255
8201,255
8203,255
8205,255
8207,255
8209,255
8211,255
8213,255
8215,255
8217,255
8219,255
8221,255
8223,255
8225,255
8227,255
8229,255
8231,255
8233,255
8235,255
8237,255
8239,255
8241,255
8243,255
8245,255
8247,255
8249,255
8251,255
8253,255
8255,255
8257,255
8259,255
8261,255
8263,255
8265,255
8267,255
8269,255
8271,255
8273,255
8275,255
8277,255
8279,255
8281,255
8283,255
8285,255
8287,255
8289,255
8291,255
8293,255
8295,255
8297,255
8299,255
8301,255
8313,255
8315,255
8317,255
8319,255
8321,255
8323,255
8325,255
8327,255
8329,255
8331,255
8333,255
8335,255
8337,255
8339,255
8341,255
8343,255
8345,255
8347,255
8349,255
8351,255
8353,255
8355,255
8357,255
8359,255
8361,255
8363,255
8365,255
8367,255
8369,255
8371,255
8373,255
8375,255
8377,255
8379,255
8381,255
8383,255
8385,255
8387,255
8389,255
8391,255
8393,255
8395,255
8397,255
8399,255
8401,255
8403,255
8405,255
8407,255
8409,255
8411,255
8413,255
8415,255
8417,255
8419,255
8421,255
8423,255
8425,255
8427,255
8429,255
8431,255
8433,255
8435,255
8437,255
8439,255
8441,255
8443,255
8445,255
8447,255
8449,255
8451,255
8453,255
8455,255
8457,255
8459,255
8461,255
8473,255
8475,255
8477,255
8479,255
8481,255
8483,255
8485,255
8487,255
8489,255
8491,255
8493,255
8495,255
8497,255
8499,255
8501,255
8503,-255
8505,-255
8507,-255
8509,-255
8511,-255
8513,-255
8515,-255
8517,-255
8519,-255
8521,-255
8523,-255
8525,-255
8527,-255
8529,-255
8531,-255
8533,26
8535,24
8537,24
8539,16
8541,11
8543,11
8545,17
8547,26
8549,26
8551,37
8553,44
8555,44
8557,41
8559,28
8561,28
8563,7
8565,-17
8567,-17
8569,-45
8571,-44
8573,-44
8575,-37
8577,-35
8579,-35
8581,-24
8583,-15
8585,-15
8587,-8
8589,0
8591,0
8593,-6
8595,-8
8597,-8
8599,-1
8601,7
8603,7
8605,7
8607,10
8609,10
8611,18
8613,29
8615,29
8617,43
8619,54
8621,54
8623,50
8625,35
8627,35
8629,20
8631,10
8633,10
8635,7
8637,9
8639,9
8641,1
8643,-4
8645,-4
8647,-5
8649,-5
8651,-5
8653,-10
8655,-15
8657,-15
8659,-14
8661,0
8663,0
8665,10
8667,19
8669,19
8671,22
8673,31
8675,31
8677,38
8679,45
8681,45
8683,39
8685,39
8687,39
8689,33
8691,35
8693,35
8695,24
8697,30
8699,30
8701,24
8703,16
8705,16
8707,14
8709,14
8711,14
8713,13
8715,10
8717,10
8719,7
8721,13
8723,13
8725,17
8727,18
8729,18
8731,19
8733,24
8735,24
8747,32
8749,34
8751,34
8753,42
8755,36
8757,36
8759,33
8761,35
8763,35
8765,31
8767,30
8769,30
8771,41
8773,21
8775,21
8777,20
8779,32
8781,32
8783,20
8785,20
8787,20
8789,19
8791,19
8793,19
8795,20
8797,19
8799,19
8801,18
8803,20
8805,20
8807,24
8809,27
8811,27
8813,19
8815,26
8817,26
8819,26
8821,27
8823,27
8825,26
8827,24
8829,24
8831,27
8833,27
8835,27
8837,25
8839,26
8841,26
8843,23
8845,47
8847,47
8849,28
8851,26
8853,26
8855,26
8857,22
8859,22
8861,21
8863,19
8865,19
8867,20
8869,21
8871,21
8873,20
8875,22
8877,22
8879,21
8881,22
8883,22
8885,22
8887,21
8889,21
8891,26
8893,25
8895,25
8897,26
8899,24
8901,24
8903,24
8905,25
8907,25
8909,22
8911,24
8913,24
8915,24
8917,23
8919,23
8921,24
8923,11
8925,11
8927,23
8929,25
8931,25
8933,21
8935,23
8937,23
8939,47
8941,21
8943,21
8945,20
8947,22
8949,22
8951,22
8953,22
8955,22
8957,24
8959,24
8961,24
8963,22
8965,24
8967,24
8969,22
8971,25
8973,25
8975,22
8977,22
8979,22
8981,22
8983,20
8985,20
8987,20
8989,25
8991,25
8993,25
8995,22
8997,22
8999,20
9001,28
9003,28
9005,20
9007,22
9009,22
9011,24
9013,22
9015,22
9017,21
9019,24
9021,24
9023,21
9025,26
9027,26
9029,24
9031,22
9033,22
9035,25
9037,20
9039,20
9041,22
9043,26
9045,26
9047,21
9049,21
9051,21
9053,24
9055,20
9057,20
9059,23
9061,21
9063,21
9065,22
9067,24
9069,24
9071,23
9073,23
9075,23
9077,24
9079,24
9081,24
9083,25
9085,21
9087,21
9089,24
9091,22
9093,22
9095,22
9097,20
9099,20
9101,26
9103,22
9105,22
9107,21
9109,20
9111,20
9113,-33
9115,22
9117,22
9119,24
9121,23
9123,23
9125,20
9127,21
9129,21
9131,21
9133,25
9135,25
9137,21
9139,21
9141,21
9143,22
9145,19
9147,19
9149,21
9151,20
9153,20
9155,21
9157,24
9159,24
9161,24
9163,24
9165,24
9167,22
9169,22
9171,22
9173,20
9175,23
9177,23
9179,20
9181,25
9183,25
9185,20
9187,21
9189,21
9191,20
9193,21
9195,21
9197,20
9199,21
9201,21
9203,24
9205,24
9207,24
9209,24
9211,25
9213,25
9215,21
9217,21
9219,21
9221,24
9223,20
9225,20
9227,24
9229,24
9231,24
9233,20
9235,24
9237,24
9239,24
9241,20
9243,20
9245,23
9247,24
9249,24
9251,25
9253,21
9255,21
9257,22
9259,21
9261,21
9263,21
9265,21
9267,21
9269,22
9271,-2
9273,-2
9275,21
9277,26
9279,26
9281,20
9283,19
9285,19
9287,25
9289,24
9291,24
9293,24
9295,24
9297,24
9299,21
9301,21
9303,21
9305,20
9307,21
9309,21
9311,24
9313,24
9315,24
9317,25
9319,19
9321,19
9323,24
9325,19
9327,19
9329,21
9331,21
9333,21
9335,22
9337,21
9339,21
9341,21
9343,22
9345,22
9347,24
9349,20
9351,20
9353,21
9355,20
9357,20
9359,21
9361,24
9363,24
9365,23
9367,20
9369,20
9371,20
9373,21
9375,21
9377,20
9379,22
9381,22
9383,24
9385,22
9387,22
9389,21
9391,23
9393,23
9395,22
9397,24
9399,24
9401,21
9403,20
9405,20
9417,22
9419,20
9421,20
9423,21
9425,22
9427,22
9429,24
9431,20
9433,20
9435,24
9437,24
9439,24
9441,20
9443,23
9445,23
9447,22
9449,21
9451,21
9453,26
9455,26
9457,26
9459,19
9461,21
9463,21
9465,22
9467,22
9469,22
9471,22
9473,21
9475,21
9477,22
9479,22
9481,22
9483,24
9485,22
9487,22
9489,20
9491,22
9493,22
9495,24
9497,21
9499,21
9501,22
9503,22
9505,22
9507,22
9509,22
9511,22
9513,21
9515,22
9517,22
9519,24
9521,21
9523,21
9525,20
9527,21
9529,21
9531,21
9533,21
9535,21
9537,20
9539,21
9541,21
9543,22
9545,22
9547,22
9549,23
9551,25
9553,25
9555,22
9557,24
9559,24
9561,20
9563,19
9565,19
9567,20
9569,37
9571,37
9573,20
9575,21
9577,21
9579,21
9581,24
9583,24
9585,22
9587,22
9589,22
9591,23
9593,20
9595,20
9597,24
9599,22
9601,22
9603,23
9605,20
9607,20
9609,21
9611,20
9613,20
9615,21
9617,23
9619,23
9621,20
9623,22
9625,22
9627,23
9629,22
9631,22
9633,20
9635,20
9637,20
9639,19
9641,19
9643,19
9645,22
9647,24
9649,24
9651,20
9653,20
9655,20
9657,21
9659,20
9661,20
9663,21
9665,24
9667,24
9669,21
9671,20
9673,20
9675,26
9677,12
9679,12
9681,18
9683,20
9685,20
9687,20
9689,22
9691,22
9693,21
9695,19
9697,19
9699,19
9701,22
9703,22
9705,24
9707,21
9709,21
9711,20
9713,21
9715,21
9717,20
9719,23
9721,23
9723,20
9725,22
9727,22
9729,22
9731,20
9733,20
9735,20
9737,19
9739,19
9741,21
9743,22
9745,22
9747,20
9749,21
9751,21
9753,22
9755,20
9757,20
9759,20
9761,21
9763,21
9765,17
9767,21
9769,21
9771,21
9773,20
9775,20
9777,20
9779,20
9781,20
9783,20
9785,20
9787,20
9789,20
9791,19
9793,19
9795,21
9797,21
9799,21
9801,19
9803,22
9805,22
9807,21
9809,22
9811,22
9813,21
9815,21
9817,21
9819,22
9821,22
9823,22
9825,22
9827,37
9829,37
9831,21
9833,19
9835,19
9837,19
9839,21
9841,21
9843,22
9845,18
9847,18
9849,21
9851,20
9853,20
9855,21
9857,20
9859,20
9861,22
9863,20
9865,20
9867,24
9869,21
9871,21
9873,19
9875,21
9877,21
9879,22
9881,18
9883,18
9885,19
9887,22
9889,22
9891,22
9893,21
9895,21
9897,20
9899,25
9901,25
9903,21
9905,21
9907,21
9909,21
9911,20
9913,20
9915,22
9917,25
9919,25
9921,20
9923,21
9925,21
9927,24
9929,22
9931,22
9933,19
9935,19
9937,19
9939,20
9941,22
9943,22
9945,20
9947,20
9949,20
9951,20
9953,24
9955,24
9957,21
9959,22
9961,22
9963,21
9965,25
9967,25
9969,6
9971,20
9973,20
9975,20
9977,7
9979,7
9981,20
9983,22
9985,22
9987,20
9989,22
9991,22
9993,26
9995,19
9997,19
9999,22
10001,21
10003,21
10005,21
10007,21
10009,21
10011,21
10013,22
10015,22
10027,20
10029,21
10031,21
10033,22
10035,21
10037,21
10039,24
10041,21
10043,21
10045,20
10047,22
10049,22
10051,21
10053,23
10055,23
10057,21
10059,21
10061,21
10063,18
10065,20
10067,20
10069,20
10071,19
10073,19
10075,20
10077,22
10079,22
10081,22
10083,20
10085,20
10087,26
10089,24
10091,24
10093,19
10095,22
10097,22
10099,21
10101,22
10103,22
10105,19
10107,26
10109,26
10111,24
10113,21
10115,21
10117,21
10119,22
10121,22
10123,24
10125,19
10127,19
10139,24
10141,21
10143,21
10145,22
10147,20
10149,20
10151,23
10153,20
10155,20
10157,22
10159,21
10161,21
10163,24
10165,19
10167,19
10169,23
10171,24
10173,24
10175,24
10177,25
10179,25
10181,19
10183,19
10185,19
10187,20
10189,21
10191,21
10193,21
10195,24
10197,24
10199,20
10201,22
10203,22
10205,24
10207,22
10209,22
10211,22
10213,23
10215,23
10217,23
10219,23
10221,23
10223,22
10225,22
10227,22
10229,20
10231,22
10233,22
10245,20
10247,21
10249,21
10251,20
10253,25
10255,25
10257,24
10259,24
10261,24
10263,22
10265,21
10267,21
10269,21
10271,22
10273,22
10275,21
10277,26
10279,26
10281,22
10283,20
10285,20
10287,24
10289,22
10291,22
10293,22
10295,20
10297,20
10299,22
10301,20
10303,20
10305,38
10307,20
10309,20
10311,19
10313,20
10315,20
10317,19
10319,22
10321,22
10323,20
10325,20
10327,20
10329,21
10331,22
10333,22
10335,22
10337,21
10339,21
10341,15
10343,25
10345,25
10357,20
10359,24
10361,24
10363,22
10365,21
10367,21
10369,22
10371,21
10373,21
10375,21
10377,22
10379,22
10381,22
10383,22
10385,22
10387,23
10389,24
10391,24
10393,24
10395,26
10397,26
10399,20
10401,22
10403,22
10405,20
10407,26
10409,26
10411,23
10413,21
10415,21
10417,21
10419,20
10421,20
10423,24
10425,22
10427,22
10429,20
10431,22
10433,22
10435,22
10437,22
10439,22
10441,24
10443,21
10445,21
10447,20
10449,22
10451,22
10463,22
10465,20
10467,20
10469,22
10471,20
10473,20
10475,24
10477,26
10479,26
10481,22
10483,33
10485,33
10487,24
10489,-1
10491,-1
10493,20
10495,21
10497,21
10499,20
10501,26
10503,26
10505,14
10507,23
10509,23
10511,24
10513,22
10515,22
10517,20
10519,25
10521,25
10523,23
10525,23
10527,23
10529,24
10531,26
10533,26
10535,33
10537,17
10539,17
10541,20
10543,24
10545,24
10547,21
10549,22
10551,22
10553,22
10555,22
10557,22
10559,21
10561,23
10563,23
10575,21
10577,21
10579,21
10581,21
10583,21
10585,21
10587,22
10589,22
10591,22
10593,20
10595,21
10597,21
10599,20
10601,21
10603,21
10605,26
10607,21
10609,21
10611,21
10613,22
10615,22
10617,21
10619,22
10621,22
10623,24
10625,22
10627,22
10629,21
10631,20
10633,20
10635,14
10637,21
10639,21
10641,21
10643,25
10645,25
10647,24
10649,25
10651,25
10653,20
10655,24
10657,24
10659,24
10661,25
10663,25
10665,24
10667,21
10669,21
10671,21
10673,54
10675,54
10687,26
10689,20
10691,20
10693,18
10695,14
10697,14
10699,16
10701,14
10703,14
10705,15
10707,15
10709,15
10711,19
10713,19
10715,19
10717,24
10719,21
10721,21
10723,21
10725,26
10727,26
10729,24
10731,23
10733,23
10735,25
10737,20
10739,20
10741,26
10743,24
10745,24
10747,22
10749,22
10751,22
10753,21
10755,27
10757,27
10759,22
10761,19
10763,19
10765,21
10767,20
10769,20
10771,24
10773,24
10775,24
10777,20
10779,26
10781,26
10793,25
10795,25
10797,25
10799,26
10801,24
10803,24
10805,21
10807,22
10809,22
10811,26
10813,23
10815,23
10817,21
10819,-2
10821,-2
10823,20
10825,22
10827,22
10829,21
10831,23
10833,23
10835,26
10837,21
10839,21
10841,24
10843,20
10845,20
10847,26
10849,24
10851,24
10853,24
10855,24
10857,24
10859,25
10861,26
10863,26
10865,24
10867,24
10869,24
10871,24
10873,20
10875,20
10877,24
10879,26
10881,26
10883,21
10885,22
10887,22
10889,26
10891,25
10893,25
10905,24
10907,26
10909,26
10911,22
10913,24
10915,24
10917,22
10919,23
10921,23
10923,22
10925,21
10927,21
10929,25
10931,22
10933,22
10935,24
10937,23
10939,23
10941,22
10943,24
10945,24
10947,23
10949,22
10951,22
10953,21
10955,21
10957,21
10959,24
10961,22
10963,22
10965,24
10967,21
10969,21
10971,21
10973,21
10975,21
10977,20
10979,21
10981,21
10983,21
10985,21
10987,21
10989,21
10991,26
10993,26
10995,24
10997,22
10999,22
11011,25
11013,20
11015,20
11017,50
11019,21
11021,21
11023,24
11025,21
11027,21
11029,24
11031,24
11033,24
11035,24
11037,22
11039,22
11041,23
11043,22
11045,22
11047,26
11049,21
11051,21
11053,24
11055,22
11057,22
11059,26
11061,21
11063,21
11065,26
11067,27
11069,27
11071,25
11073,21
11075,21
11077,24
11079,22
11081,22
11083,26
11085,24
11087,24
11089,22
11091,21
11093,21
11095,21
11097,25
11099,25
11101,24
11103,24
11105,24
11107,24
11109,22
11111,22
11123,21
11125,20
11127,20
11129,21
11131,24
11133,24
11135,23
11137,20
11139,20
11141,20
11143,24
11145,24
11147,23
11149,23
11151,23
11153,24
11155,23
11157,23
11159,25
11161,24
11163,24
11165,25
11167,24
11169,24
11171,24
11173,20
11175,20
11177,22
11179,19
11181,19
11183,24
11185,28
11187,28
11189,22
11191,24
11193,24
11195,24
11197,20
11199,20
11201,26
11203,24
11205,24
11207,22
11209,22
11211,22
11213,25
11215,24
11217,24
11229,21
11231,22
11233,22
11235,25
11237,24
11239,24
11241,24
11243,25
11245,25
11247,24
11249,23
11251,23
11253,22
11255,22
11257,22
11259,24
11261,24
11263,24
11265,26
11267,22
11269,22
11271,24
11273,24
11275,24
11277,23
11279,26
11281,26
11283,22
11285,21
11287,21
11289,26
11291,26
11293,26
11295,24
11297,26
11299,26
11301,24
11303,24
11305,24
11307,26
11309,26
11311,26
11313,24
11315,23
11317,23
11319,24
11321,22
11323,22
11325,25
11327,24
11329,24
11341,25
11343,28
11345,28
11347,24
11349,27
11351,27
11353,26
11355,24
11357,24
11359,26
11361,24
11363,24
11365,24
11367,24
11369,24
11371,22
11373,22
11375,22
11377,22
11379,22
11381,22
11383,21
11385,22
11387,22
11389,24
11391,25
11393,25
11395,26
11397,25
11399,25
11401,25
11403,23
11405,23
11407,57
11409,24
11411,24
11413,25
11415,20
11417,20
11419,22
11421,26
11423,26
11425,20
11427,21
11429,21
11431,22
11433,20
11435,20
11447,20
11449,24
11451,24
11453,24
11455,24
11457,24
11459,25
11461,25
11463,25
11465,24
11467,26
11469,26
11471,23
11473,25
11475,25
11477,24
11479,21
11481,21
11483,22
11485,22
11487,22
11489,24
11491,22
11493,22
11495,24
11497,24
11499,24
11501,27
11503,24
11505,24
11507,22
11509,25
11511,25
11513,24
11515,25
11517,25
11519,22
11521,25
11523,25
11525,27
11527,21
11529,21
11531,24
11533,22
11535,22
11537,21
11539,26
11541,26
11543,23
11545,23
11547,23
11559,24
11561,24
11563,24
11565,22
11567,26
11569,26
11571,20
11573,24
11575,24
11577,22
11579,23
11581,23
11583,22
11585,24
11587,24
11589,24
11591,27
11593,27
11595,25
11597,24
11599,24
11601,24
11603,24
11605,24
11607,24
11609,26
11611,26
11613,25
11615,24
11617,24
11619,22
11621,24
11623,24
11625,23
11627,26
11629,26
11631,22
11633,21
11635,21
11637,25
11639,24
11641,24
11643,21
11645,24
11647,24
11649,26
11651,26
11653,26
11665,26
11667,27
11669,27
11671,25
11673,24
11675,24
11677,26
11679,26
11681,26
11683,25
11685,22
11687,22
11689,26
11691,24
11693,24
11695,24
11697,21
11699,21
11701,24
11703,26
11705,26
11707,24
11709,20
11711,20
11713,19
11715,25
11717,25
11719,24
11721,24
11723,24
11725,22
11727,24
11729,24
11731,24
11733,26
11735,26
11737,23
11739,26
11741,26
11743,26
11745,26
11747,26
11749,25
11751,25
11753,25
11755,25
11757,26
11759,26
11761,26
11763,26
11765,26
11777,26
11779,27
11781,27
11783,25
11785,26
11787,26
11789,23
11791,25
11793,25
11795,25
11797,27
11799,27
11801,30
11803,30
11805,30
11807,21
11809,24
11811,24
11813,25
11815,26
11817,26
11819,24
11821,25
11823,25
11825,25
11827,27
11829,27
11831,24
11833,27
11835,27
11837,26
11839,24
11841,24
11843,27
11845,24
11847,24
11849,26
11851,25
11853,25
11855,28
11857,27
11859,27
11861,25
11863,26
11865,26
11867,26
11869,21
11871,21
11883,26
11885,26
11887,26
11889,27
11891,26
11893,26
11895,24
11897,25
11899,25
11901,24
11903,26
11905,26
11907,26
11909,20
11911,20
11913,28
11915,26
11917,26
11919,25
11921,25
11923,25
11925,24
11927,32
11929,32
11931,22
11933,25
11935,25
11937,24
11939,26
11941,26
11943,24
11945,26
11947,26
11949,26
11951,25
11953,25
11955,24
11957,24
11959,24
11961,27
11963,26
11965,26
11967,25
11969,24
11971,24
11973,26
11975,26
11977,26
11979,21
11981,29
11983,29
11995,25
11997,27
11999,27
12001,27
12003,26
12005,26
12007,22
12009,24
12011,24
12013,24
12015,26
12017,26
12019,24
12021,24
12023,24
12025,24
12027,27
12029,27
12031,27
12033,23
12035,23
12037,26
12039,26
12041,26
12043,27
12045,26
12047,26
12049,26
12051,26
12053,26
12055,25
12057,23
12059,23
12061,26
12063,25
12065,25
12067,24
12069,24
12071,24
12073,24
12075,28
12077,28
12079,26
12081,21
12083,21
12085,20
12087,28
12089,28
12101,26
12103,23
12105,23
12107,24
12109,26
12111,26
12113,26
12115,26
12117,26
12119,27
12121,26
12123,26
12125,26
12127,24
12129,24
12131,26
12133,21
12135,21
12137,26
12139,26
12141,26
12143,25
12145,25
12147,25
12149,26
12151,36
12153,36
12155,26
12157,25
12159,25
12161,22
12163,27
12165,27
12167,26
12169,24
12171,24
12173,28
12175,30
12177,30
12179,26
12181,28
12183,28
12185,28
12187,26
12189,26
12191,25
12193,24
12195,24
12197,28
12199,26
12201,26
12213,28
12215,27
12217,27
12219,28
12221,24
12223,24
12225,25
12227,26
12229,26
12231,27
12233,22
12235,22
12237,23
12239,27
12241,27
12243,20
12245,25
12247,25
12249,25
12251,24
12253,24
12255,26
12257,22
12259,22
12261,28
12263,26
12265,26
12267,20
12269,24
12271,24
12273,24
12275,24
12277,24
12279,26
12281,26
12283,26
12285,23
12287,26
12289,26
12291,22
12293,26
12295,26
12297,24
12299,27
12301,27
12303,21
12305,24
12307,24
12309,24
12311,21
12313,21
12325,23
12327,24
12329,24
12331,24
12333,24
12335,24
12337,26
12339,32
12341,32
12343,22
12345,21
12347,21
12349,23
12351,23
12353,23
12355,22
12357,24
12359,24
12361,22
12363,22
12365,22
12367,24
12369,24
12371,24
12373,21
12375,24
12377,24
12379,22
12381,21
12383,21
12385,21
12387,21
12389,21
12391,21
12393,22
12395,22
12397,20
12399,26
12401,26
12403,23
12405,24
12407,24
12409,8
12411,20
12413,20
12415,21
12417,22
12419,22
12431,27
12433,24
12435,24
12437,23
12439,25
12441,25
12443,20
12445,24
12447,24
12449,25
12451,21
12453,21
12455,24
12457,24
12459,24
12461,24
12463,24
12465,24
12467,21
12469,20
12471,20
12473,21
12475,22
12477,22
12479,22
12481,24
12483,24
12485,25
12487,24
12489,24
12491,21
12493,23
12495,23
12497,26
12499,20
12501,20
12503,23
12505,21
12507,21
12509,20
12511,26
12513,26
12515,24
12517,19
12519,19
12521,22
12523,24
12525,24
12527,21
12529,24
12531,24
12543,20
12545,20
12547,20
12549,22
12551,21
12553,21
12555,19
12557,24
12559,24
12561,19
12563,20
12565,20
12567,22
12569,24
12571,24
12573,21
12575,23
12577,23
12579,22
12581,25
12583,25
12585,23
12587,22
12589,22
12591,22
12593,22
12595,22
12597,21
12599,20
12601,20
12603,20
12605,21
12607,21
12609,21
12611,21
12613,21
12615,26
12617,26
12619,26
12621,22
12623,22
12625,22
12627,20
12629,24
12631,24
12633,22
12635,23
12637,23
12649,24
12651,25
12653,25
12655,20
12657,22
12659,22
12661,22
12663,21
12665,21
12667,21
12669,22
12671,22
12673,20
12675,21
12677,21
12679,20
12681,21
12683,21
12685,24
12687,22
12689,22
12691,21
12693,25
12695,25
12697,21
12699,22
12701,22
12703,22
12705,20
12707,20
12709,26
12711,21
12713,21
12715,21
12717,20
12719,20
12721,20
12723,20
12725,20
12727,22
12729,20
12731,20
12733,20
12735,24
12737,24
12739,20
12741,0
12743,0
12745,22
12747,25
12749,25
12761,22
12763,20
12765,20
12767,21
12769,19
12771,19
12773,21
12775,21
12777,21
12779,22
12781,21
12783,21
12785,22
12787,21
12789,21
12791,23
12793,22
12795,22
12797,21
12799,19
12801,19
12803,22
12805,21
12807,21
12809,22
12811,19
12813,19
12815,21
12817,20
12819,20
12821,21
12823,20
12825,20
12827,23
12829,21
12831,21
12833,24
12835,22
12837,22
12839,21
12841,25
12843,25
12845,21
12847,22
12849,22
12851,20
12853,20
12855,20
12857,20
12859,20
12861,20
12873,24
12875,20
12877,20
12879,21
12881,22
12883,22
12885,19
12887,20
12889,20
12891,20
12893,22
12895,22
12897,22
12899,21
12901,21
12903,21
12905,23
12907,23
12909,20
12911,21
12913,21
12915,20
12917,0
12919,0
12921,24
12923,19
12925,19
12927,21
12929,22
12931,22
12933,20
12935,26
12937,26
12939,21
12941,20
12943,20
12945,21
12947,20
12949,20
12951,22
12953,23
12955,23
12957,21
12959,20
12961,20
12963,19
12965,24
12967,24
12969,22
12971,20
12973,20
12985,20
12987,23
12989,23
12991,22
12993,24
12995,24
12997,23
12999,22
13001,22
13003,20
13005,20
13007,20
13009,21
13011,20
13013,20
13015,20
13017,26
13019,26
13021,20
13023,19
13025,19
13027,20
13029,20
13031,20
13033,21
13035,20
13037,20
13039,20
13041,20
13043,20
13045,18
13047,21
13049,21
13051,20
13053,20
13055,20
13057,20
13059,19
13061,19
13063,19
13065,20
13067,20
13069,30
13071,20
13073,20
13075,16
13077,19
13079,19
13091,20
13093,21
13095,21
13097,16
13099,33
13101,33
13103,19
13105,20
13107,20
13109,19
13111,17
13113,17
13115,22
13117,18
13119,18
13121,19
13123,20
13125,20
13127,22
13129,20
13131,20
13133,22
13135,18
13137,18
13139,21
13141,24
13143,24
13145,20
13147,21
13149,21
13151,19
13153,20
13155,20
13157,20
13159,21
13161,21
13163,19
13165,24
13167,24
13169,20
13171,20
13173,20
13175,19
13177,20
13179,20
13181,22
13183,20
13185,20
13187,20
13189,20
13191,20
13203,20
13205,19
13207,19
13209,21
13211,21
13213,21
13215,21
13217,19
13219,19
13221,20
13223,20
13225,20
13227,17
13229,18
13231,18
13233,20
13235,17
13237,17
13239,19
13241,20
13243,20
13245,20
13247,18
13249,18
13251,22
13253,21
13255,21
13257,20
13259,16
13261,16
13263,19
13265,19
13267,19
13269,19
13271,20
13273,20
13275,20
13277,17
13279,17
13281,20
13283,18
13285,18
13287,19
13289,19
13291,19
13293,20
13295,17
13297,17
13309,20
13311,19
13313,19
13315,20
13317,18
13319,18
13321,19
13323,18
13325,18
13327,19
13329,20
13331,20
13333,19
13335,23
13337,23
13339,19
13341,20
13343,20
13345,19
13347,20
13349,20
13351,18
13353,15
13355,15
13357,19
13359,18
13361,18
13363,19
13365,20
13367,20
13369,15
13371,18
13373,18
13375,20
13377,19
13379,19
13381,20
13383,17
13385,17
13387,20
13389,18
13391,18
13393,15
13395,19
13397,19
13399,18
13401,17
13403,17
13405,16
13407,15
13409,15
13421,20
13423,18
13425,18
13427,19
13429,19
13431,19
13433,19
13435,19
13437,19
13439,18
13441,17
13443,17
13445,14
13447,18
13449,18
13451,21
13453,20
13455,20
13457,20
13459,19
13461,19
13463,13
13465,20
13467,20
13469,19
13471,1
13473,1
13475,17
13477,19
13479,19
13481,19
13483,19
13485,19
13487,20
13489,20
13491,20
13493,19
13495,19
13497,19
13499,18
13501,19
13503,19
13505,20
13507,19
13509,19
13511,19
13513,21
13515,21
13517,19
13519,19
13521,19
13533,-255
13535,-255
13537,-255
13539,-255
13541,-255
13543,-255
13545,255
13547,255
13549,255
13551,255
13553,255
13555,255
13557,255
13559,255
13561,255
13563,255
13565,255
13567,255
13569,255
13571,255
13573,255
13575,255
13577,255
13579,255
13581,255
13583,255
13585,255
13597,255
13599,255
13601,255
13603,255
13605,255
13607,255
13609,255
13611,255
13613,255
13615,255
13617,255
13619,255
13621,255
13623,255
13625,255
13627,255
13629,255
13631,255
13633,255
13635,255
13637,255
13639,255
13641,255
13643,255
13645,255
13647,255
13649,255
13651,255
13653,255
13655,255
13657,255
13659,255
13661,255
13673,255
13675,255
13677,255
13679,255
13681,255
13683,255
13685,255
13687,255
13689,255
13691,255
13693,255
13695,255
13697,255
13699,255
13701,255
13703,255
13705,255
13707,255
13709,255
13711,255
13713,255
13715,255
13717,255
13719,255
13721,255
13723,255
13725,255
13727,255
13729,255
13731,255
13733,255
13735,255
13737,255
13749,255
13751,255
13753,255
13755,255
13757,255
13759,255
13761,255
13763,255
13765,255
13767,255
13769,255
13771,255
13773,255
13775,255
13777,255
13779,255
13781,255
13783,255
13785,255
13787,255
13789,255
13791,255
13793,255
13795,255
13797,255
13799,255
13801,255
13803,255
13805,255
13807,255
13809,255
13811,255
13813,255
13825,255
13827,255
13829,255
13831,255
13833,255
13835,255
13837,255
13839,255
13841,255
13843,255
13845,255
13847,255
13849,255
13851,255
13853,255
13855,255
13857,255
13859,255
13861,255
13863,255
13865,255
13867,255
13869,255
13871,255
13873,255
13875,255
13877,255
13879,255
13881,255
13883,255
13895,255
13897,255
13899,255
13901,255
13903,255
13905,255
13907,255
13909,255
13911,255
13913,255
13915,255
13917,255
13919,255
13921,255
13923,255
13925,255
13927,255
13929,255
13931,255
13933,255
13935,255
13937,255
13939,255
13941,255
13943,255
13945,255
13947,255
13949,255
13951,255
13953,255
13955,255
13957,255
13959,255
13971,255
13973,255
13975,255
13977,255
13979,255
13981,255
13983,255
13985,255
13987,255
13989,255
13991,255
13993,255
13995,255
13997,255
13999,255
14001,255
14003,255
14005,255
14007,255
14009,255
14011,255
14013,255
14015,255
14017,255
14019,255
14021,255
14023,255
14025,-255
14027,-255
14029,-255
14031,-255
14033,-255
14035,-255
14047,-255
14049,-255
14051,-255
14053,-255
14055,-255
14057,-255
14059,-255
14061,-255
14063,-255
14065,255
14067,255
14069,255
14071,255
14073,255
14075,255
14077,255
14079,255
14081,255
14083,255
14085,255
14087,255
14089,255
14091,255
14093,255
14095,255
14097,255
14099,255
14101,255
14103,255
14105,255
14117,255
14119,255
14121,255
14123,255
14125,255
14127,255
14129,255
14131,255
14133,255
14135,255
14137,255
14139,255
14141,255
14143,255
14145,255
14147,255
14149,255
14151,255
14153,255
14155,255
14157,255
14159,255
14161,255
14163,255
14165,255
14167,255
14169,255
14171,255
14173,255
14175,255
14177,255
14179,255
14181,255
14193,255
14195,255
14197,255
14199,255
14201,255
14203,255
14205,255
14207,255
14209,255
14211,255
14213,255
14215,255
14217,255
14219,255
14221,255
14223,255
14225,255
14227,255
14229,255
14231,255
14233,255
14235,255
14237,255
14239,255
14241,255
14243,255
14245,255
14247,255
14249,255
14251,255
14253,255
14255,255
14257,255
14269,255
14271,255
14273,255
14275,255
14277,255
14279,255
14281,255
14283,255
14285,255
14287,255
14289,255
14291,255
14293,255
14295,255
14297,255
14299,255
14301,255
14303,255
14305,255
14307,255
14309,255
14311,255
14313,255
14315,255
14317,255
14319,255
14321,255
14323,255
14325,255
14327,255
14339,255
14341,255
14343,255
14345,255
14347,255
14349,255
14351,255
14353,255
14355,255
14357,255
14359,255
14361,255
14363,255
14365,255
14367,255
14369,255
14371,255
14373,255
14375,255
14377,255
14379,255
14381,255
14383,255
14385,255
14387,255
14389,255
14391,255
14393,255
14395,255
14397,255
14399,255
14401,255
14403,255
14415,255
14417,255
14419,255
14421,255
14423,255
14425,255
14427,255
14429,255
14431,255
14433,255
14435,255
14437,255
14439,255
14441,255
14443,255
14445,255
14447,255
14449,255
14451,255
14453,255
14455,255
14457,255
14459,255
14461,255
14463,255
14465,255
14467,255
14469,255
14471,255
14473,255
14475,255
14477,255
14479,255
14491,255
14493,255
14495,255
14497,255
14499,255
14501,255
14503,255
14505,255
14507,255
14509,255
14511,255
14513,255
14515,255
14517,255
14519,255
14521,255
14523,255
14525,255
14527,255
14529,255
14531,255
14533,255
14535,255
14537,255
14539,255
14541,255
14543,255
14545,255
14547,255
14549,255
14551,255
14553,255
14555,255
14567,255
14569,255
14571,255
14573,255
14575,255
14577,255
14579,255
14581,255
14583,255
14585,255
14587,-255
14589,-255
14591,-255
14593,-255
14595,-255
14597,-255
14599,-255
14601,-255
14603,-255
14605,-255
14607,-255
14609,-255
14611,-255
14613,-255
14615,-255
14617,255
14619,255
14621,255
14623,255
14625,255
14637,255
14639,255
14641,255
14643,255
14645,255
14647,255
14649,255
14651,255
14653,255
14655,255
14657,255
14659,255
14661,255
14663,255
14665,255
14667,255
14669,255
14671,255
14673,255
14675,255
14677,255
14679,255
14681,255
14683,255
14685,255
14687,255
14689,255
14691,255
14693,255
14695,255
14697,255
14699,255
14701,255
14713,255
14715,255
14717,255
14719,255
14721,255
14723,255
14725,255
14727,255
14729,255
14731,255
14733,255
14735,255
14737,255
14739,255
14741,255
14743,255
14745,255
14747,255
14749,255
14751,255
14753,255
14755,255
14757,255
14759,255
14761,255
14763,255
14765,255
14767,255
14769,255
14771,255
14783,255
14785,255
14787,255
14789,255
14791,255
14793,255
14795,255
14797,255
14799,255
14801,255
14803,255
14805,255
14807,255
14809,255
14811,255
14813,255
14815,255
14817,255
14819,255
14821,255
14823,255
14825,255
14827,255
14829,255
14831,255
14833,255
14835,255
14837,255
14839,255
14841,255
14843,255
14845,255
14847,255
14859,255
14861,255
14863,255
14865,255
14867,255
14869,255
14871,255
14873,255
14875,255
14877,255
14879,255
14881,255
14883,255
14885,255
14887,255
14889,255
14891,255
14893,255
14895,255
14897,255
14899,255
14901,255
14903,255
14905,255
14907,255
14909,255
14911,255
14913,255
14915,255
14917,255
14919,255
14921,255
14923,255
14935,255
14937,255
14939,255
14941,255
14943,255
14945,255
14947,255
14949,255
14951,255
14953,255
14955,255
14957,255
14959,255
14961,255
14963,255
14965,255
14967,255
14969,255
14971,255
14973,255
14975,255
14977,255
14979,255
14981,255
14983,255
14985,255
14987,255
14989,255
14991,255
14993,255
14995,255
14997,255
14999,255
15011,255
15013,255
15015,255
15017,255
15019,255
15021,255
15023,255
15025,255
15027,255
15029,255
15031,255
15033,255
15035,255
15037,255
15039,255
15041,255
15043,255
15045,255
15047,255
15049,255
15051,255
15053,255
15055,255
15057,255
15059,255
15061,255
15063,255
15065,255
15067,255
15069,255
15071,255
15073,255
15075,255
15087,255
15089,255
15091,255
15093,255
15095,255
15097,255
15099,255
15101,255
15103,255
15105,255
15107,-255
15109,-255
15111,-255
15113,-255
15115,-255
15117,-255
15119,-255
15121,-255
15123,-255
15125,-255
15127,-255
15129,-255
15131,-255
15133,-255
15135,-255
15137,-255
15139,-255
15151,255
15153,255
15155,255
15157,255
15159,255
15161,255
15163,255
15165,255
15167,255
15169,255
15171,255
15173,255
15175,255
15177,255
15179,255
15181,255
15183,255
15185,255
15187,255
15189,255
15191,255
15193,255
15195,255
15197,255
15199,255
15201,255
15203,255
15205,255
15207,255
15209,255
15211,255
15213,255
15215,255
15227,255
15229,255
15231,255
15233,255
15235,255
15237,255
15239,255
15241,255
15243,255
15245,255
15247,255
15249,255
15251,255
15253,255
15255,255
15257,255
15259,255
15261,255
15263,255
15265,255
15267,255
15269,255
15271,255
15273,255
15275,255
15277,255
15279,255
15281,255
15283,255
15285,255
15287,255
15289,255
15291,255
15303,255
15305,255
15307,255
15309,255
15311,255
15313,255
15315,255
15317,255
15319,255
15321,255
15323,255
15325,255
15327,255
15329,255
15331,255
15333,255
15335,255
15337,255
15339,255
15341,255
15343,255
15345,255
15347,255
15349,255
15351,255
15353,255
15355,255
15357,255
15359,255
15361,255
15363,255
15365,255
15367,255
15379,255
15381,255
15383,255
15385,255
15387,255
15389,255
15391,255
15393,255
15395,255
15397,255
15399,255
15401,255
15403,255
15405,255
15407,255
15409,255
15411,255
15413,255
15415,255
15417,255
15419,255
15421,255
15423,255
15425,255
15427,255
15429,255
15431,255
15433,255
15435,255
15437,255
15439,255
15441,255
15443,255
15455,255
15457,255
15459,255
15461,255
15463,255
15465,255
15467,255
15469,255
15471,255
15473,255
15475,255
15477,255
15479,255
15481,255
15483,255
15485,255
15487,255
15489,255
15491,255
15493,255
15495,255
15497,255
15499,255
15501,255
15503,255
15505,255
15507,255
15509,255
15511,255
15513,255
15515,255
15517,255
15519,255
15531,255
15533,255
15535,255
15537,255
15539,255
15541,255
15543,255
15545,255
15547,255
15549,255
15551,255
15553,255
15555,255
15557,255
15559,255
15561,255
15563,255
15565,255
15567,255
15569,255
15571,255
15573,255
15575,255
15577,255
15579,255
15581,255
15583,255
15585,255
15587,255
15589,255
15591,255
15593,255
15595,255
15607,255
15609,255
15611,255
15613,255
15615,255
15617,255
15619,255
15621,255
15623,255
15625,255
15627,255
15629,255
15631,255
15633,255
15635,255
15637,255
15639,255
15641,255
15643,255
15645,255
15647,255
15649,255
15651,-255
15653,-255
15655,-255
15657,-255
15659,-255
15661,-255
15663,-255
15665,-255
15677,-255
15679,-255
15681,-255
15683,255
15685,255
15687,255
15689,255
15691,255
15693,255
15695,255
15697,255
15699,255
15701,255
15703,255
15705,255
15707,255
15709,255
15711,255
15713,255
15715,255
15717,255
15719,255
15721,255
15723,255
15725,255
15727,255
15729,255
15731,255
15733,255
15735,255
15737,255
15739,255
15741,255
15753,255
15755,255
15757,255
15759,255
15761,255
15763,255
15765,255
15767,255
15769,255
15771,255
15773,255
15775,255
15777,255
15779,255
15781,255
15783,255
15785,255
15787,255
15789,255
15791,255
15793,255
15795,255
15797,255
15799,255
15801,255
15803,255
15805,255
15807,255
15809,255
15811,255
15813,255
15815,255
15817,255
15829,255
15831,255
15833,255
15835,255
15837,255
15839,255
15841,255
15843,255
15845,255
15847,255
15849,255
15851,255
15853,255
15855,255
15857,255
15859,255
15861,255
15863,255
15865,255
15867,255
15869,255
15871,255
15873,255
15875,255
15877,255
15879,255
15881,255
15883,255
15885,255
15887,255
15889,255
15891,255
15893,255
15905,255
15907,255
15909,255
15911,255
15913,255
15915,255
15917,255
15919,255
15921,255
15923,255
15925,255
15927,255
15929,255
15931,255
15933,255
15935,255
15937,255
15939,255
15941,255
15943,255
15945,255
15947,255
15949,255
15951,255
15953,255
15955,255
15957,255
15959,255
15961,255
15963,255
15975,255
15977,255
15979,255
15981,255
15983,255
15985,255
15987,255
15989,255
15991,255
15993,255
15995,255
15997,255
15999,255
16001,255
16003,255
16005,255
16007,255
16009,255
16011,255
16013,255
16015,255
16017,255
16019,255
16021,255
16023,255
16025,255
16027,255
16029,255
16031,255
16033,255
16035,255
16037,255
16039,255
16051,255
16053,255
16055,255
16057,255
16059,255
16061,255
16063,255
16065,255
16067,255
16069,255
16071,255
16073,255
16075,255
16077,255
16079,255
16081,255
16083,255
16085,255
16087,255
16089,255
16091,255
16093,255
16095,255
16097,255
16099,255
16101,255
16103,255
16105,255
16107,255
16109,255
16111,255
16113,255
16115,255
16127,255
16129,255
16131,255
16133,255
16135,255
16137,255
16139,255
16141,255
16143,255
16145,255
16147,255
16149,255
16151,255
16153,255
16155,255
16157,255
16159,255
16161,255
16163,255
16165,255
16167,255
16169,255
16171,-255
16173,-255
16175,-255
16177,-255
16179,-255
16181,-255
16183,-255
16185,-255
16197,-255
16199,-255
16201,-255
16203,255
16205,255
16207,255
16209,255
16211,255
16213,255
16215,255
16217,255
16219,255
16221,255
16223,255
16225,255
16227,255
16229,255
16231,255
16233,255
16235,255
16237,255
16239,255
16241,255
16243,255
16245,255
16247,255
16249,255
16251,255
16253,255
16255,255
16257,255
16259,255
16261,255
16273,255
16275,255
16277,255
16279,255
16281,255
16283,255
16285,255
16287,255
16289,255
16291,255
16293,255
16295,255
16297,255
16299,255
16301,255
16303,255
16305,255
16307,255
16309,255
16311,255
16313,255
16315,255
16317,255
16319,255
16321,255
16323,255
16325,255
16327,255
16329,255
16331,255
16333,255
16335,255
16337,255
16349,255
16351,255
16353,255
16355,255
16357,255
16359,255
16361,255
16363,255
16365,255
16367,255
16369,255
16371,255
16373,255
16375,255
16377,255
16379,255
16381,255
16383,255
16385,255
16387,255
16389,255
16391,255
16393,255
16395,255
16397,255
16399,255
16401,255
16403,255
16405,255
16407,255
16409,255
16411,255
16413,255
16425,255
16427,255
16429,255
16431,255
16433,255
16435,255
16437,255
16439,255
16441,255
16443,255
16445,255
16447,255
16449,255
16451,255
16453,255
16455,255
16457,255
16459,255
16461,255
16463,255
16465,255
16467,255
16469,255
16471,255
16473,255
16475,255
16477,255
16479,255
16481,255
16483,255
16485,255
16487,255
16489,255
16501,255
16503,255
16505,255
16507,255
16509,255
16511,255
16513,255
16515,255
16517,255
16519,255
16521,255
16523,255
16525,255
16527,255
16529,255
16531,255
16533,255
16535,255
16537,255
16539,255
16541,255
16543,255
16545,255
16547,255
16549,255
16551,255
16553,255
16555,255
16557,255
16559,255
16561,255
16563,255
16565,255
16577,255
16579,255
16581,255
16583,255
16585,255
16587,255
16589,255
16591,255
16593,255
16595,255
16597,255
16599,255
16601,255
16603,255
16605,255
16607,255
16609,255
16611,255
16613,255
16615,255
16617,255
16619,255
16621,255
16623,255
16625,255
16627,255
16629,255
16631,255
16633,255
16635,255
16637,255
16639,255
16641,255
16653,255
16655,255
16657,255
16659,255
16661,255
16663,255
16665,255
16667,255
16669,255
16671,255
16673,-255
16675,-255
16677,-255
16679,-255
16681,-255
16683,-255
16685,-255
16687,-255
16689,-255
16691,-255
16693,-255
16695,-255
16697,-255
16699,-255
16701,-255
16703,255
16705,255
16717,255
16719,255
16721,255
16723,255
16725,255
16727,255
16729,255
16731,255
16733,255
16735,255
16737,255
16739,255
16741,255
16743,255
16745,255
16747,255
16749,255
16751,255
16753,255
16755,255
16757,255
16759,255
16761,255
16763,255
16765,255
16767,255
16769,255
16771,255
16773,255
16775,255
16777,255
16779,255
16781,255
16793,255
16795,255
16797,255
16799,255
16801,255
16803,255
16805,255
16807,255
16809,255
16811,255
16813,255
16815,255
16817,255
16819,255
16821,255
16823,255
16825,255
16827,255
16829,255
16831,255
16833,255
16835,255
16837,255
16839,255
16841,255
16843,255
16845,255
16847,255
16849,255
16851,255
16853,255
16855,255
16857,255
16869,255
16871,255
16873,255
16875,255
16877,255
16879,255
16881,255
16883,255
16885,255
16887,255
16889,255
16891,255
16893,255
16895,255
16897,255
16899,255
16901,255
16903,255
16905,255
16907,255
16909,255
16911,255
16913,255
16915,255
16917,255
16919,255
16921,255
16923,255
16925,255
16927,255
16929,255
16931,255
16933,255
16945,255
16947,255
16949,255
16951,255
16953,255
16955,255
16957,255
16959,255
16961,255
16963,255
16965,255
16967,255
16969,255
16971,255
16973,255
16975,255
16977,255
16979,255
16981,255
16983,255
16985,255
16987,255
16989,255
16991,255
16993,255
16995,255
16997,255
16999,255
17001,255
17003,255
17005,255
17007,255
17009,255
17021,255
17023,255
17025,255
17027,255
17029,255
17031,255
17033,255
17035,255
17037,255
17039,255
17041,255
17043,255
17045,255
17047,255
17049,255
17051,255
17053,255
17055,255
17057,255
17059,255
17061,255
17063,255
17065,255
17067,255
17069,255
17071,255
17073,255
17075,255
17077,255
17079,255
17081,255
17083,255
17085,255
17097,255
17099,255
17101,255
17103,255
17105,255
17107,255
17109,255
17111,255
17113,255
17115,255
17117,255
17119,255
17121,255
17123,255
17125,255
17127,255
17129,255
17131,255
17133,255
17135,255
17137,255
17139,255
17141,255
17143,255
17145,255
17147,255
17149,255
17151,255
17153,255
17155,255
17157,255
17159,255
17161,255
17173,255
17175,255
17177,255
17179,255
17181,255
17183,255
17185,255
17187,255
17189,255
17191,255
17193,-255
17195,-255
17197,-255
17199,-255
17201,-255
17203,-255
17205,-255
17207,-255
17209,-255
17211,-255
17213,-255
17215,-255
17217,-255
17219,-255
17221,-255
17223,-255
17225,-255
17237,255
17239,255
17241,255
17243,255
17245,255
17247,255
17249,255
17251,255
17253,255
17255,255
17257,255
17259,255
17261,255
17263,255
17265,255
17267,255
17269,255
17271,255
17273,255
17275,255
17277,255
17279,255
17281,255
17283,255
17285,255
17287,255
17289,255
17291,255
17293,255
17295,255
17297,255
17299,255
17301,255
17313,255
17315,255
17317,255
17319,255
17321,255
17323,255
17325,255
17327,255
17329,255
17331,255
17333,255
17335,255
17337,255
17339,255
17341,255
17343,255
17345,255
17347,255
17349,255
17351,255
17353,255
17355,255
17357,255
17359,255
17361,255
17363,255
17365,255
17367,255
17369,255
17371,255
17373,255
17375,255
17377,255
17389,255
17391,255
17393,255
17395,255
17397,255
17399,255
17401,255
17403,255
17405,255
17407,255
17409,255
17411,255
17413,255
17415,255
17417,255
17419,255
17421,255
17423,255
17425,255
17427,255
17429,255
17431,255
17433,255
17435,255
17437,255
17439,255
17441,255
17443,255
17445,255
17447,255
17449,255
17451,255
17453,255
17465,255
17467,255
17469,255
17471,255
17473,255
17475,255
17477,255
17479,255
17481,255
17483,255
17485,255
17487,255
17489,255
17491,255
17493,255
17495,255
17497,255
17499,255
17501,255
17503,255
17505,255
17507,255
17509,255
17511,255
17513,255
17515,255
17517,255
17519,255
17521,255
17523,255
17525,255
17527,255
17529,255
17541,255
17543,255
17545,255
17547,255
17549,255
17551,255
17553,255
17555,255
17557,255
17559,255
17561,255
17563,255
17565,255
17567,255
17569,255
17571,255
17573,255
17575,255
17577,255
17579,255
17581,255
17583,255
17585,255
17587,255
17589,255
17591,255
17593,255
17595,255
17597,255
17599,255
17611,255
17613,255
17615,255
17617,255
17619,255
17621,255
17623,255
17625,255
17627,255
17629,255
17631,255
17633,255
17635,255
17637,255
17639,255
17641,255
17643,255
17645,255
17647,255
17649,255
17651,255
17653,255
17655,255
17657,255
17659,255
17661,255
17663,255
17665,255
17667,255
17669,255
17671,255
17673,255
17675,255
17687,255
17689,255
17691,255
17693,255
17695,255
17697,255
17699,255
17701,255
17703,255
17705,255
17707,255
17709,255
17711,255
17713,255
17715,255
17717,255
17719,255
17721,255
17723,255
17725,255
17727,255
17729,255
17731,255
17733,255
17735,255
17737,-255
17739,-255
17741,-255
17743,-255
17745,-255
17747,-255
17749,-255
17751,-255
17763,-255
17765,-255
17767,-255
17769,255
17771,255
17773,255
17775,255
17777,255
17779,255
17781,255
17783,255
17785,255
17787,255
17789,255
17791,255
17793,255
17795,255
17797,255
17799,255
17801,255
17803,255
17805,255
17807,255
17809,255
17811,255
17813,255
17815,255
17817,255
17819,255
17821,255
17833,255
17835,255
17837,255
17839,255
17841,255
17843,255
17845,255
17847,255
17849,255
17851,255
17853,255
17855,255
17857,255
17859,255
17861,255
17863,255
17865,255
17867,255
17869,255
17871,255
17873,255
17875,255
17877,255
17879,255
17881,255
17883,255
17885,255
17887,255
17889,255
17891,255
17893,255
17895,255
17897,255
17909,255
17911,255
17913,255
17915,255
17917,255
17919,255
17921,255
17923,255
17925,255
17927,255
17929,255
17931,255
17933,255
17935,255
17937,255
17939,255
17941,255
17943,255
17945,255
17947,255
17949,255
17951,255
17953,255
17955,255
17957,255
17959,255
17961,255
17963,255
17965,255
17967,255
17969,255
17971,255
17973,255
17985,255
17987,255
17989,255
17991,255
17993,255
17995,255
17997,255
17999,255
18001,255
18003,255
18005,255
18007,255
18009,255
18011,255
18013,255
18015,255
18017,255
18019,255
18021,255
18023,255
18025,255
18027,255
18029,255
18031,255
18033,255
18035,255
18037,255
18039,255
18041,255
18043,255
18045,255
18047,255
18049,255
18061,255
18063,255
18065,255
18067,255
18069,255
18071,255
18073,255
18075,255
18077,255
18079,255
18081,255
18083,255
18085,255
18087,255
18089,255
18091,255
18093,255
18095,255
18097,255
18099,255
18101,255
18103,255
18105,255
18107,255
18109,255
18111,255
18113,255
18115,255
18117,255
18119,255
18121,255
18123,255
18125,255
18137,255
18139,255
18141,255
18143,255
18145,255
18147,255
18149,255
18151,255
18153,255
18155,255
18157,255
18159,255
18161,255
18163,255
18165,255
18167,255
18169,255
18171,255
18173,255
18175,255
18177,255
18179,255
18181,255
18183,255
18185,255
18187,255
18189,255
18191,255
18193,255
18195,255
18197,255
18199,255
18201,255
18213,255
18215,255
18217,255
18219,255
18221,255
18223,255
18225,255
18227,255
18229,255
18231,255
18233,255
18235,255
18237,255
18239,255
18241,255
18243,255
18245,255
18247,255
18249,255
18251,255
18253,255
18255,255
18257,-255
18259,-255
18261,-255
18263,-255
18265,-255
18267,-255
18269,-255
18271,-255
18283,-255
18285,-255
18287,-255
18289,255
18291,255
18293,255
18295,255
18297,255
18299,255
18301,255
18303,255
18305,255
18307,255
18309,255
18311,255
18313,255
18315,255
18317,255
18319,255
18321,255
18323,255
18325,255
18327,255
18329,255
18331,255
18333,255
18335,255
18337,255
18339,255
18341,255
18353,255
18355,255
18357,255
18359,255
18361,255
18363,255
18365,255
18367,255
18369,255
18371,255
18373,255
18375,255
18377,255
18379,255
18381,255
18383,255
18385,255
18387,255
18389,255
18391,255
18393,255
18395,255
18397,255
18399,255
18401,255
18403,255
18405,255
18407,255
18409,255
18411,255
18413,255
18415,255
18417,255
18429,255
18431,255
18433,255
18435,255
18437,255
18439,255
18441,255
18443,255
18445,255
18447,255
18449,255
18451,255
18453,255
18455,255
18457,255
18459,255
18461,255
18463,255
18465,255
18467,255
18469,255
18471,255
18473,255
18475,255
18477,255
18479,255
18481,255
18483,255
18485,255
18487,255
18489,255
18491,255
18493,255
18505,255
18507,255
18509,255
18511,255
18513,255
18515,255
18517,255
18519,255
18521,255
18523,255
18525,255
18527,255
18529,255
18531,255
18533,255
18535,255
18537,255
18539,255
18541,255
18543,255
18545,255
18547,255
18549,255
18551,255
18553,255
18555,255
18557,255
18559,255
18561,255
18563,255
18565,255
18567,255
18569,255
18581,255
18583,255
18585,255
18587,255
18589,255
18591,255
18593,255
18595,255
18597,255
18599,255
18601,255
18603,255
18605,255
18607,255
18609,255
18611,255
18613,255
18615,255
18617,255
18619,255
18621,255
18623,255
18625,255
18627,255
18629,255
18631,255
18633,255
18635,255
18637,255
18639,255
18641,255
18643,255
18645,255
18657,255
18659,255
18661,255
18663,255
18665,255
18667,255
18669,255
18671,255
18673,255
18675,255
18677,255
18679,255
18681,255
18683,255
18685,255
18687,255
18689,255
18691,255
18693,255
18695,255
18697,255
18699,255
18701,255
18703,255
18705,255
18707,255
18709,255
18711,255
18713,255
18715,255
18717,255
18719,255
18721,255
18733,255
18735,255
18737,255
18739,255
18741,255
18743,255
18745,255
18747,255
18749,255
18751,255
18753,255
18755,255
18757,255
18759,-255
18761,-255
18763,-255
18765,-255
18767,-255
18769,-255
18771,-255
18773,-255
18775,-255
18777,-255
18779,-255
18781,-255
18783,-255
18785,-255
18787,-255
18789,255
18801,255
18803,255
18805,255
18807,255
18809,255
18811,255
18813,255
18815,255
18817,255
18819,255
18821,255
18823,255
18825,255
18827,255
18829,255
18831,255
18833,255
18835,255
18837,255
18839,255
18841,255
18843,255
18845,255
18847,255
18849,255
18851,255
18853,255
18855,255
18857,255
18859,255
18861,255
18863,255
18865,255
18877,255
18879,255
18881,255
18883,255
18885,255
18887,255
18889,255
18891,255
18893,255
18895,255
18897,255
18899,255
18901,255
18903,255
18905,255
18907,255
18909,255
18911,255
18913,255
18915,255
18917,255
18919,255
18921,255
18923,255
18925,255
18927,255
18929,255
18931,255
18933,255
18935,255
18937,255
18939,255
18941,255
18953,255
18955,255
18957,255
18959,255
18961,255
18963,255
18965,255
18967,255
18969,255
18971,255
18973,255
18975,255
18977,255
18979,255
18981,255
18983,255
18985,255
18987,255
18989,255
18991,255
18993,255
18995,255
18997,255
18999,255
19001,255
19003,255
19005,255
19007,255
19009,255
19011,255
19013,255
19015,255
19017,255
19029,255
19031,255
19033,255
19035,255
19037,255
19039,255
19041,255
19043,255
19045,255
19047,255
19049,255
19051,255
19053,255
19055,255
19057,255
19059,255
19061,255
19063,255
19065,255
19067,255
19069,255
19071,255
19073,255
19075,255
19077,255
19079,255
19081,255
19083,255
19085,255
19087,255
19089,255
19091,255
19093,255
19105,255
19107,255
19109,255
19111,255
19113,255
19115,255
19117,255
19119,255
19121,255
19123,255
19125,255
19127,255
19129,255
19131,255
19133,255
19135,255
19137,255
19139,255
19141,255
19143,255
19145,255
19147,255
19149,255
19151,255
19153,255
19155,255
19157,255
19159,255
19161,255
19163,255
19165,255
19167,255
19169,255
19181,255
19183,255
19185,255
19187,255
19189,255
19191,255
19193,255
19195,255
19197,255
19199,255
19201,255
19203,255
19205,255
19207,255
19209,255
19211,255
19213,255
19215,255
19217,255
19219,255
19221,255
19223,255
19225,255
19227,255
19229,255
19231,255
19233,255
19235,255
19237,255
19239,255
19241,255
19243,255
19245,255
19257,255
19259,255
19261,255
19263,255
19265,255
19267,255
19269,255
19271,255
19273,255
19275,255
19277,255
19279,255
19281,-255
19283,-255
19285,-255
19287,-255
19289,-255
19291,-255
19293,-255
19295,-255
19297,-255
19299,-255
19301,-255
19303,-255
19305,-255
19307,-255
19309,-255
19321,255
19323,255
19325,255
19327,255
19329,255
19331,255
19333,255
19335,255
19337,255
19339,255
19341,255
19343,255
19345,255
19347,255
19349,255
19351,255
19353,255
19355,255
19357,255
19359,255
19361,255
19363,255
19365,255
19367,255
19369,255
19371,255
19373,255
19375,255
19377,255
19379,255
19381,255
19383,255
19385,255
19397,255
19399,255
19401,255
19403,255
19405,255
19407,255
19409,255
19411,255
19413,255
19415,255
19417,255
19419,255
19421,255
19423,255
19425,255
19427,255
19429,255
19431,255
19433,255
19435,255
19437,255
19439,255
19441,255
19443,255
19445,255
19447,255
19449,255
19451,255
19453,255
19455,255
19457,255
19459,255
19461,255
19473,255
19475,255
19477,255
19479,255
19481,255
19483,255
19485,255
19487,255
19489,255
19491,255
19493,255
19495,255
19497,255
19499,255
19501,255
19503,255
19505,255
19507,255
19509,255
19511,255
19513,255
19515,255
19517,255
19519,255
19521,255
19523,255
19525,255
19527,255
19529,255
19531,255
19533,255
19535,255
19537,255
19549,255
19551,255
19553,255
19555,255
19557,255
19559,255
19561,255
19563,255
19565,255
19567,255
19569,255
19571,255
19573,255
19575,255
19577,255
19579,255
19581,255
19583,255
19585,255
19587,255
19589,255
19591,255
19593,255
19595,255
19597,255
19599,255
19601,255
19603,255
19605,255
19607,255
19609,255
19611,255
19613,255
19625,255
19627,255
19629,255
19631,255
19633,255
19635,255
19637,255
19639,255
19641,255
19643,255
19645,255
19647,255
19649,255
19651,255
19653,255
19655,255
19657,255
19659,255
19661,255
19663,255
19665,255
19667,255
19669,255
19671,255
19673,255
19675,255
19677,255
19679,255
19681,255
19683,255
19685,255
19687,255
19689,255
19701,255
19703,255
19705,255
19707,255
19709,255
19711,255
19713,255
19715,255
19717,255
19719,255
19721,255
19723,255
19725,255
19727,255
19729,255
19731,255
19733,255
19735,255
19737,255
19739,255
19741,255
19743,255
19745,255
19747,255
19749,255
19751,255
19753,255
19755,255
19757,255
19759,255
19761,-255
19763,-255
19765,-255
19777,-255
19779,-255
19781,-255
19783,-255
19785,-255
19787,-255
19789,-255
19791,-255
19793,-255
19795,-255
19797,-255
19799,-255
19801,255
19803,255
19805,255
19807,255
19809,255
19811,255
19813,255
19815,255
19817,255
19819,255
19821,255
19823,255
19825,255
19827,255
19829,255
19841,255
19843,255
19845,255
19847,255
19849,255
19851,255
19853,255
19855,255
19857,255
19859,255
19861,255
19863,255
19865,255
19867,255
19869,255
19871,255
19873,255
19875,255
19877,255
19879,255
19881,255
19883,255
19885,255
19887,255
19889,255
19891,255
19893,255
19895,255
19897,255
19899,255
19901,255
19903,255
19905,255
19917,255
19919,255
19921,255
19923,255
19925,255
19927,255
19929,255
19931,255
19933,255
19935,255
19937,255
19939,255
19941,255
19943,255
19945,255
19947,255
19949,255
19951,255
19953,255
19955,255
19957,255
19959,255
19961,255
19963,255
19965,255
19967,255
19969,255
19971,255
19973,255
19975,255
19977,255
19979,255
19981,255
19993,255
19995,255
19997,255
19999,255
20001,255
20003,255
20005,255
20007,255
20009,255
20011,255
20013,255
20015,255
20017,255
20019,255
20021,255
20023,255
20025,255
20027,255
20029,255
20031,255
20033,255
20035,255
20037,255
20039,255
20041,255
20043,255
20045,255
20047,255
20049,255
20051,255
20053,255
20055,255
20057,255
20069,255
20071,255
20073,255
20075,255
20077,255
20079,255
20081,255
20083,255
20085,255
20087,255
20089,255
20091,255
20093,255
20095,255
20097,255
20099,255
20101,255
20103,255
20105,255
20107,255
20109,255
20111,255
20113,255
20115,255
20117,255
20119,255
20121,255
20123,255
20125,255
20127,255
20129,255
20131,255
20133,255
20145,255
20147,255
20149,255
20151,255
20153,255
20155,255
20157,255
20159,255
20161,255
20163,255
20165,255
20167,255
20169,255
20171,255
20173,255
20175,255
20177,255
20179,255
20181,255
20183,255
20185,255
20187,255
20189,255
20191,255
20193,255
20195,255
20197,255
20199,255
20201,255
20203,255
20205,255
20207,255
20209,255
20221,255
20223,255
20225,255
20227,255
20229,255
20231,255
20233,255
20235,255
20237,255
20239,255
20241,255
20243,255
20245,255
20247,255
20249,255
20251,255
20253,255
20255,255
20257,255
20259,255
20261,255
20263,255
20265,255
20267,255
20269,255
20271,255
20273,255
20275,255
20277,255
20279,255
20281,-255
20283,-255
20285,-255
20297,-255
20299,-255
20301,-255
20303,-255
20305,-255
20307,-255
20309,-255
20311,-255
20313,-255
20315,-255
20317,-255
20319,-255
20321,-255
20323,255
20325,255
20327,255
20329,255
20331,255
20333,255
20335,255
20337,255
20339,255
20341,255
20343,255
20345,255
20347,255
20349,255
20361,255
20363,255
20365,255
20367,255
20369,255
20371,255
20373,255
20375,255
20377,255
20379,255
20381,255
20383,255
20385,255
20387,255
20389,255
20391,255
20393,255
20395,255
20397,255
20399,255
20401,255
20403,255
20405,255
20407,255
20409,255
20411,255
20413,255
20415,255
20417,255
20419,255
20421,255
20423,255
20425,255
20437,255
20439,255
20441,255
20443,255
20445,255
20447,255
20449,255
20451,255
20453,255
20455,255
20457,255
20459,255
20461,255
20463,255
20465,255
20467,255
20469,255
20471,255
20473,255
20475,255
20477,255
20479,255
20481,255
20483,255
20485,255
20487,255
20489,255
20491,255
20493,255
20495,255
20497,255
20499,255
20501,255
20513,255
20515,255
20517,255
20519,255
20521,255
20523,255
20525,255
20527,255
20529,255
20531,255
20533,255
20535,255
20537,255
20539,255
20541,255
20543,255
20545,255
20547,255
20549,255
20551,255
20553,255
20555,255
20557,255
20559,255
20561,255
20563,255
20565,255
20567,255
20569,255
20571,255
20573,255
20575,255
20577,255
20589,255
20591,255
20593,255
20595,255
20597,255
20599,255
20601,255
20603,255
20605,255
20607,255
20609,255
20611,255
20613,255
20615,255
20617,255
20619,255
20621,255
20623,255
20625,255
20627,255
20629,255
20631,255
20633,255
20635,255
20637,255
20639,255
20641,255
20643,255
20645,255
20647,255
20649,255
20651,255
20653,255
20665,255
20667,255
20669,255
20671,255
20673,255
20675,255
20677,255
20679,255
20681,255
20683,255
20685,255
20687,255
20689,255
20691,255
20693,255
20695,255
20697,255
20699,255
20701,255
20703,255
20705,255
20707,255
20709,255
20711,255
20713,255
20715,255
20717,255
20719,255
20721,255
20723,255
20725,255
20727,255
20729,255
20741,255
20743,255
20745,255
20747,255
20749,255
20751,255
20753,255
20755,255
20757,255
20759,255
20761,255
20763,255
20765,255
20767,255
20769,255
20771,255
20773,255
20775,255
20777,255
20779,255
20781,255
20783,255
20785,255
20787,255
20789,255
20791,255
20793,255
20795,255
20797,255
20799,255
20801,255
20803,255
20805,255
20817,255
20819,255
20821,255
20823,255
20825,255
20827,255
20829,255
20831,255
20833,255
20835,255
20837,255
20839,255
20841,255
20843,-255
20845,-255
20847,-255
20849,-255
20851,-255
20853,-255
20855,-255
20857,-255
20859,-255
20861,-255
20863,-255
20865,-255
20867,-255
20869,-255
20881,255
20883,255
20885,255
20887,255
20889,255
20891,255
20893,255
20895,255
20897,255
20899,255
20901,255
20903,255
20905,255
20907,255
20909,255
20911,255
20913,255
20915,255
20917,255
20919,255
20921,255
20923,255
20925,255
20927,255
20929,255
20931,255
20933,255
20935,255
20937,255
20939,255
20941,255
20943,255
20945,255
20957,255
20959,255
20961,255
20963,255
20965,255
20967,255
20969,255
20971,255
20973,255
20975,255
20977,255
20979,255
20981,255
20983,255
20985,255
20987,255
20989,255
20991,255
20993,255
20995,255
20997,255
20999,255
21001,255
21003,255
21005,255
21007,255
21009,255
21011,255
21013,255
21015,255
21017,255
21019,255
21021,255
21033,255
21035,255
21037,255
21039,255
21041,255
21043,255
21045,255
21047,255
21049,255
21051,255
21053,255
21055,255
21057,255
21059,255
21061,255
21063,255
21065,255
21067,255
21069,255
21071,255
21073,255
21075,255
21077,255
21079,255
21081,255
21083,255
21085,255
21087,255
21089,255
21091,255
21093,255
21095,255
21097,255
21109,255
21111,255
21113,255
21115,255
21117,255
21119,255
21121,255
21123,255
21125,255
21127,255
21129,255
21131,255
21133,255
21135,255
21137,255
21139,255
21141,255
21143,255
21145,255
21147,255
21149,255
21151,255
21153,255
21155,255
21157,255
21159,255
21161,255
21163,255
21165,255
21167,255
21169,255
21171,255
21173,255
21185,255
21187,255
21189,255
21191,255
21193,255
21195,255
21197,255
21199,255
21201,255
21203,255
21205,255
21207,255
21209,255
21211,255
21213,255
21215,255
21217,255
21219,255
21221,255
21223,255
21225,255
21227,255
21229,255
21231,255
21233,255
21235,255
21237,255
21239,255
21241,255
21243,255
21245,255
21247,255
21249,255
21261,255
21263,255
21265,255
21267,255
21269,255
21271,255
21273,255
21275,255
21277,255
21279,255
21281,255
21283,255
21285,255
21287,255
21289,255
21291,255
21293,255
21295,255
21297,255
21299,255
21301,255
21303,255
21305,255
21307,255
21309,255
21311,255
21313,255
21315,255
21317,255
21319,255
21321,255
21323,255
21325,255
21337,255
21339,255
21341,255
21343,255
21345,255
21347,255
21349,255
21351,255
21353,255
21355,255
21357,255
21359,255
21361,255
21363,255
21365,255
21367,-255
21369,-255
21371,-255
21373,-255
21375,-255
21377,-255
21379,-255
21381,-255
21383,-255
21385,-255
21387,-255
21389,-255
21401,255
21403,255
21405,255
21407,255
21409,255
21411,255
21413,255
21415,255
21417,255
21419,255
21421,255
21423,255
21425,255
21427,255
21429,255
21431,255
21433,255
21435,255
21437,255
21439,255
21441,255
21443,255
21445,255
21447,255
21449,255
21451,255
21453,255
21455,255
21457,255
21459,255
21461,255
21463,255
21465,255
21477,255
21479,255
21481,255
21483,255
21485,255
21487,255
21489,255
21491,255
21493,255
21495,255
21497,255
21499,255
21501,255
21503,255
21505,255
21507,255
21509,255
21511,255
21513,255
21515,255
21517,255
21519,255
21521,255
21523,255
21525,255
21527,255
21529,255
21531,255
21533,255
21535,255
21537,255
21539,255
21541,255
21553,255
21555,255
21557,255
21559,255
21561,255
21563,255
21565,255
21567,255
21569,255
21571,255
21573,255
21575,255
21577,255
21579,255
21581,255
21583,255
21585,255
21587,255
21589,255
21591,255
21593,255
21595,255
21597,255
21599,255
21601,255
21603,255
21605,255
21607,255
21609,255
21611,255
21613,255
21615,255
21617,255
21629,255
21631,255
21633,255
21635,255
21637,255
21639,255
21641,255
21643,255
21645,255
21647,255
21649,255
21651,255
21653,255
21655,255
21657,255
21659,255
21661,255
21663,255
21665,255
21667,255
21669,255
21671,255
21673,255
21675,255
21677,255
21679,255
21681,255
21683,255
21685,255
21687,255
21689,255
21691,255
21693,255
21705,255
21707,255
21709,255
21711,255
21713,255
21715,255
21717,255
21719,255
21721,255
21723,255
21725,255
21727,255
21729,255
21731,255
21733,255
21735,255
21737,255
21739,255
21741,255
21743,255
21745,255
21747,255
21749,255
21751,255
21753,255
21755,255
21757,255
21759,255
21761,255
21763,255
21765,255
21767,255
21769,255
21781,255
21783,255
21785,255
21787,255
21789,255
21791,255
21793,255
21795,255
21797,255
21799,255
21801,255
21803,255
21805,255
21807,255
21809,255
21811,255
21813,255
21815,255
21817,255
21819,255
21821,255
21823,255
21825,255
21827,255
21829,255
21831,255
21833,255
21835,255
21837,255
21839,255
21841,255
21843,255
21845,255
21857,255
21859,255
21861,255
21863,255
21865,255
21867,255
21869,255
21871,255
21873,255
21875,255
21877,255
21879,255
21881,255
21883,255
21885,255
21887,255
21889,255
21891,255
21893,255
21895,255
21897,255
21899,255
21901,255
21903,255
21905,255
21907,255
21909,255
21911,255
21913,255
21915,255
21917,255
21919,255
21921,255
21933,255
21935,255
21937,255
21939,255
21941,255
21943,255
21945,255
21947,255
21949,255
21951,255
21953,255
21955,255
21957,255
21959,255
21961,255
21963,255
21965,255
21967,255
21969,255
21971,255
21973,255
21975,255
21977,255
21979,255
21981,-255
21983,-255
21985,-255
21987,-255
21989,-255
21991,-255
22003,-255
22005,-255
22007,-255
22009,-255
22011,-52
22013,-52
22015,-61
22017,-55
22019,-55
22021,-52
22023,-33
22025,-33
22027,-12
22029,2
22031,2
22033,26
22035,34
22037,34
22039,51
22041,50
22043,50
22045,35
22047,19
22049,19
22051,3
22053,-12
22055,-12
22057,-19
22059,-38
22061,-38
22063,-65
22065,-82
22067,-82
22079,-133
22081,-189
22083,-189
22085,-190
22087,-176
22089,-176
22091,-167
22093,-156
22095,-156
22097,-133
22099,-100
22101,-100
22103,-71
22105,-52
22107,-52
22109,-56
22111,-66
22113,-66
22115,-65
22117,-134
22119,-134
22121,-76
22123,-79
22125,-79
22127,-86
22129,-98
22131,-98
22143,-104
22145,-93
22147,-93
22149,-77
22151,-72
22153,-72
22155,-69
22157,-60
22159,-60
22161,-52
22163,-45
22165,-45
22167,-47
22169,-45
22171,-45
22173,-45
22175,-41
22177,-41
22179,-37
22181,-36
22183,-36
22185,-41
22187,-46
22189,-46
22191,-47
22193,-47
22195,-47
22197,-49
22199,-52
22201,-52
22203,-54
22205,-48
22207,-48
22219,-48
22221,-50
22223,-50
22225,-52
22227,-52
22229,-52
22231,-52
22233,-54
22235,-54
22237,-52
22239,-56
22241,-56
22243,-58
22245,-58
22247,-58
22249,-58
22251,-56
22253,-56
22255,-58
22257,-61
22259,-61
22261,-56
22263,-57
22265,-57
22267,-53
22269,-56
22271,-56
22273,-53
22275,-61
22277,-61
22279,-53
22281,-58
22283,-58
22295,-64
22297,-70
22299,-70
22301,-72
22303,-71
22305,-71
22307,-71
22309,-70
22311,-70
22313,-73
22315,-77
22317,-77
22319,-74
22321,-70
22323,-70
22325,-72
22327,-70
22329,-70
22331,-69
22333,-68
22335,-68
22337,-64
22339,-63
22341,-63
22343,-63
22345,-67
22347,-67
22349,-65
22351,-65
22353,-65
22355,-68
22357,-68
22359,-68
22371,-65
22373,-58
22375,-58
22377,-63
22379,-65
22381,-65
22383,-62
22385,-64
22387,-64
22389,-63
22391,-61
22393,-61
22395,-62
22397,-61
22399,-61
22401,-62
22403,-65
22405,-65
22407,-63
22409,-63
22411,-63
22413,-64
22415,-65
22417,-65
22419,-62
22421,-63
22423,-63
22425,-65
22427,-65
22429,-65
22431,-62
22433,-62
22435,-62
22447,-63
22449,-62
22451,-62
22453,-64
22455,-60
22457,-60
22459,-63
22461,-65
22463,-65
22465,-63
22467,-64
22469,-64
22471,-40
22473,-67
22475,-67
22477,-62
22479,-64
22481,-64
22483,-63
22485,-63
22487,-63
22489,-65
22491,-63
22493,-63
22495,-66
22497,-62
22499,-62
22501,-64
22503,-61
22505,-61
22507,-65
22509,-63
22511,-63
22523,-64
22525,-64
22527,-64
22529,-67
22531,-63
22533,-63
22535,-65
22537,-65
22539,-65
22541,-63
22543,-58
22545,-58
22547,-61
22549,-63
22551,-63
22553,-65
22555,-63
22557,-63
22559,-62
22561,-61
22563,-61
22565,-66
22567,-62
22569,-62
22571,-61
22573,-62
22575,-62
22577,-65
22579,-65
22581,-65
22583,-65
22585,-62
22587,-62
22599,-64
22601,-64
22603,-64
22605,-63
22607,-62
22609,-62
22611,-63
22613,-62
22615,-62
22617,-63
22619,-62
22621,-62
22623,-64
22625,-61
22627,-61
22629,-64
22631,-63
22633,-63
22635,-58
22637,-63
22639,-63
22641,-64
22643,-61
22645,-61
22647,-62
22649,-5
22651,-5
22653,-63
22655,-61
22657,-61
22659,-63
22661,-63
22663,-63
22675,-61
22677,-66
22679,-66
22681,-64
22683,-66
22685,-66
22687,-63
22689,-64
22691,-64
22693,-62
