19,0
32,2
43,3
53,3
64,2
75,2
86,2
97,3
108,3
119,2
129,2
140,2
151,2
162,2
173,2
183,2
194,2
205,2
216,3
227,2
237,4
248,3
259,3
270,2
281,3
291,2
302,2
313,2
324,3
334,3
345,2
356,2
367,2
378,2
389,2
399,3
410,2
421,2
432,3
443,2
453,4
464,3
475,3
486,4
497,2
507,1
518,2
529,2
540,2
551,2
561,4
572,2
583,2
594,2
605,4
615,3
626,2
637,2
648,1
659,3
669,2
680,2
691,2
702,3
713,2
723,3
734,3
745,3
756,2
767,3
778,2
788,2
799,2
810,3
821,3
831,3
842,3
853,3
864,2
875,2
886,2
896,2
907,2
918,2
929,2
940,2
950,3
961,3
972,3
983,2
994,4
1004,3
1015,3
1026,3
1037,3
1048,4
1058,2
1069,2
1080,2
1091,3
1101,3
1112,3
1123,3
1134,3
1145,4
1155,3
1166,3
1177,3
1188,3
1198,2
1209,3
1220,3
1231,3
1241,3
1252,3
1263,3
1274,3
1285,3
1295,3
1306,2
1317,2
1328,3
1338,1
1349,2
1360,2
1371,2
1382,2
1393,2
1403,2
1414,2
1425,3
1436,3
1446,3
1457,3
1468,3
1479,2
1489,3
1500,2
1511,2
1522,3
1532,3
1543,3
1554,3
1565,3
1576,3
1586,2
1597,2
1608,2
1619,3
1629,2
1640,4
1651,4
1662,3
1672,3
1683,2
1694,2
1705,4
1715,3
1726,2
1737,2
1748,3
1759,4
1769,2
1780,3
1791,3
1802,3
1812,3
1823,4
1834,4
1845,3
1856,2
1866,4
1877,3
1888,3
1899,3
1910,3
1920,3
1931,2
1942,2
1953,4
1963,2
1974,2
1985,2
1996,3
2007,2
2017,3
2028,2
2039,2
2050,4
2060,2
2071,3
2082,3
2093,2
2104,2
2114,2
2125,4
2136,4
2147,2
2157,2
2168,2
2179,2
2190,4
2201,3
2211,4
2222,2
2233,2
2244,2
2255,3
2265,2
2276,2
2287,3
2298,3
2308,4
2319,3
2330,3
2341,3
2351,3
2362,2
2373,2
2384,3
2395,2
2405,3
2416,3
2427,3
2438,3
2448,2
2459,3
2470,3
2481,4
2491,3
2502,4
2513,4
2524,2
2535,2
2545,2
2556,3
2567,3
2578,3
2588,4
2599,2
2610,2
2621,4
2632,2
2643,2
2653,4
2664,4
2675,4
2686,2
2696,2
2707,4
2718,4
2729,4
2739,3
2750,2
2761,2
2772,2
2782,3
2793,2
2804,2
2815,4
2826,2
2836,2
2847,4
2858,4
2869,2
2880,3
2890,3
2901,3
2912,3
2923,2
2933,3
2944,4
2955,4
2966,3
2977,4
2987,4
2998,4
3009,4
3020,4
3030,4
3041,4
3052,4
3063,3
3074,3
3084,3
3095,3
3106,3
3117,4
3127,3
3138,2
3149,2
3160,3
3171,2
3181,3
3192,3
3203,9
3214,2
3224,3
3235,4
3246,4
3257,2
3268,4
3278,3
3289,3
3300,2
3311,3
3321,2
3332,3
3343,3
3354,3
3364,4
3375,2
3386,2
3397,3
3407,4
3418,3
3429,3
3440,2
3451,3
3461,4
3472,2
3483,2
3494,3
3504,3
3515,2
3526,2
3537,3
3548,2
3558,2
3569,4
3580,4
3591,3
3602,3
3612,3
3623,3
3634,3
3645,2
3655,5
3666,2
3677,2
3688,3
3699,2
3710,3
3721,2
3731,4
3742,3
3753,3
3764,2
3774,4
3785,2
3796,2
3807,4
3817,2
3828,3
3839,3
3850,4
3860,4
3871,3
3882,3
3893,4
3904,3
3914,3
3925,3
3936,3
3947,3
3957,2
3968,4
3979,4
3990,3
4000,2
4011,3
4022,3
4033,3
4044,4
4054,4
4065,3
4076,3
4087,3
4097,4
4108,3
4119,3
4130,2
4141,4
4152,2
4162,3
4173,3
4184,3
4195,3
4205,3
4216,2
4227,2
4238,2
4248,3
4259,3
4270,3
4281,3
4292,2
4302,2
4313,3
4324,3
4335,5
4345,2
4356,3
4367,3
4378,3
4389,6
4399,3
4410,3
4421,3
4432,3
4442,3
4453,3
4464,3
4475,2
4486,4
4496,4
4507,3
4518,3
4529,3
4540,4
4550,4
4561,2
4572,2
4583,2
4593,4
4604,3
4615,3
4626,4
4637,4
4647,3
4658,3
4669,3
4680,3
4691,3
4701,4
4712,4
4723,3
4734,2
4744,5
4755,4
4766,4
4777,3
4787,3
4798,3
4809,3
4820,4
4831,3
4841,4
4852,3
4863,3
4874,4
4884,4
4895,4
4906,4
4917,3
4928,3
4939,3
4949,3
4960,3
4971,3
4981,3
4992,4
5003,4
5014,2
5025,3
5036,152
5046,140
5057,141
5068,124
5079,107
5090,82
5100,56
5111,56
5122,53
5133,58
5143,70
5154,90
5165,90
5176,92
5187,93
5197,98
5208,95
5219,96
5230,93
5241,87
5251,82
5262,82
5273,82
5283,79
5294,79
5305,79
5316,79
5327,80
5337,80
5348,79
5359,79
5370,79
5380,80
5391,80
5402,80
5413,80
5423,80
5434,80
5445,80
5456,80
5466,82
5477,80
5488,80
5499,82
5510,81
5520,81
5531,80
5542,80
5553,82
5564,80
5574,81
5585,81
5596,81
5607,81
5617,80
5628,81
5639,81
5650,82
5661,81
5671,81
5682,81
5693,81
5704,81
5714,82
5725,81
5736,81
5747,81
5757,82
5768,82
5779,82
5790,81
5800,81
5811,81
5822,81
5833,82
5844,81
5854,82
5865,82
5876,83
5887,82
5897,82
5908,83
5919,83
5930,82
5940,82
5951,82
5962,82
5973,82
5983,82
5994,83
6005,83
6016,83
6026,83
6037,83
6048,83
6059,82
6069,83
6080,84
6091,84
6102,83
6112,83
6123,83
6134,83
6145,83
6156,83
6166,84
6177,84
6188,84
6199,83
6210,83
6220,83
6231,83
6242,84
6252,83
6263,83
6274,83
6285,84
6296,84
6306,83
6317,83
6328,83
6339,84
6349,83
6360,83
6371,83
6382,83
6392,83
6403,84
6414,84
6425,83
6435,83
6446,83
6457,83
6468,84
6479,83
6489,83
6500,83
6511,83
6522,84
6532,84
6543,83
6554,83
6565,83
6575,84
6586,83
6597,83
6608,83
6618,85
6629,83
6640,83
6651,91
6662,83
6672,84
6683,83
6694,83
6705,83
6716,83
6726,82
6737,82
6748,83
6759,83
6769,84
6780,83
6791,83
6802,83
6812,83
6823,83
6834,83
6845,83
6855,83
6866,84
6877,84
6888,83
6899,83
6909,83
6920,73
6931,73
6942,83
6953,83
6963,83
6974,83
6985,83
6996,83
7006,83
7017,84
7028,84
7039,83
7049,85
7060,83
7071,83
7082,83
7092,83
7103,83
7114,83
7125,83
7135,83
7146,83
7157,83
7168,82
7178,83
7189,85
7200,85
7211,84
7221,84
7232,83
7243,83
7254,83
7265,84
7275,84
7286,84
7297,84
7308,83
7319,83
7329,85
7340,85
7351,83
7362,84
7372,83
7383,83
7394,83
7405,83
7415,83
7426,83
7437,83
7448,84
7459,83
7469,83
7480,84
7491,84
7502,83
7512,82
7523,83
7534,83
7545,84
7555,83
7566,78
7577,78
7588,84
7598,83
7609,83
7620,83
7631,97
7642,83
7652,83
7663,83
7674,83
7685,83
7695,83
7706,84
7717,84
7728,84
7738,84
7749,84
7760,84
7771,83
7781,83
7792,83
7803,83
7814,83
7825,84
7835,83
7846,83
7857,83
7867,83
7878,83
7889,83
7900,83
7910,83
7921,84
7932,84
7943,83
7954,83
7964,83
7975,83
7986,83
7997,83
8007,83
8018,83
8029,83
8040,83
8050,83
8061,83
8072,83
8083,84
8093,83
8104,83
8115,83
8126,83
8136,83
8147,85
8158,85
8169,83
8179,83
8190,83
8201,83
8212,83
8222,83
8233,83
8244,83
8255,83
8265,83
8276,83
8287,83
8298,83
8309,83
8319,83
8330,85
8341,85
8352,84
8363,84
8373,83
8384,83
8395,83
8406,83
8416,83
8427,84
8438,84
8449,83
8459,83
8470,83
8481,83
8492,84
8503,83
8513,82
8524,84
8535,84
8546,84
8556,83
8567,83
8578,83
8589,83
8599,82
8610,78
8621,78
8632,84
8642,84
8653,83
8664,83
8675,83
8686,83
8696,84
8707,83
8718,82
8729,83
8739,83
8750,84
8761,84
8772,83
8782,83
8793,84
8804,84
8815,85
8825,83
8836,83
8847,83
8858,83
8869,84
8879,83
8890,84
8901,83
8911,83
8922,83
8933,83
8944,83
8954,83
8965,83
8976,83
8987,83
8998,83
9008,82
9019,84
9030,83
9041,84
9051,83
9062,83
9073,83
9084,83
9094,84
9105,83
9116,83
9127,83
9137,85
9148,84
9159,84
9170,83
9180,84
9191,84
9202,84
9213,83
9223,83
9234,83
9245,83
9256,84
9266,83
9277,83
9288,83
9299,83
9309,83
9320,84
9331,84
9342,84
9353,83
9363,83
9374,83
9385,83
9396,83
9407,84
9417,83
9428,83
9439,84
9450,83
9460,83
9471,83
9482,83
9493,84
9503,84
9514,83
9525,83
9536,83
9547,83
9557,84
9568,83
9579,83
9590,83
9600,83
9611,83
9622,83
9633,83
9643,83
9654,82
9665,82
9676,83
9686,84
9697,84
9708,84
9719,84
9730,83
9740,83
9751,83
9762,84
9773,84
9783,83
9794,83
9805,83
9816,83
9826,83
9837,83
9848,83
9859,83
9869,83
9880,82
9891,82
9902,83
9913,84
9923,84
9934,84
9945,84
9955,83
9966,84
9977,84
9988,84
9998,83
10009,83
10020,83
10031,83
10041,-66
10052,-48
10063,-48
10074,10
10084,85
10095,110
10106,110
10116,-1
10127,-63
10138,-63
10149,-35
10159,31
10170,160
10181,160
10191,85
10202,-72
10213,-72
10224,-66
10234,2
10245,85
10256,156
10266,126
10277,-54
10288,-54
10299,-88
10309,-31
10320,52
10331,160
10341,159
10352,65
10363,-56
10373,-92
10384,-59
10395,-5
10406,107
10416,118
10427,118
10438,-12
10448,-61
10459,-65
10470,-25
10480,36
10491,163
10502,163
10512,80
10523,-72
10534,-72
10545,-70
10555,-7
10566,155
10577,155
10587,103
10598,-80
10609,-80
10620,-75
10630,-7
10641,155
10652,155
10663,113
10673,-20
10684,-86
10695,-79
10705,-23
10716,159
10727,159
10737,152
10748,-54
10759,-54
10770,-57
10780,-5
10791,152
10802,153
10812,131
10823,-41
10834,-41
10845,-45
10855,-10
10866,36
10877,110
10887,114
10898,48
10909,-25
10920,-83
10930,-71
10941,-71
10952,-6
10962,113
10973,137
10984,137
10995,-44
11005,-96
11016,-96
11027,-54
11038,72
11048,161
11059,165
11070,14
11080,-64
11091,-41
11102,-41
11112,64
11123,167
11134,167
11145,45
11155,-54
11166,-36
11177,-36
11187,22
11198,125
11209,125
11220,80
11230,-9
11241,-73
11252,-73
11263,-23
11273,75
11284,160
11295,161
11305,20
11316,-96
11327,-96
11338,-86
11348,-30
11359,155
11370,155
11381,138
11391,-87
11402,-87
11413,-85
11423,-1
11434,110
11445,151
11455,92
11466,-78
11477,-78
11488,-39
11498,29
11509,122
11520,155
11530,88
11541,-65
11552,-65
11563,-25
11573,92
11584,93
11595,146
11605,65
11616,-51
11627,-51
11638,-53
11648,-14
11659,71
11670,140
11680,127
11691,-42
11702,-42
11713,-71
11723,-65
11734,-46
11745,28
11755,138
11766,108
11777,108
11788,5
11798,-87
11809,-87
11820,-40
11831,75
11841,163
11852,168
11863,8
11873,-58
11884,-90
11895,-32
11906,73
11916,160
11927,163
11938,16
11948,-48
11959,-79
11970,-22
11981,65
11991,160
12002,160
12013,48
12024,-68
12034,-31
12045,-32
12056,31
12066,103
12077,116
12088,71
12098,-11
12109,-53
12120,-60
12131,-17
12141,50
12152,108
12163,125
12173,53
12184,-15
12195,-65
12206,-84
12216,-50
12227,14
12238,137
12249,164
12259,99
12270,-19
12281,-78
12291,-65
12302,76
12313,76
12324,164
12334,115
12345,-33
12356,-33
12367,-75
12377,-32
12388,47
12399,130
12409,147
12420,98
12431,-17
12441,-85
12452,-96
12463,-96
12474,-25
12484,117
12495,156
12506,114
12516,-24
12527,-85
12538,-85
12549,-17
12559,108
12570,159
12581,134
12591,-15
12602,-61
12613,-61
12624,-17
12634,69
12645,155
12656,157
12666,50
12677,-46
12688,-67
12699,20
12709,88
12720,88
12731,87
12741,16
12752,-52
12763,-52
12774,-41
12784,8
12795,137
12806,137
12817,97
12827,-16
12838,-52
12849,-65
12859,-41
12870,10
12881,108
12891,160
12902,8
12913,8
12924,-37
12934,-65
12945,-36
12956,32
12966,121
12977,100
12988,100
12998,-5
13009,-88
13020,-88
13031,-65
13041,16
13052,130
13063,163
13073,93
13084,-19
13095,-90
13106,-76
13117,3
13127,140
13138,158
13149,95
13159,-30
13170,-46
13181,-46
13192,-6
13202,53
13213,132
13224,132
13235,27
13245,-36
13256,-74
13267,-32
13277,29
13288,124
13299,124
13310,-16
13320,-61
13331,-61
13342,-62
13352,-36
13363,107
13374,107
13385,145
13395,56
13406,-41
13417,-41
13428,-43
13438,-18
13449,96
13460,96
13471,94
13481,10
13492,-31
13503,-66
13514,-48
13524,17
13535,17
13546,93
13556,110
13567,-17
13578,-17
13589,-69
13599,-57
13610,-57
13621,-2
13631,76
13642,125
13653,125
13664,-50
13674,-82
13685,-82
13696,-28
13706,64
13717,149
13728,161
13738,33
13749,-87
13760,-87
13771,-46
13781,29
13792,136
13803,157
13813,71
13824,-38
13835,-81
13846,-52
13856,-12
13867,155
13878,155
13889,-15
13899,-48
13910,-48
13921,-47
13931,-8
13942,114
13953,114
13964,11
13974,-43
13985,-43
13996,-55
14006,-41
14017,50
14028,50
14039,93
14049,64
14060,21
14071,-25
14082,-52
14092,-67
14103,-52
14114,6
14125,88
14136,133
14146,92
14157,-5
14168,-54
14179,-24
14189,33
14200,33
14211,70
14221,49
14232,-18
14243,-18
14254,-37
14265,-33
14275,29
14286,29
14297,54
14307,34
14318,-25
14329,-25
14340,-6
14350,23
14361,45
14372,47
14382,8
14393,-41
14404,-41
14415,-47
14425,-29
14436,6
14447,61
14457,89
14468,6
14479,6
14490,-38
14500,-54
14511,-49
14522,-6
14533,125
14543,118
14554,118
14565,6
14575,-34
14586,-55
14597,-56
14608,8
14618,92
14629,160
14640,131
14650,2
14661,-88
14672,-88
14683,-42
14693,58
14704,164
14715,160
14725,38
14736,-78
14747,-78
14758,-33
14768,32
14779,107
14790,156
14800,100
14811,-69
14822,-69
14833,-67
14843,-4
14854,63
14865,158
14875,149
14886,-55
14897,-55
14908,-75
14918,-35
14929,40
14940,143
14950,159
14961,-29
14972,-29
14983,-65
14993,-15
15004,-15
15015,51
15025,118
15036,207
15047,207
15058,115
15068,56
15079,78
15090,88
15100,89
15111,94
15122,94
15133,86
15143,87
15154,98
15165,100
15175,96
15186,92
15197,92
15208,85
15218,80
15229,79
15240,78
15250,80
15261,80
15272,80
15283,76
15293,74
15304,74
15315,78
15325,80
15336,79
15347,79
15358,76
15368,76
15379,76
15390,78
15400,78
15411,78
15422,78
15433,78
15443,80
15454,83
15465,83
15476,78
15486,78
15497,78
15508,78
15519,78
15529,78
15540,78
15551,78
15561,78
15572,77
15583,77
15594,78
15604,78
15615,78
15626,78
15636,78
15647,78
15658,78
15669,78
15679,78
15690,78
15701,78
15711,78
15722,77
15733,77
15744,78
15754,78
15765,78
15776,78
15786,78
15797,78
15808,78
15819,79
15829,78
15840,78
15851,78
15862,79
15872,78
15883,79
15894,79
15905,79
15915,79
15926,79
15937,79
15947,80
15958,78
15969,78
15980,79
15990,78
16001,78
16012,77
16022,78
16033,79
16044,79
16055,78
16065,78
16076,78
16087,78
16098,78
16108,78
16119,78
16130,78
16141,77
16152,79
16162,79
16173,79
16184,78
16195,79
16205,78
16216,78
16227,78
16238,79
16248,78
16259,78
16270,78
16280,78
16291,78
16302,78
16313,79
16323,78
16334,78
16345,78
16356,78
16366,78
16377,78
16388,79
16399,78
16409,78
16420,78
16431,78
16442,79
16452,77
16463,77
16474,78
16484,78
16495,78
16506,78
16517,78
16527,78
16538,78
16549,78
16560,78
16570,79
16581,78
16592,78
16602,78
16613,78
16624,78
16635,78
16646,78
16656,79
16667,79
16678,78
16688,79
16699,78
16710,78
16721,78
16731,78
16742,78
16753,79
16763,77
16774,78
16785,78
16796,78
16806,78
16817,78
16828,78
16839,78
16849,78
16860,78
16871,78
16882,78
16893,78
16903,79
16914,78
16925,78
16935,78
16946,78
16957,79
16967,80
16978,78
16989,78
17000,78
17010,78
17021,78
17032,78
17042,79
17053,78
17064,78
17075,79
17085,78
17096,79
17107,78
17117,78
17128,79
17139,79
17150,78
17160,79
17171,79
17182,78
17193,78
17203,78
17214,78
17225,78
17236,78
17246,78
17257,79
17268,78
17279,78
17289,78
17300,78
17311,78
17322,79
17332,78
17343,78
17354,78
17365,80
17375,78
17386,78
17397,78
17407,78
17418,72
17429,72
17440,78
17450,79
17461,78
17472,79
17483,78
17493,78
17504,78
17515,78
17525,78
17536,78
17547,78
17558,78
17569,79
17579,77
17590,77
17601,80
17611,79
17622,79
17633,79
17644,78
17654,78
17665,78
17676,78
17686,79
17697,78
17708,78
17719,78
17729,79
17740,79
17751,78
17761,78
17772,78
17783,78
17794,78
17804,78
17815,79
17826,78
17836,78
17847,78
17858,78
17869,78
17880,78
17890,78
17901,78
17912,78
17922,78
17933,77
17944,77
17955,78
17965,78
17976,78
17987,78
17998,78
18008,78
18019,78
18030,78
18040,73
18051,81
18062,81
18073,87
18084,99
18094,105
18105,105
18116,109
18126,114
18137,113
18148,113
18159,119
18170,129
18180,139
18191,151
18202,159
18213,163
18223,162
18234,162
18245,166
18255,160
18266,157
18277,152
18288,146
18298,146
18309,146
18320,147
18330,147
18341,148
18352,148
18363,149
18373,149
18384,150
18395,150
18405,149
18416,149
18427,149
18438,150
18448,150
18459,151
18470,149
18480,151
18491,150
18502,150
18513,150
18523,150
18534,149
18545,149
18556,151
18566,150
18577,149
18588,151
