65760,107
65771,107
65781,108
65792,106
65803,107
65813,107
65824,107
65834,107
65845,107
65856,107
65866,107
65877,107
65887,107
65898,107
65909,107
65919,107
65930,107
65940,107
65951,107
65962,107
65973,107
65983,107
65994,107
66004,106
66015,107
66026,107
66036,107
66047,107
66057,107
66068,107
66078,107
66089,107
66100,107
66110,108
66121,108
66131,107
66142,107
66153,107
66163,107
66174,107
66184,107
66195,108
66206,107
66216,108
66227,108
66237,108
66248,108
66259,101
66269,101
66280,95
66290,89
66301,77
66312,68
66322,57
66333,57
66343,55
66354,55
66365,60
66375,61
66386,64
66396,64
66407,64
66418,64
66428,67
66439,67
66449,71
66460,72
66471,71
66481,72
66492,71
66502,70
66513,70
66524,71
66534,71
66545,71
66555,71
66566,69
66576,70
66587,71
66598,70
66608,70
66619,70
66629,70
66640,70
66651,71
66661,70
66672,71
66682,70
66693,70
66704,70
66714,70
66725,70
66735,70
66746,70
66757,70
66767,70
66778,70
66788,70
66799,70
66810,70
66820,71
66831,70
66841,70
66852,71
66863,71
66873,70
66884,70
66894,70
66905,70
66916,70
66926,70
66937,70
66947,71
66958,70
66969,71
66979,70
66990,70
67000,70
67011,70
67022,70
67032,70
67043,70
67053,70
67064,70
67074,71
67085,70
67096,71
67106,70
67117,70
67127,70
67138,71
67149,71
67159,70
67170,70
67180,70
67191,71
67202,70
67212,70
67223,70
67233,70
67244,70
67255,70
67265,70
67276,70
67286,70
67297,70
67308,71
67318,69
67329,69
67339,70
67350,71
67361,70
67371,70
67382,70
67392,70
67403,70
67414,70
67424,70
67435,70
67445,71
67456,70
67466,70
67477,70
67488,70
67498,70
67509,70
67519,71
67530,70
67541,70
67551,70
67562,70
67572,70
67583,70
67594,70
67604,70
67615,70
67625,70
67636,70
67647,70
67657,70
67668,70
67678,70
67689,70
67700,70
67710,71
67721,70
67731,70
67742,70
67753,70
67763,70
67774,70
67784,70
67795,70
67806,70
67816,70
67827,70
67837,70
67848,70
67859,70
67869,70
67880,70
67890,70
67901,70
67912,70
67922,70
67933,70
67943,70
67954,70
67964,70
67975,70
67986,70
67996,69
68007,69
68017,70
68028,70
68039,70
68049,70
68060,70
68070,70
68081,70
68092,70
68102,71
68113,71
68123,70
68134,70
68145,70
68155,70
68166,70
68176,71
68187,70
68198,70
68209,71
68219,70
68230,70
68240,70
68251,70
68262,70
68272,70
68283,70
68293,71
68304,70
68314,70
68325,70
68336,70
68346,70
68357,70
68367,62
68378,70
68389,70
68399,70
68410,70
68420,70
68431,70
68442,70
68452,70
68463,70
68473,70
68484,70
68495,70
68505,70
68516,70
68527,70
68537,70
68548,70
68558,70
68569,70
68579,70
68590,70
68601,70
68611,70
68622,70
68632,70
68643,70
68654,70
68664,70
68675,70
68685,70
68696,70
68707,71
68717,70
68728,70
68738,70
68749,70
68760,70
68770,70
68781,69
68791,71
68802,70
68813,70
68823,69
68834,70
68844,70
68855,71
68865,70
68876,70
68887,70
68897,70
68908,70
68919,70
68929,70
68940,70
68951,69
68961,70
68972,70
68982,70
68993,70
69004,70
69014,70
69025,70
69035,70
69046,70
69057,70
69067,70
69078,70
69088,70
69099,70
69110,70
69120,71
69131,70
69141,71
69152,70
69163,70
69173,71
69184,71
69194,71
69205,70
69216,70
69226,69
69237,70
69247,71
69258,70
69269,69
69279,70
69290,70
69300,70
69311,69
69322,70
69332,69
69343,70
69353,70
69364,70
69375,70
69385,70
69396,71
69406,71
69417,70
69428,71
69438,70
69449,70
69459,70
69470,70
69481,70
69491,70
69502,70
69512,70
69523,70
69533,70
69544,71
69555,71
69565,70
69576,70
69586,70
69597,70
69608,71
69618,70
69629,70
69639,70
69650,71
69661,70
69671,70
69682,70
69692,69
69703,70
69714,70
69724,70
69735,70
69745,70
69756,70
69767,71
69777,70
69788,70
69798,70
69809,70
69820,70
69830,70
69841,70
69851,70
69862,70
69873,70
69883,70
69894,70
69904,71
69915,69
69926,70
69936,70
69947,70
69957,70
69968,70
69979,69
69989,70
70000,70
70010,70
70021,70
70031,71
70042,71
70053,70
70063,70
70074,70
70084,70
70095,69
70106,-22
70116,-22
70127,-17
70137,0
70148,32
70159,32
70169,19
70180,2
70190,2
70201,-7
70212,-11
70222,-1
70233,5
70243,14
70254,18
70265,15
70275,15
70286,9
70296,0
70307,-5
70318,0
70328,8
70339,8
70349,11
70360,10
70371,8
70381,7
70392,10
70402,10
70413,10
70424,10
70434,10
70445,10
70455,10
70466,9
70477,10
70487,10
70498,8
70508,10
70519,10
70530,9
70540,9
70551,9
70561,10
70572,9
70583,9
70593,9
70604,10
70614,10
70625,9
70636,9
70646,9
70657,9
70667,10
70678,10
70689,9
70699,9
70710,10
70720,10
70731,9
70742,9
70752,9
70763,9
70773,9
70784,10
70795,9
70805,9
70816,10
70826,10
70837,9
70848,10
70858,10
70869,9
70879,9
70890,9
70901,9
70911,10
70922,10
70932,10
70943,9
70954,9
70964,10
70975,9
70985,9
70996,9
71007,10
71017,9
71028,9
71038,9
71049,9
71060,9
71070,9
71081,9
71091,9
71102,9
71113,9
71123,8
71134,9
71144,9
71155,9
71166,9
71176,9
71187,9
71197,9
71208,9
71219,9
71229,9
71240,9
71250,9
71261,9
71272,9
71282,9
71293,9
71303,9
71314,9
71325,9
71335,9
71346,9
71356,9
71367,11
71378,11
71388,9
71399,9
71409,9
71420,9
71431,9
71441,8
71452,9
71462,9
71473,9
71484,9
71494,9
71505,9
71515,9
71526,9
71537,9
71547,9
71558,9
71568,9
71579,8
71590,9
71600,9
71611,9
71621,9
71632,9
71643,9
71653,9
71664,9
71674,9
71685,8
71696,9
71706,9
71717,9
71727,9
71738,0
71749,9
71759,9
71770,9
71780,9
71791,9
71802,9
71812,9
71823,9
71833,9
71844,8
71855,9
71865,8
71876,9
71886,9
71897,9
71908,9
71918,9
71929,9
71939,9
71950,9
71961,9
71971,9
71982,9
71992,9
72003,9
72014,9
72024,9
72035,9
72045,9
72056,9
72067,9
72077,9
72088,8
72098,8
72109,9
72120,9
72130,9
72141,9
72151,8
72162,7
72173,8
72183,9
72194,9
72204,9
72215,9
72226,9
72236,9
72247,9
72257,6
72268,8
72279,9
72289,8
72300,9
72310,9
72321,9
72332,9
72342,8
72353,9
72363,8
72374,9
72385,9
72395,9
72406,9
72416,9
72427,9
72438,9
72448,9
72459,8
72469,8
72480,8
72491,9
72501,9
72512,8
72522,8
72533,9
72544,9
72554,9
72565,8
72575,8
72586,8
72597,9
72607,9
72618,9
72628,9
72639,9
72650,9
72660,8
72671,8
72681,9
72692,8
72703,8
72713,8
72724,9
72734,8
72745,9
72756,8
72766,9
72777,9
72787,9
72798,8
72809,9
72819,9
72830,9
72840,8
72851,9
72862,9
72872,8
72883,8
72893,9
72904,8
72915,9
72925,9
72936,8
72946,8
72957,9
72968,8
72978,9
72989,8
72999,9
73010,8
73021,9
73031,9
73042,9
73052,9
73063,9
73074,9
73084,8
73095,8
73105,8
73116,8
73127,9
73137,7
73148,8
73159,8
73169,9
73180,9
73190,8
73201,7
73211,10
73222,8
73233,9
73243,8
73254,7
73264,7
73275,8
73286,8
73296,8
73307,9
73317,7
73328,5
73339,8
73349,8
73360,8
73370,8
73381,8
73392,8
73402,8
73413,8
73423,8
73434,7
73445,8
73455,8
73466,8
73476,8
73487,8
73498,8
73508,7
73519,7
73530,8
73540,8
73551,8
73561,8
73572,8
73582,7
73593,8
73604,8
73614,2
73625,8
73635,7
73646,8
73657,8
73667,8
73678,7
73688,8
73699,8
73710,8
73720,8
73731,8
73741,7
73752,8
73763,8
73773,8
73784,8
73795,8
73805,8
73816,8
73826,8
73837,8
73847,8
73858,8
73869,8
73879,7
73890,8
73901,8
73911,8
73922,8
73932,8
73943,8
73953,8
73964,8
73975,8
73985,8
73996,8
74007,7
74017,8
74028,8
74038,8
74049,7
74060,8
74070,8
74081,8
74091,8
74102,8
74112,8
74123,8
74134,8
74144,8
74155,8
74166,2
74176,2
74187,8
74197,7
74208,8
74218,7
74229,8
74240,7
74250,7
74261,7
74272,7
74282,7
74293,8
74303,7
74314,8
74324,7
74335,8
74346,8
74356,8
74367,8
74378,8
74388,8
74399,8
74409,7
74420,8
74431,8
74441,8
74452,8
74462,8
74473,7
74483,7
74494,8
74505,8
74515,8
74526,8
74537,7
74547,7
74558,8
74569,8
74579,7
74590,8
74601,8
74611,8
74622,8
74632,8
74643,7
74653,7
74664,8
74675,7
74685,8
74696,8
74706,8
74717,8
74728,8
74738,8
74749,8
74760,8
74770,7
74781,8
74792,7
74802,7
74813,7
74823,6
74834,7
74845,8
74855,8
74866,8
74876,8
74887,8
74898,8
74908,7
74919,7
74929,7
74940,8
74951,8
74961,7
74972,8
74982,8
74993,7
75004,7
75014,7
75025,7
75035,8
75046,8
75057,8
75067,7
75078,8
75088,8
75099,8
75110,101
75120,100
75131,95
75141,89
75152,85
75163,74
75173,60
75184,57
75194,57
75205,57
75216,57
75226,61
75237,61
75247,61
75258,61
75269,61
75279,62
75290,63
75300,64
75311,67
75322,70
75332,70
75343,70
75353,71
75364,71
75375,70
75385,70
75396,70
75406,71
75417,71
75427,70
75438,70
75449,70
75459,70
75470,71
75481,70
75491,70
75502,70
75513,70
75523,71
75534,70
75544,70
75555,70
75566,71
75576,70
75587,71
75597,70
75608,70
75619,71
75629,70
75640,69
75650,69
75661,70
75672,70
75682,71
75693,70
75703,70
75714,71
75725,70
75735,70
75746,70
75756,70
75767,70
75778,71
75788,71
75799,70
75809,70
75820,70
75831,70
75841,70
75852,70
75862,70
75873,70
75884,70
75894,70
75905,71
75915,70
75926,70
75937,70
75947,70
75958,71
75968,71
75979,70
75990,71
76000,70
76011,70
76021,70
76032,70
76043,70
76053,70
76064,70
76074,71
76085,70
76095,70
76106,70
76117,70
76127,71
76138,70
76148,70
76159,70
76170,71
76180,70
76191,70
76201,71
76212,71
76223,70
76233,70
76244,70
76254,70
76265,70
76276,71
76286,70
76297,70
76307,70
76318,70
76329,70
76339,71
76350,71
76360,70
76371,71
76382,70
76392,70
76403,70
76413,70
76424,71
76435,69
76445,69
76456,71
76466,70
76477,71
76488,70
76498,70
76509,70
76519,70
76530,70
76541,70
76551,70
76562,70
76572,68
76583,70
76593,70
76604,70
76615,69
76625,71
76636,70
76646,70
76657,70
76668,70
76678,70
76689,69
76699,70
76710,71
76721,71
76731,71
76742,70
76752,70
76763,70
76774,70
76784,70
76795,69
76805,71
76816,70
76827,71
76837,70
76848,70
76858,70
76869,71
76880,70
76890,70
76901,70
76911,70
76922,70
76933,70
76943,70
76954,70
76964,70
76975,70
76986,70
76996,70
77007,70
77017,70
77028,70
77039,70
77049,70
77060,70
77070,70
77081,71
77092,70
77102,70
77113,70
77123,70
77134,70
77144,70
77155,70
77166,70
77176,70
77187,70
77198,70
77208,70
77219,70
77230,69
77240,70
77251,70
77261,70
77272,70
77283,71
77293,70
77304,71
77314,70
77325,70
77336,70
77346,70
77357,70
77367,70
77378,70
77389,70
77399,71
77410,69
77420,71
77431,70
77442,70
77452,70
77463,70
77473,71
77484,70
77495,69
77505,70
77516,70
77526,70
77537,70
77548,70
77558,52
77569,52
77579,70
77590,70
77601,71
77611,71
77622,70
77632,70
77643,70
77654,69
77664,69
77675,70
77685,70
77696,70
77707,70
77717,71
77728,71
77738,70
77749,70
77760,70
77770,70
77781,71
77791,70
77802,70
77812,70
77823,70
77834,70
77844,70
77855,70
77865,70
77876,70
77887,71
77897,70
77908,71
77918,71
77929,70
77940,71
77950,70
77961,70
77971,71
77982,70
77993,70
78003,71
78014,70
78024,70
78035,70
78046,70
78056,70
78067,70
78077,70
78088,71
78099,71
78109,70
78120,70
78130,71
78141,71
78152,70
78162,70
78173,70
78183,70
78194,70
78204,70
78215,70
78226,70
78236,70
78247,70
78257,70
78268,70
78279,71
78289,70
78300,70
78310,71
78321,70
78332,70
78342,70
78353,70
78363,70
78374,70
78385,70
78395,70
78406,70
78416,71
78427,70
78438,71
78448,70
78459,70
78469,70
78480,70
78491,71
78501,70
78512,71
78522,70
78533,70
78544,70
78554,70
78565,71
78575,70
78586,70
78597,71
78607,70
78618,70
78628,70
78639,70
78650,70
78660,70
78671,70
78681,70
78692,71
78702,70
78713,71
78724,70
78734,70
78745,70
78755,70
78766,70
78777,70
78787,70
78798,70
78808,70
78819,70
78830,70
78840,71
78851,70
78861,70
78872,70
78883,70
78893,71
78904,70
78914,70
78925,71
78936,71
78947,70
78957,70
78968,70
78978,71
78989,71
79000,70
79010,70
79021,70
79031,71
79042,70
79052,71
79063,70
79074,71
79084,71
79095,70
79105,70
79116,70
79127,70
79137,70
79148,69
79158,70
79169,70
79180,71
79190,70
79201,70
79211,70
79222,70
79233,70
79243,70
79254,71
79264,70
79275,70
79286,70
79296,72
79307,70
79317,70
79328,70
79339,70
79349,70
79360,70
79370,71
79381,70
79392,70
79402,70
79413,70
79423,70
79434,70
79445,70
79455,71
79466,70
79476,70
79487,70
79498,70
79508,70
79519,70
79529,70
79540,70
79550,70
79561,70
79572,70
79582,71
79593,71
79603,70
79614,70
79625,70
79635,70
79646,71
79656,70
79667,70
79678,70
79688,70
79699,70
79709,70
79720,70
79731,70
79741,70
79752,70
79762,70
79773,70
79784,70
79794,70
79805,70
79815,71
79826,70
79837,70
79847,70
79858,69
79868,69
79879,70
79890,70
79900,71
79911,71
79921,70
79932,71
79943,70
79953,70
79964,71
79974,70
79985,71
79996,70
80006,71
80017,71
80027,70
80038,70
80049,70
80059,70
80070,70
80080,70
80091,71
80101,70
80112,-21
80123,-22
80133,-15
80144,-1
80154,18
80165,33
80176,17
80186,17
80197,4
80207,-12
80218,-12
80229,-1
80239,18
80250,18
80260,22
80271,20
80282,10
80292,-4
80303,-7
80313,-7
80324,-5
80335,-1
80345,5
80356,10
80366,13
80377,13
80388,14
80398,18
80409,16
80419,11
80430,10
80441,9
80451,7
80462,5
80472,5
80483,6
80494,5
80504,5
80515,4
80525,4
80536,6
80547,5
80557,5
80568,5
80578,6
80589,5
80600,6
80610,6
80621,6
80631,5
80642,6
80653,5
80663,6
80674,6
80684,5
80695,5
80706,5
80716,5
80727,5
80737,5
80748,5
80759,5
80769,5
80780,4
80790,5
80801,5
80812,4
80822,5
80833,5
80843,5
80854,4
80865,5
80875,5
80886,5
80896,5
80907,4
80918,6
80928,5
80939,5
80949,5
80960,5
80971,5
80981,5
80992,5
81002,5
81013,4
81024,5
81034,5
81045,4
81055,4
81066,4
81077,4
81087,4
81098,4
81108,4
81119,5
81130,5
81140,4
81151,5
81161,5
81172,6
81183,4
81193,4
81204,4
81215,4
81225,4
81236,5
81246,4
81257,5
81267,5
81278,4
81289,4
81299,4
81310,4
81320,4
81331,4
81342,4
81352,4
81363,4
81373,5
81384,4
81395,4
81405,4
81416,5
81426,5
81437,5
81448,4
81458,4
81469,5
81479,5
81490,4
81501,4
81511,5
81522,4
81532,4
81543,4
81554,4
81564,4
81575,4
81586,4
81596,4
81607,4
81617,4
81628,3
81638,3
81649,4
81660,3
81670,4
81681,4
81691,4
81702,4
81713,4
81723,4
81734,5
81744,3
81755,3
81766,4
81776,4
81787,3
81797,3
81808,4
81819,4
81829,3
81840,3
81851,3
81861,3
81872,4
81882,4
81893,3
81903,3
81914,4
81925,4
81935,4
81946,4
81957,3
81967,3
81978,3
81988,3
81999,4
82009,4
82020,3
82031,3
82041,3
82052,3
82062,4
82073,3
82084,3
82094,3
82105,3
82116,5
82126,4
82137,3
82147,3
82158,3
82168,3
82179,3
82190,4
82200,4
82211,3
82222,3
82232,3
82243,3
82253,3
82264,3
82274,3
82285,3
82296,4
82306,3
82317,4
82328,4
82338,4
82349,3
82359,3
82370,3
82380,4
82391,3
82402,3
82412,3
82423,3
82433,2
82444,3
82455,3
82465,3
82476,3
82487,3
82497,3
82508,4
82518,4
82529,4
82539,2
82550,3
82561,3
82571,4
82582,4
82593,0
82603,0
82614,2
82624,3
82635,2
82645,3
82656,3
82667,3
82677,3
82688,2
82699,3
82709,3
82720,2
82730,2
82741,3
82752,2
82762,2
82773,2
82783,3
82794,3
82805,2
82815,2
82826,3
82836,2
82847,2
82858,2
82868,2
82879,2
82889,2
82900,3
82910,3
82921,2
82932,3
82942,3
82953,3
82964,2
82974,3
82985,2
82996,2
83006,2
83017,3
83028,2
83038,2
83049,2
83059,2
83070,2
83080,2
83091,2
83102,2
83112,2
83123,3
83133,2
83144,2
83155,2
83165,2
83176,2
83187,2
83197,2
83208,2
83219,2
83229,1
83240,1
83251,3
83261,3
83272,2
83282,2
83293,2
83303,2
83314,2
83325,2
83335,2
83346,2
83356,1
83367,2
83378,2
83388,2
83399,2
83409,2
83420,1
83431,2
83441,2
83452,2
83462,2
83473,3
83484,2
83494,2
83505,1
83516,2
83526,3
83537,3
83547,2
83558,2
83568,1
83579,2
83590,1
83600,3
83611,1
83622,1
83632,1
83643,2
83653,2
83664,1
83674,2
83685,2
83696,2
83706,2
83717,2
83727,1
83738,1
83749,2
83759,2
83770,2
83780,2
83791,1
83802,2
83812,1
83823,1
83833,2
83844,2
83855,2
83865,2
83876,2
83887,3
83897,3
83908,2
83918,2
83929,1
83939,1
83950,1
83961,1
83971,2
83982,2
83993,2
84003,2
84014,1
84024,1
84035,2
84045,1
84056,2
84067,2
84077,2
84088,0
84098,1
84109,1
84120,1
84130,1
84141,1
84152,1
84162,0
84173,0
84183,0
84194,1
84204,1
84215,2
84226,1
84236,2
84247,0
84258,1
84268,1
84279,0
84289,1
84300,1
84310,1
84321,1
84332,1
84342,1
84353,2
84364,0
84374,1
84385,1
84395,1
84406,1
84417,1
84427,0
84438,1
84448,0
84459,0
84470,1
84480,1
84491,1
84501,0
84512,0
84523,1
84533,0
84544,0
84554,0
84565,0
84575,0
84586,0
84597,0
84607,0
84618,0
84629,0
84639,0
84650,0
84661,0
84671,0
84682,0
84693,0
84703,0
84714,1
84724,0
84735,0
84745,1
84756,0
84767,0
84777,0
84788,0
84798,1
84809,1
84820,0
84830,0
84841,1
84852,0
84862,1
84873,0
84884,0
84894,0
84905,1
84916,0
84926,0
84937,0
84947,0
84958,0
84968,0
84979,0
84990,0
85000,0
85011,0
85021,0
85032,0
85043,0
85053,0
85064,0
85074,0
85085,0
85096,0
85106,0
85117,93
85127,94
85138,89
85149,83
85159,74
85170,74
85180,65
85191,61
85202,58
85212,56
85223,58
85233,58
85244,59
85255,58
85265,57
85276,57
85286,58
85297,59
85308,59
85318,58
85329,58
85339,58
85350,59
85361,62
85371,65
85382,67
85392,67
85403,68
85414,68
85424,68
85435,68
85445,68
85456,68
85467,69
85477,69
85488,69
85498,68
85509,68
85519,68
85530,69
85541,69
85551,69
85562,69
85572,69
85583,70
85594,70
85604,70
85615,69
85625,70
85636,70
85647,70
85657,71
85668,71
85678,70
85689,70
85700,71
85710,70
85721,70
85731,70
85742,70
85753,70
85763,70
85774,71
85784,70
85795,69
85806,71
85816,70
85827,70
85837,71
85848,70
85859,71
85869,70
85880,70
85890,70
85901,71
85912,71
85922,71
85933,71
85943,70
85954,70
85965,70
85975,70
85986,71
85996,70
86007,70
86017,70
86028,71
86039,70
86049,70
86060,71
86070,70
86081,70
86092,70
86102,70
86113,71
86123,71
86134,71
86145,70
86155,70
86166,70
86176,70
86187,71
86198,70
86208,70
86219,70
86229,70
86240,70
86251,70
86261,71
86272,70
86282,71
86293,70
86304,71
86314,71
86325,70
86335,70
86346,70
86357,71
86367,70
86378,71
86388,71
86399,70
86410,71
86420,71
86431,71
86441,71
86452,70
86462,71
86473,71
86484,71
86494,70
86505,70
86515,70
86526,70
86537,70
86547,70
86558,70
86568,71
86579,71
86590,71
86600,70
86611,70
86621,71
86632,71
86643,70
86653,71
86664,70
86674,71
86685,70
86696,70
86706,71
86717,71
86727,70
86738,70
86749,70
86759,71
86770,70
86780,70
86791,70
86802,70
86812,70
86823,71
86833,71
86844,71
86854,70
86865,70
86876,70
86886,71
86897,70
86907,70
86918,70
86929,70
86939,70
86950,71
86960,70
86971,71
86982,71
86992,70
87003,71
87013,71
87024,71
87035,70
87045,70
87056,70
87066,70
87077,71
87088,70
87098,71
87109,71
87119,71
87130,70
87141,70
87151,71
87162,71
87172,70
87183,70
87194,70
87204,70
87215,70
87225,70
87236,70
87247,71
87257,70
87268,71
87278,70
87289,71
87300,71
87310,71
87321,70
87331,71
87342,70
87352,71
87363,70
87374,71
87384,71
87395,71
87405,70
87416,71
87427,70
87437,70
87448,70
87458,70
87469,70
87480,70
87490,70
87501,70
87511,70
87522,71
87533,70
87543,70
87554,71
87564,70
87575,70
87586,70
87596,70
87607,70
87617,70
87628,70
87639,70
87649,71
87660,70
87670,70
87681,71
87692,71
87702,71
87713,70
87723,70
87734,71
87744,70
87755,70
87766,71
87776,70
87787,70
87798,70
87808,70
87819,69
87829,70
87840,70
87850,71
87861,70
87872,71
87882,70
87893,70
87903,70
87914,70
87925,70
87935,71
87946,70
87956,70
87967,70
87978,70
87988,70
87999,70
88009,70
88020,70
88031,71
88041,70
88052,70
88062,70
88073,70
88084,70
88095,70
88105,70
88116,69
88126,69
88137,70
88148,70
88158,70
88169,71
88179,70
88190,71
88200,71
88211,71
88222,70
88232,70
88243,70
88253,70
88264,71
88275,71
88285,70
88296,70
88306,70
88317,71
88328,70
88338,70
88349,69
88359,69
88370,74
88381,71
88391,70
88402,70
88412,70
88423,71
88434,70
88444,70
88455,70
88465,70
88476,70
88487,70
88497,70
88508,70
88518,71
88529,71
88540,70
88550,70
88561,70
88571,70
88582,71
88593,70
88603,71
88614,70
88624,70
88635,70
88646,71
88656,70
88667,70
88677,70
88688,70
88699,70
88709,70
88720,70
88730,71
88741,70
88752,70
88762,71
88773,70
88783,70
88794,71
88805,71
88815,71
88826,71
88836,70
88847,71
88858,71
88868,71
88879,70
88889,70
88900,70
88911,70
88921,70
88932,71
88942,70
88953,70
88964,70
88974,70
88985,71
88995,70
89006,71
89017,71
89027,71
89038,71
89048,70
89059,71
89069,71
89080,70
89091,70
89101,70
89112,70
89122,70
89133,71
89144,71
89154,70
89165,71
89175,71
89186,71
89197,70
89207,70
89218,70
89228,70
89239,70
89250,69
89260,70
89271,71
89281,70
89292,70
89303,70
89313,70
89324,70
89334,71
89345,70
89356,70
89366,70
89377,70
89387,71
89398,71
89409,70
89419,70
89430,70
89440,70
89451,70
89462,69
89472,71
89483,70
89493,70
89504,70
89515,70
89525,71
89536,70
89546,71
89557,70
89568,70
89578,70
89589,70
89599,70
89610,71
89620,71
89631,71
89642,71
89652,70
89663,70
89674,71
89684,71
89695,70
89706,71
89716,70
89727,70
89737,71
89748,70
89759,70
89769,70
89780,70
89790,70
89801,70
89812,71
89822,70
89833,70
89843,70
89854,70
89865,70
89875,70
89886,70
89896,71
89907,71
89918,71
89928,70
89939,70
89949,71
89960,77
89970,71
89981,71
89992,70
90002,71
90013,71
90024,70
90034,71
90045,71
90056,70
90066,70
90077,70
90087,70
90098,70
90109,70
90119,-22
90130,-22
90140,-14
90151,19
90162,33
90172,33
90183,33
90193,17
90204,2
90215,-11
90225,-11
90236,-2
90246,9
90257,24
90268,24
90278,11
90289,11
90299,5
90310,-1
90321,-7
90331,-2
90342,3
90352,3
90363,6
90374,9
90384,16
90395,16
90405,18
90416,15
90427,10
90437,10
90448,7
90458,7
90469,4
90480,5
90490,5
90501,5
90511,5
90522,6
90533,7
90543,6
90554,6
90564,7
90575,6
90586,6
90596,6
90607,7
90617,5
90628,6
90639,6
90649,6
90660,6
90670,6
90681,6
90692,6
90702,6
90713,7
90724,6
90734,6
90745,6
90755,5
90766,6
90776,5
90787,6
90798,6
90808,7
90819,7
90830,6
90840,6
90851,6
90861,6
90872,6
90882,5
90893,6
90904,6
90914,6
90925,6
90935,6
90946,6
90957,5
90967,6
90978,6
90988,6
90999,6
91010,6
91020,6
91031,6
91041,7
91052,6
91063,6
91073,6
91084,5
91095,6
91105,6
91116,6
91126,6
91137,6
91147,5
91158,5
91169,6
91179,5
91190,6
91201,6
91211,6
91222,6
91232,6
91243,6
91253,5
91264,6
91275,5
91285,5
91296,6
91307,6
91317,6
91328,5
91338,6
91349,5
91360,5
91370,6
91381,6
91391,5
91402,6
91412,6
91423,5
91434,4
91444,5
91455,5
91466,13
91476,13
91487,5
91497,6
91508,5
91518,4
91529,6
91540,5
91550,6
91561,5
91572,5
91582,5
91593,5
91603,5
91614,5
91624,5
91635,5
91646,5
91656,5
91667,5
91678,5
91688,5
91699,5
91709,5
91720,5
91731,5
91741,5
91752,5
91762,5
91773,5
91783,5
91794,5
91805,5
91815,4
91826,5
91837,5
91847,5
91858,5
91869,5
91879,5
91890,5
91901,5
91911,5
91922,5
91932,5
91943,5
91953,5
91964,5
91975,4
91985,5
91996,5
92006,5
92017,5
92028,5
92038,5
92049,4
92059,5
92070,4
92081,5
92091,5
92102,4
92112,5
92123,5
92134,4
92144,4
92155,4
92166,5
92176,5
92187,5
92197,5
92208,5
92218,4
92229,5
92240,4
92250,5
92261,5
92272,4
92282,4
92293,4
92303,4
92314,4
92324,5
92335,5
92346,5
92356,4
92367,4
92377,4
92388,5
92399,5
92409,5
92420,4
92431,4
92441,5
92452,4
92462,4
92473,4
92483,4
92494,4
92505,4
92515,4
92526,4
92537,8
92547,8
92558,4
92568,4
92579,4
92589,4
92600,4
92611,4
92621,4
92632,4
92643,4
92653,4
92664,4
92674,4
92685,4
92696,4
92706,4
92717,4
92727,4
92738,4
92748,3
92759,4
92770,4
92780,3
92791,4
92802,3
92812,3
92823,3
92833,4
92844,4
92854,4
92865,5
92876,4
92886,4
92897,4
92908,4
92918,4
92929,4
92939,4
92950,4
92960,4
92971,4
92982,3
92992,3
93003,4
93014,4
93024,4
93035,4
93045,4
93056,4
93067,4
93077,4
93088,3
93098,4
93109,4
93120,4
93130,4
93141,4
93151,4
93162,3
93173,3
93183,4
93194,4
93204,4
93215,3
93225,4
93236,3
93247,3
93257,4
93268,4
93279,4
93289,4
93300,4
93311,3
93321,4
93332,3
93343,4
93353,4
93364,4
93374,4
93385,3
93396,4
93406,4
93417,4
93427,4
93438,4
93448,4
93459,4
93470,3
93480,3
93491,3
93502,3
93512,3
93523,3
93534,3
93544,3
93555,4
93566,4
93576,4
93587,3
93597,3
93608,3
93618,3
93629,3
93640,3
93650,3
93661,3
93671,2
93682,4
93693,3
93703,3
93714,3
93724,3
93735,3
93746,3
93756,3
93767,3
93777,3
93788,3
93799,3
93809,3
93820,3
93831,3
93841,3
93852,3
93862,2
93873,3
93883,3
93894,3
93905,3
93915,3
93926,3
93937,3
93947,3
93958,3
93968,3
93979,3
93989,3
94000,3
94011,4
94021,3
94032,3
94042,3
94053,3
94064,2
94074,2
94085,3
94096,3
94106,3
94117,3
94127,2
94138,2
94148,2
94159,2
94170,2
94180,2
94191,3
94202,2
94212,2
94223,2
94233,3
94244,3
94254,2
94265,3
94276,2
94286,3
94297,3
94308,3
94318,3
94329,3
94339,3
94350,2
94360,3
94371,3
94382,3
94392,3
94403,3
94414,2
94424,2
94435,2
94445,2
94456,3
94467,2
94477,2
94488,3
94498,2
94509,2
94519,2
94530,2
94541,2
94551,2
94562,3
94573,2
94583,2
94594,2
94605,2
94615,2
94626,2
94637,2
94647,2
94658,3
94668,2
94679,3
94689,2
94700,1
94711,2
94721,2
94732,2
94742,2
94753,2
94764,2
94774,2
94785,2
94796,2
94806,2
94817,2
94828,2
94838,2
94849,2
94859,2
94870,1
94881,2
94891,2
94902,1
94912,1
94923,2
94934,2
94944,2
94955,2
94965,2
94976,2
94987,3
94997,2
95008,2
95018,2
95029,2
95040,2
95050,2
95061,2
95071,2
95082,2
95093,1
95103,1
95114,95
95124,95
95135,90
95146,93
95156,81
95167,72
95177,65
95188,60
95199,57
95209,56
95220,57
95230,58
95241,58
95252,59
95262,58
95273,58
95283,59
95294,60
95305,60
95315,59
95326,62
95336,66
95347,67
95358,68
95368,69
95379,69
95389,69
95400,69
95411,69
95421,69
95432,69
95442,69
95453,69
95464,69
95474,69
95485,69
95495,70
95506,70
95517,70
95527,70
95538,71
95548,70
95559,71
95570,71
95580,71
95591,70
95601,71
95612,71
95623,70
95633,70
95644,71
95654,70
95665,70
95676,71
95686,71
95697,71
95707,71
95718,71
95729,71
95739,71
95750,71
95760,72
95771,71
95781,71
95792,70
95803,70
95813,72
95824,71
95834,71
95845,70
95856,70
95866,71
95877,71
95887,71
95898,70
95909,71
95919,70
95930,72
95940,72
95951,70
95962,71
95972,71
95983,71
95993,70
96004,71
96015,70
96025,79
96036,71
96046,71
96057,70
96068,71
96078,71
96089,71
96099,71
96110,71
96121,71
96131,71
96142,71
96152,71
96163,71
96174,71
96184,71
96195,71
96205,71
96216,71
96227,71
96237,71
96248,71
96258,71
96269,71
96280,71
96290,71
96301,71
96311,71
96322,71
96333,71
96343,71
96354,70
96364,70
96375,71
96386,71
96396,71
96407,71
96417,71
96428,71
96439,71
96449,70
96460,71
96470,71
96481,71
96492,70
96502,70
96513,71
96523,71
96534,71
96544,71
96555,71
96566,70
96576,70
96587,71
96598,71
96608,71
96619,70
96629,71
96640,71
96650,71
96661,71
96672,71
96682,70
96693,71
96703,71
96714,71
96725,71
96735,70
96746,71
96756,71
96767,71
96778,70
96788,71
96799,71
96809,71
96820,71
96831,71
96841,71
96852,71
96862,70
96873,71
96884,71
96894,70
96905,70
96915,70
96926,71
96937,71
96947,71
96958,71
96968,71
96979,71
96990,70
97000,71
97011,71
97021,71
97032,70
97043,71
97053,71
97064,70
97074,71
97085,71
97096,70
97106,71
97117,71
97127,71
97138,70
97149,71
97159,71
97170,71
97180,71
97191,70
97201,71
97212,70
97223,71
97233,71
97244,72
97254,71
97265,71
97276,71
97286,71
97297,71
97307,70
97318,71
97329,71
97339,72
97350,70
97360,70
97371,70
97382,71
97392,71
97403,71
97413,71
97424,70
97435,70
97445,71
97456,70
97466,70
97477,71
97488,71
97498,71
97509,71
97519,71
97530,71
97541,71
97551,71
97562,71
97572,71
97583,71
97594,71
97604,71
97615,71
97625,71
97636,71
97647,71
97657,70
97668,71
97678,71
97689,71
97699,71
97710,71
97721,71
97731,71
97742,71
97752,70
97763,71
97774,71
97784,71
97795,70
97805,70
97816,71
97827,71
97837,70
97848,70
97858,70
97869,70
97880,70
97890,71
97901,71
97911,71
97922,71
97933,71
97943,71
97954,70
97964,71
97975,70
97986,70
97996,70
98007,70
98017,70
98028,71
98039,71
98049,70
98060,71
98070,71
98081,71
98092,70
98102,70
98113,72
98123,70
98134,71
98144,71
98155,70
98166,71
98176,71
98187,72
98197,71
98208,71
98219,71
98229,71
98240,71
98250,70
98261,71
98272,71
98282,71
98293,71
98303,70
98314,71
98325,71
98335,70
98346,71
98356,70
98367,71
98378,70
98388,73
98399,73
98409,71
98420,71
98431,70
98441,70
98452,72
98462,71
98473,70
98484,70
98494,70
98505,71
98515,71
98526,71
98537,70
98547,71
98558,71
98568,70
98579,70
98590,70
98600,71
98611,71
98621,70
98632,70
98642,71
98653,71
98664,71
98674,70
98685,71
98695,71
98706,70
98717,70
98727,71
98738,71
98748,71
98759,70
98770,71
98780,71
98791,71
98801,71
98812,70
98823,71
98833,71
98844,71
98854,70
98865,71
98876,71
98886,71
98897,71
98907,71
98918,73
98929,70
98939,71
98950,71
98960,71
98971,71
98982,71
98992,71
99003,71
99013,72
99024,71
99034,71
99045,71
99056,71
99066,71
99077,71
99087,71
99098,71
99109,70
99119,71
99130,70
99140,71
99151,71
99162,70
99172,72
99183,72
99193,70
99204,71
99215,70
99225,70
99236,71
99246,71
99257,70
99268,71
99278,70
99289,70
99299,71
99310,71
99321,70
99331,70
99342,71
99352,70
99363,71
99374,70
99384,70
99395,71
99405,71
99416,71
99427,70
99437,70
99448,72
99458,70
99469,71
99480,70
99490,72
99501,72
99511,71
99522,70
99532,71
99543,71
99554,70
99564,71
99575,71
99585,71
99596,70
99607,70
99617,70
99628,71
99638,71
99649,70
99660,70
99670,71
99681,71
99691,71
99702,71
99713,70
99723,70
99734,70
99744,71
99755,70
99766,71
99777,71
99787,71
99798,70
99808,71
99819,71
99830,71
99840,71
99851,70
99861,70
99872,71
99882,70
99893,71
99904,71
99914,71
99925,71
99935,71
99946,71
99957,71
99967,70
99978,71
99988,71
99999,70
100010,70
100020,71
100031,71
100041,70
100052,70
100062,70
100073,71
100084,70
100094,71
100105,71
100115,70
100126,-22
100137,-21
100147,-14
100158,0
100168,18
100179,30
100189,30
100200,19
100211,2
100221,-12
100232,-12
100242,0
100253,8
100264,23
100274,23
100285,21
100296,10
100306,2
100317,-5
100327,-9
100338,-7
100349,0
100359,8
100370,13
100380,17
100391,17
100402,12
100412,12
100423,16
100433,15
100444,12
100454,9
100465,10
100476,9
100486,9
100497,7
100507,7
100518,6
100529,7
100539,6
100550,6
100560,7
100571,6
100581,7
100592,7
100603,7
100613,7
100624,6
100634,7
100645,6
100656,7
100666,7
100677,6
100687,6
100698,6
100708,18
100719,7
100730,6
100740,6
100751,7
100761,6
100772,6
100783,7
100793,7
100804,7
100814,6
100825,6
100835,6
100846,6
100857,6
100867,6
100878,6
100888,6
100899,7
100909,6
100920,6
100931,7
100941,7
100952,6
100962,6
100973,6
100984,6
100994,7
101005,6
101015,6
101026,6
101037,7
101047,7
101058,6
101068,7
101079,7
101089,6
101100,7
101110,7
101121,6
101132,6
101142,6
101153,7
101163,6
101174,6
101185,7
101195,7
101206,6
101216,6
101227,6
101237,6
101248,6
101259,6
101269,6
101280,6
101291,6
101301,6
101312,7
101322,6
101333,6
101343,6
101354,6
101364,6
101375,6
101386,6
101396,6
101407,6
101417,6
101428,6
101439,6
101449,6
101460,6
101470,6
101481,6
101491,6
101502,6
101513,6
101523,6
101534,6
101544,5
101555,6
101566,6
101576,6
101587,6
101597,6
101608,6
101618,5
101629,5
101639,5
101650,6
101661,6
101671,5
101682,6
101692,6
101703,6
101713,6
101724,6
101735,5
101745,5
101756,5
101766,5
101777,5
101787,5
101798,6
101809,6
101819,5
101830,5
101840,6
101851,6
101862,5
101872,5
101883,5
101893,6
101904,5
101914,6
101925,5
101936,5
101946,6
101957,5
101967,5
101978,5
101989,5
101999,5
102010,5
102020,5
102031,5
102041,6
102052,5
102062,5
102073,6
102084,5
102094,5
102105,5
102115,5
102126,6
102137,6
102147,6
102158,5
102168,5
102179,5
102189,5
102200,5
102211,5
102221,5
102232,5
102242,5
102253,5
102264,5
102274,5
102285,5
102295,5
102306,5
102316,5
102327,5
102337,5
102348,5
102359,5
102369,5
102380,5
102390,5
102401,5
102412,6
102422,6
102433,5
102443,5
102454,5
102464,4
102475,5
102486,5
102496,5
102507,5
102517,5
102528,5
102539,5
102549,5
102560,5
102570,5
102581,5
102591,4
102602,5
102612,4
102623,5
102634,5
102644,5
102655,5
102665,6
102676,5
102687,6
102697,6
102708,4
102718,5
102729,5
102739,5
102750,5
102761,4
102771,5
102782,5
102792,5
102803,4
102814,5
102824,5
102835,5
102845,5
102856,4
102866,4
102877,5
102888,4
102898,5
102909,4
102919,4
102930,4
102940,4
102951,4
102962,4
102972,4
102983,5
102993,4
103004,5
103015,4
103025,4
103036,4
103046,4
103057,5
103067,5
103078,4
103089,5
103099,4
103110,5
103120,4
103131,5
103142,5
103152,5
103163,4
103173,4
103184,5
103194,4
103205,4
103216,4
103226,4
103237,5
103247,5
103258,4
103269,4
103279,4
103290,4
103300,4
103311,4
103321,4
103332,4
103343,4
103353,4
103364,5
103374,4
103385,4
103396,4
103406,4
103417,4
103428,4
103438,4
103449,4
103459,4
103470,4
103481,4
103491,4
103502,4
103512,4
103523,4
103533,4
103544,4
103555,4
103565,4
103576,4
103586,4
103597,4
103608,4
103618,4
103629,3
103639,4
103650,4
103660,4
103671,4
103682,4
103692,4
103703,3
103713,3
103724,4
103735,4
103745,4
103756,3
103766,3
103777,4
103787,3
103798,3
103809,4
103819,3
103830,4
103840,3
103851,3
103861,4
103872,3
103883,3
103893,3
103904,3
103914,5
103925,4
103936,4
103946,4
103957,3
103967,4
103978,3
103988,3
103999,4
104010,3
104020,3
104031,3
104041,3
104052,3
104063,3
104073,4
104084,3
104094,3
104105,3
104115,3
104126,3
104137,2
104147,3
104158,3
104168,3
104179,3
104190,3
104200,3
104211,3
104222,3
104232,3
104243,3
104253,3
104264,3
104275,3
104285,4
104296,4
104306,3
104317,3
104327,3
104338,4
104349,3
104359,3
104370,3
104380,3
104391,4
104402,3
104412,3
104423,3
104433,3
104444,3
104454,3
104465,3
104476,3
104486,3
104497,3
104507,3
104518,2
104529,3
104539,3
104550,3
104560,3
104571,3
104581,3
104592,3
104603,3
104613,3
104624,3
104634,3
104645,3
104655,3
104666,4
104677,3
104687,3
104698,3
104708,4
104719,3
104730,3
104740,4
104751,3
104761,2
104772,2
104782,2
104793,2
104804,3
104814,3
104825,3
104835,2
104846,2
104857,3
104867,2
104878,2
104888,2
104899,2
104909,2
104920,2
104931,2
104941,3
104952,3
104962,3
104973,3
104984,2
104994,3
105005,2
105015,2
105026,2
105036,2
105047,3
105058,2
105068,2
105079,2
105089,2
105100,2
105111,3
105121,2
105132,96
105143,96
105153,85
105164,85
105174,81
105185,73
105196,60
105206,60
105217,58
105227,58
105238,58
105248,59
105259,59
105269,58
105280,59
105291,59
105301,60
105312,59
105322,60
105333,59
105343,60
105354,61
105365,65
105375,67
105386,67
105396,69
105407,69
105417,70
105428,69
105439,70
105449,69
105460,70
105470,70
105481,71
105492,70
105502,70
105513,70
105523,71
105534,70
105544,70
105555,70
105565,70
105576,71
105587,71
105597,71
105608,70
105618,71
105629,71
105640,70
105650,72
105661,70
105671,71
105682,70
105692,70
105703,70
105714,71
105724,70
105735,70
105745,71
105756,71
105766,71
105777,70
105788,70
105798,70
105809,70
105819,71
105830,71
105840,71
105851,70
105862,70
105872,70
105883,70
105893,70
105904,71
105915,70
105925,70
105936,71
105946,71
105957,70
105967,70
105978,70
105988,70
105999,71
106010,71
106020,71
106031,71
106041,70
106052,70
106063,70
106073,71
106084,70
106094,70
106105,71
106115,71
106126,71
106137,71
106147,70
106158,71
106168,70
106179,70
106189,71
106200,70
106211,70
106221,70
106232,70
106242,71
106253,70
106263,70
106274,70
106285,70
106295,70
106306,70
106316,70
106327,71
106338,70
106348,70
106359,71
106369,70
106380,70
106390,70
106401,71
106411,70
106422,71
106433,71
106443,70
106454,70
106464,70
106475,70
106485,71
106496,70
106507,70
106517,70
106528,70
106538,71
106549,71
106559,71
106570,70
106581,71
106591,70
106602,70
106612,71
106623,70
106634,71
106644,71
106655,71
106665,72
106676,72
106686,70
106697,70
106708,71
106718,71
106729,70
106739,70
106750,70
106761,70
106771,70
106782,71
106792,71
106803,70
106813,70
106824,70
106834,70
106845,70
106856,70
106866,71
106877,71
106887,70
106898,71
106908,70
106919,70
106930,70
106940,70
106951,70
106961,70
106972,71
106982,71
106993,70
107004,70
107014,70
107025,70
107035,70
107046,71
107057,71
107067,71
107078,70
107088,71
107099,70
107109,70
107120,71
107131,70
107141,70
107152,70
107162,70
107173,71
107184,69
107194,69
107205,70
107215,70
107226,71
107236,70
107247,71
107257,70
107268,70
107279,70
107289,70
107300,71
107310,71
107321,71
107331,70
107342,71
107353,70
107363,70
107374,70
107384,70
107395,70
107405,70
107416,71
107427,71
107437,74
107448,71
107458,70
107469,71
107480,71
107490,71
107501,71
107511,70
107522,70
107532,70
107543,70
107554,71
107564,70
107575,71
107585,70
107596,71
107607,70
107617,70
107628,70
107638,70
107649,71
107659,71
107670,70
107680,70
107691,70
107702,70
107712,71
107723,71
107733,70
107744,71
107754,70
107765,70
107776,66
107786,71
107797,71
107807,70
107818,71
107828,71
107839,70
107850,70
107860,71
107871,71
107881,71
107892,71
107903,70
107913,70
107924,71
107934,70
107945,70
107955,71
107966,70
107977,71
107987,70
107998,70
108008,71
108019,71
108030,71
108040,71
108051,70
108061,71
108072,71
108082,70
108093,70
108103,70
108114,70
108125,71
108135,70
108146,71
108156,69
108167,71
108177,70
108188,71
108199,70
108209,70
108220,70
108230,71
108241,70
108251,71
108262,70
108273,70
108283,70
108294,71
108304,70
108315,71
108326,71
108336,71
108347,71
108357,71
108368,71
108378,71
108389,70
108400,70
108410,70
108421,71
108431,71
108442,71
108453,70
108463,70
108474,71
108484,70
108495,70
108505,70
108516,71
108526,71
108537,70
108548,70
108558,70
108569,70
108579,71
108590,71
108601,70
108611,70
108622,70
108632,71
108643,70
108654,71
108664,70
108675,70
108685,71
108696,71
108707,71
108717,71
108728,71
108738,71
108749,71
108759,70
108770,71
108781,71
108791,71
108802,71
108812,70
108823,70
108833,71
108844,71
108855,71
108865,70
108876,70
108886,70
108897,70
108908,71
108918,71
108929,70
108939,70
108950,70
108960,70
108971,70
108982,71
108992,71
109003,70
109013,71
109024,70
109035,70
109045,70
109056,71
109066,70
109077,70
109087,70
109098,70
109109,71
109119,71
109130,71
109140,70
109151,70
109161,71
109172,70
109183,71
109193,70
109204,71
109214,70
109225,71
109235,70
109246,70
109257,70
109267,70
109278,71
109288,71
109299,70
109310,70
109320,71
109331,71
109342,70
109352,70
109363,71
109373,71
109384,70
109394,71
109405,71
109416,71
109426,71
109437,71
109447,70
109458,71
109468,70
109479,70
109490,70
109500,71
109511,70
109521,70
109532,70
109543,71
109553,71
109564,70
109574,70
109585,70
109595,70
109606,70
109616,71
109627,70
109638,71
109648,71
109659,70
109669,70
109680,71
109691,71
109701,70
109712,71
109722,71
109733,71
109743,71
109754,71
109765,70
109775,71
109786,71
109796,70
109807,71
109817,71
109828,70
109839,70
109849,71
109860,71
109870,71
109881,70
109891,72
109902,70
109913,70
109923,70
109934,70
109944,70
109955,70
109966,70
109976,70
109987,70
109997,71
110008,70
110018,71
110029,71
110039,70
110050,71
110061,71
110071,71
110082,71
110092,71
110103,70
110114,70
110124,-22
110135,-22
110145,-14
110156,0
110166,20
110177,31
110188,31
110198,17
110209,1
110219,-12
110230,-12
110240,0
110251,8
110262,24
110272,21
110283,10
110293,10
110304,4
110314,-5
110325,-10
110336,-7
110346,0
110357,7
110367,13
110378,17
110389,13
110399,13
110410,13
110420,16
110431,14
110441,10
110452,8
110463,8
110473,7
110484,7
110494,6
110505,6
110516,7
110526,7
110537,7
110547,7
110558,6
110569,6
110579,6
110590,6
110600,6
110611,6
110621,7
110632,7
110643,6
110653,15
110664,7
110674,6
110685,7
110696,6
110706,6
110717,6
110727,6
110738,6
110748,6
110759,6
110770,6
110780,5
110791,6
110801,7
110812,6
110822,7
110833,6
110844,6
110854,6
110865,7
110875,6
110886,6
110896,6
110907,6
110918,5
110928,5
110939,6
110949,6
110960,6
110971,6
110981,6
110992,7
111002,6
111013,6
111023,6
111034,6
111045,6
111055,6
111066,6
111076,6
111087,6
111098,6
111108,6
111119,6
111129,6
111140,5
111150,6
111161,6
111172,6
111182,6
111193,6
111203,6
111214,6
111225,5
111235,6
111246,6
111257,7
111267,6
111278,6
111288,6
111299,5
111310,5
111320,6
111331,6
111341,6
111352,6
111363,5
111373,6
111384,5
111394,5
111405,6
111416,6
111426,6
111437,6
111447,6
111458,6
111468,6
111479,6
111490,5
111500,5
111511,5
111521,6
111532,6
111542,6
111553,5
111564,5
111574,5
111585,6
111595,5
111606,5
111617,5
111627,5
111638,5
111648,5
111659,6
111669,6
111680,5
111691,5
111701,6
111712,5
111722,5
111733,5
111744,5
111754,5
111765,5
111775,5
111786,5
111796,5
111807,5
111818,5
111828,5
111839,5
111849,5
111860,5
111871,5
111881,5
111892,5
111903,5
111913,5
111924,5
111934,5
111945,5
111956,5
111966,5
111977,5
111987,5
111998,5
112008,5
112019,5
112030,5
112040,5
112051,5
112061,5
112072,5
112083,5
112093,5
112104,5
112114,5
112125,5
112135,5
112146,5
112156,5
112167,5
112178,6
112188,5
112199,5
112209,5
112220,5
112231,5
112241,5
112252,4
112262,5
112273,5
112283,5
112294,5
112305,5
112315,5
112326,5
112336,4
112347,5
112358,5
112368,5
112379,4
112389,5
112400,5
112410,5
112421,5
112432,5
112442,5
112453,5
112463,-3
112474,4
112485,5
112495,5
112506,5
112516,4
112527,5
112537,5
112548,5
112559,5
112569,4
112580,4
112590,4
112601,5
112611,4
112622,8
112633,8
112643,5
112654,4
112664,4
112675,4
112686,4
112696,4
112707,4
112717,5
112728,4
112738,4
112749,4
112760,4
112770,4
112781,4
112791,4
112802,4
112813,4
112823,4
112834,4
112844,4
112855,4
112865,4
112876,4
112887,4
112897,4
112908,5
112918,4
112929,4
112940,4
112950,4
112961,4
112972,4
112982,5
112993,5
113003,4
113014,4
113025,4
113035,4
113046,4
113056,4
113067,4
113078,4
113088,4
113099,3
113109,4
113120,4
113131,4
113141,4
113152,4
113162,3
113173,4
113183,4
113194,4
113205,4
113215,3
113226,4
113236,4
113247,4
113257,4
113268,4
113279,4
113289,4
113300,4
113310,4
113321,4
113332,5
113342,4
113353,3
113363,3
113374,3
113384,4
113395,3
113406,4
113416,4
113427,3
113437,3
113448,3
113459,4
113469,4
113480,3
113490,4
113501,3
113511,3
113522,3
113533,3
113543,3
113554,4
113564,3
113575,3
113586,3
113596,4
113607,3
113618,4
113628,3
113639,3
113649,3
113660,3
113671,3
113681,3
113692,4
113702,4
113713,3
113723,3
113734,3
113745,3
113755,4
113766,4
113776,4
113787,3
113798,3
113808,3
113819,3
113829,4
113840,4
113850,3
113861,3
113871,3
113882,3
113893,3
113903,3
113914,3
113924,4
113935,3
113946,3
113956,3
113967,3
113977,3
113988,3
113998,3
114009,3
114020,3
114030,3
114041,3
114051,3
114062,3
114073,3
114083,3
114094,3
114104,3
114115,3
114125,3
114136,3
114147,3
114157,3
114168,3
114178,2
114189,3
114200,3
114210,3
114221,3
114231,3
114242,3
114252,3
114263,3
114274,3
114284,2
114295,3
114305,3
114316,2
114326,3
114337,3
114348,3
114358,3
114369,2
114379,3
114390,2
114401,3
114411,3
114422,2
114432,2
114443,2
114453,2
114464,3
114475,2
114485,3
114496,3
114506,2
114517,2
114528,2
114538,3
114549,2
114559,2
114570,2
114580,2
114591,2
114602,2
114612,1
114623,2
114633,3
114644,2
114655,2
114665,2
114676,2
114687,2
114697,2
114708,2
114718,2
114729,2
114740,2
114750,3
114761,2
114771,2
114782,2
114792,2
114803,2
114814,2
114824,2
114835,2
114845,2
114856,2
114867,2
114877,2
114888,2
114898,2
114909,2
114919,2
114930,2
114940,2
114951,1
114962,3
114972,2
114983,2
114993,2
115004,2
115015,2
115025,2
115036,2
115046,2
115057,3
115067,2
115078,2
115089,2
115099,2
115110,2
115120,2
115131,2
115142,95
115152,95
115163,90
115173,85
115184,81
115194,73
115205,65
115216,60
115226,57
115237,56
115247,57
115258,58
115269,60
115279,60
115290,58
115300,59
115311,60
115321,60
115332,60
115343,60
115353,59
115364,62
115374,65
115385,68
115395,68
115406,69
115417,75
115427,69
115438,70
115448,69
115459,69
115470,69
115480,70
115491,70
115501,70
115512,70
115522,70
115533,70
115544,71
115554,70
115565,74
115575,70
115586,71
115597,71
115607,71
115618,71
115628,70
115639,70
115649,71
115660,72
115671,70
115681,71
115692,71
115702,70
115713,71
115723,70
115734,70
115745,70
115755,70
115766,70
115776,70
115787,70
115797,71
115808,71
115819,71
115829,71
115840,71
115850,70
115861,70
115872,70
115882,71
115893,70
115903,71
115914,71
115924,70
115935,71
115946,70
115956,70
115967,70
115977,71
115988,71
115999,71
116009,70
116020,71
116031,70
116041,70
116052,70
116062,70
116073,70
116084,71
116094,71
116105,71
116115,70
116126,70
116136,70
116147,71
116157,70
116168,70
116179,71
116189,71
116200,71
116210,70
116221,70
116232,71
116242,71
116253,71
116263,71
116274,70
116284,70
116295,70
116305,70
116316,70
116327,71
116337,71
116348,71
116358,71
116369,70
116379,70
116390,71
116401,70
116411,70
116422,70
116432,70
116443,70
116453,71
116464,70
116474,70
116485,71
116496,71
116506,72
116517,70
116527,70
116538,70
116549,71
116559,71
116570,71
116580,71
116591,70
116601,71
116612,71
116623,71
116633,71
116644,71
116654,71
116665,70
116676,70
116686,70
116697,71
116707,70
116718,70
116728,71
116739,70
116750,71
116760,70
116771,70
116781,71
116792,70
116802,70
116813,70
116824,70
116834,70
116845,70
116855,70
116866,70
116876,71
116887,70
116897,56
116908,71
116919,71
116929,70
116940,71
116950,70
116961,71
116972,70
116982,70
116993,70
117003,71
117014,71
117024,71
117035,71
117046,70
117056,70
117067,70
117077,70
117088,70
117099,70
117109,70
117120,71
117130,70
117141,70
117151,70
117162,71
117173,70
117183,71
117194,70
117204,70
117215,70
117225,71
117236,70
117247,70
117257,70
117268,71
117278,71
117289,70
117299,70
117310,70
117320,70
117331,71
117342,70
117352,71
117363,71
117373,70
117384,70
117394,70
117405,71
117416,70
117426,70
117437,72
117448,70
117458,70
117469,70
117479,70
117490,70
117501,70
117511,70
117522,71
117532,70
117543,70
117553,70
117564,70
117574,70
117585,71
117596,70
117606,71
117617,71
117627,70
117638,70
117648,71
117659,70
117670,70
117680,70
117691,71
117701,71
117712,71
117722,70
117733,70
117744,70
117754,70
117765,71
117775,70
117786,70
117796,70
117807,70
117818,70
117828,70
117839,71
117849,69
117860,70
117870,71
117881,70
117892,71
117902,70
117913,70
117923,71
117934,70
117944,70
117955,70
117966,70
117976,72
117987,72
117997,70
118008,70
118018,71
118029,70
118040,70
118050,70
118061,70
118071,70
118082,70
118093,70
118103,70
118114,70
118124,70
118135,70
118145,71
118156,70
118167,70
118177,71
118188,70
118198,70
118209,70
118219,70
118230,71
118241,71
118251,71
118262,70
118272,70
118283,70
118293,70
118304,70
118315,71
118325,70
118336,71
118346,71
118357,70
118367,70
118378,71
118389,70
118399,70
118410,70
118420,71
118431,70
118441,70
118452,70
118463,70
118473,70
118484,71
118494,70
118505,70
118516,70
118526,70
118537,71
118547,71
118558,71
118568,71
118579,70
118590,70
118600,77
118611,70
118621,69
118632,70
118643,70
118653,70
118664,70
118674,70
118685,70
118695,71
118706,70
118716,70
118727,70
118738,70
118748,70
118759,70
118769,70
118780,70
118790,70
118801,71
118812,71
118822,71
118833,70
118843,69
118854,69
118864,70
118875,70
118885,71
118896,69
118907,70
118917,71
118928,70
118938,70
118949,70
118960,70
118970,70
118981,70
118991,70
119002,70
119012,70
119023,70
119034,71
119044,70
119055,71
119065,70
119076,70
119087,71
119097,67
119108,70
119118,69
119129,70
119139,71
119150,71
119161,70
119171,71
119182,70
119192,70
119203,71
119213,70
119224,70
119235,71
119245,70
119256,70
119266,70
119277,70
119287,70
119298,70
119309,70
119319,70
119330,70
119340,71
119351,70
119362,71
119372,71
119383,70
119393,72
119404,72
119414,70
119425,70
119436,70
119446,70
119457,71
119467,69
119478,71
119489,70
119499,70
119510,70
119520,71
119531,71
119541,70
119552,70
119562,70
119573,69
119584,70
119594,70
119605,71
119615,70
119626,70
119636,71
119647,71
119658,71
119668,70
119679,70
119689,71
119700,70
119710,70
119721,71
119732,70
119742,71
119753,70
119763,70
119774,71
119785,70
119795,70
119806,70
119816,71
119827,71
119837,71
119848,70
119859,70
119869,70
119880,70
119890,71
119901,70
119912,71
119922,71
119933,70
119943,70
119954,71
119964,70
119975,70
119985,71
119996,70
120007,71
120017,70
120028,70
120038,70
120049,71
120060,71
120070,71
120081,70
120091,70
120102,70
120113,70
120123,70
120134,71
120144,-22
120155,-22
120166,0
120176,-1
120187,28
120197,28
120208,27
120218,17
120229,1
120239,-10
120250,-11
120261,0
120271,10
120282,23
120292,23
120303,20
120314,3
120324,3
120335,-4
120345,-5
120356,0
120366,6
120377,11
120388,14
120398,11
120409,11
120419,6
120430,8
120440,11
120451,10
120462,10
120472,10
120483,10
120493,10
120504,10
120515,10
120525,10
120536,9
120546,9
120557,9
120567,10
120578,9
120589,10
120599,10
120610,9
120620,10
120631,10
120642,9
120652,10
120663,10
120673,9
120684,10
120694,10
120705,10
120716,10
120726,10
120737,10
120747,9
120758,10
120768,10
120779,9
120790,10
120800,9
120811,9
120821,10
120832,9
120842,9
120853,9
120864,9
120874,10
120885,10
120895,10
120906,10
120917,10
120927,10
120938,10
120948,10
120959,10
120969,10
120980,9
120991,10
121001,9
121012,9
121022,9
121033,10
121043,10
121054,10
121065,9
121075,10
121086,9
121096,9
121107,9
121118,9
121128,9
121139,9
121149,10
121160,9
121171,10
121181,10
121192,10
121202,10
121213,10
121223,9
121234,10
121245,9
121255,9
121266,9
121276,10
121287,9
121298,9
121308,9
121319,9
121329,9
121340,9
121351,9
121361,9
121372,9
121382,9
121393,9
121404,10
121414,10
121425,9
121435,8
121446,9
121456,9
121467,9
121477,9
121488,9
121499,9
121509,9
121520,9
121530,9
121541,8
121552,10
121562,10
121573,9
121583,9
121594,9
121604,9
121615,9
121626,10
121636,9
121647,9
121657,9
121668,9
121679,9
121689,9
121700,9
121710,9
121721,9
121731,9
121742,9
121753,9
121763,9
121774,9
121784,8
121795,9
121806,9
121816,9
121827,9
121837,9
121848,9
121858,8
121869,9
121880,8
121890,9
121901,9
121911,9
121922,9
121932,9
121943,9
121954,9
121964,9
121975,9
121985,9
121996,9
122007,9
122017,9
122028,9
122038,9
122049,9
122059,9
122070,9
122081,9
122091,9
122102,9
122112,9
122123,9
122134,9
122144,9
122155,9
122165,9
122176,8
122186,9
122197,9
122208,9
122218,9
122229,9
122239,9
122250,9
122261,9
122271,9
122282,9
122292,9
122303,9
122313,10
122324,9
122335,9
122345,9
122356,8
122366,9
122377,9
122388,9
122398,9
122409,9
122419,9
122430,7
122440,9
122451,9
122462,9
122472,9
122483,8
122493,8
122504,9
122515,8
122525,8
122536,8
122546,8
122557,9
122567,8
122578,9
122589,9
122599,9
122610,9
122620,9
122631,8
122642,8
122652,9
122663,9
122673,9
122684,8
122694,9
122705,8
122716,9
122726,9
122737,9
122747,9
122758,9
122769,9
122779,9
122790,8
122800,9
122811,9
122821,9
122832,8
122843,9
122853,9
122864,9
122874,8
122885,9
122896,8
122906,8
122917,9
122927,9
122938,9
122948,8
122959,9
122969,9
122980,9
122991,9
123001,9
123012,9
123022,9
123033,9
123044,9
123054,9
123065,8
123075,8
123086,8
123096,8
123107,9
123117,9
123128,9
123139,9
123149,9
123160,9
123170,9
123181,7
123192,9
123202,9
123213,8
123223,8
123234,9
123244,8
123255,9
123266,8
123276,9
123287,9
123297,9
123308,9
123319,9
123329,9
123340,8
123350,8
123361,8
123371,9
123382,9
123392,8
123403,8
123414,8
123424,8
123435,9
123445,9
123456,8
123467,8
123477,8
123488,8
123498,9
123509,8
123519,9
123530,8
123541,8
123551,8
123562,8
123572,9
123583,9
123594,8
123604,8
123615,8
123625,8
123636,9
123646,8
123657,8
123668,9
123678,7
123689,9
123699,8
123710,9
123720,8
123731,8
123742,9
123752,8
123763,8
123773,8
123784,9
123795,9
123805,7
123816,8
123826,8
123837,8
123848,8
123858,8
123869,8
123879,8
123890,8
123901,8
123911,8
123922,8
123932,8
123943,8
123953,8
123964,8
123975,14
123985,8
123996,8
124006,8
124017,8
124028,8
124038,8
124049,8
124060,8
124070,8
124081,8
124091,8
124102,8
124113,8
124123,8
124134,8
124144,8
124155,8
124165,8
124176,8
124186,8
124197,8
124208,8
124218,10
124229,10
124239,8
124250,8
124261,8
124271,8
124282,8
124292,8
124303,8
124313,7
124324,8
124335,8
124345,8
124356,8
124366,8
124377,8
124388,8
124398,8
124409,8
124419,8
124430,8
124440,8
124451,9
124461,8
124472,8
124483,8
124493,8
124504,8
124514,8
124525,8
124536,8
124546,8
124557,8
124567,8
124578,8
124588,7
124599,8
124609,8
124620,8
124631,8
124641,4
124652,4
124662,8
124673,8
124684,8
124694,8
124705,8
124715,8
124726,8
124736,7
124747,8
124758,8
124768,8
124779,8
124789,8
124800,8
124811,8
124821,8
124832,8
124842,8
124853,8
124863,8
124874,8
124885,8
124895,8
124906,8
124916,8
124927,8
124938,8
124948,8
124959,8
124969,8
124980,8
124990,8
125001,7
125012,8
125022,8
125033,7
125043,8
125054,8
125064,7
125075,7
125086,8
125096,8
125107,8
125117,7
125128,7
125139,7
125149,101
125160,101
125170,89
125181,89
125191,84
125202,76
125212,66
125223,61
125234,57
125244,57
125255,57
125265,59
125276,60
125287,62
125297,63
125308,63
125318,64
125329,63
125339,63
125350,66
125361,69
125371,70
125382,70
125392,71
125403,71
125413,71
125424,71
125435,70
125445,70
125456,70
125466,70
125477,71
125487,70
125498,70
125509,70
125519,70
125530,70
125540,70
125551,70
125562,70
125572,70
125583,70
125593,71
125604,71
125614,70
125625,70
125635,71
125646,70
125657,70
125667,70
125678,70
125688,70
125699,70
125710,76
125720,70
125731,70
125741,70
125752,70
125762,71
125773,70
125784,70
125794,70
125805,71
125815,70
125826,70
125836,70
125847,70
125858,70
125868,70
125879,71
125889,70
125900,70
125910,70
125921,70
125932,70
125942,70
125953,71
125963,70
125974,70
125985,70
125995,70
126006,70
126016,71
126027,70
126037,71
126048,71
126059,70
126069,70
126080,70
126090,70
126101,71
126112,70
126122,71
126133,70
126143,70
126154,70
126164,70
126175,70
126186,71
126196,70
126207,70
126217,70
126228,70
126239,70
126249,71
126260,70
126271,71
126281,70
126292,70
126302,71
126313,70
126324,70
126334,70
126345,70
126355,70
126366,70
126376,70
126387,71
126397,70
126408,70
126419,70
126429,70
126440,70
126450,70
126461,70
126472,70
126482,70
126493,70
126503,70
126514,70
